,channel_1,channel_2,channel_3,channel_4,channel_5,channel_6,channel_7
0,-0.033679,-0.1282,-0.11586,-0.032055,-0.23961,0.090722,0.1664
1,-0.0063954,-0.090521,-0.12463,-0.088896,-0.29125,0.10729,0.1625
2,-0.0028225,-0.055766,-0.12333,-0.13599,-0.35102,0.13847,0.14302
3,-0.028482,-0.039201,-0.11748,-0.15061,-0.41663,0.2161,0.11183
4,-0.074605,-0.039851,-0.10774,-0.12885,-0.48094,0.35447,0.075131
5,-0.123,-0.04927,-0.098641,-0.088247,-0.52771,0.51654,0.030633
6,-0.15905,-0.059989,-0.094418,-0.060638,-0.55467,0.60782,-0.036278
7,-0.17627,-0.06551,-0.096367,-0.062587,-0.55987,0.53214,-0.13372
8,-0.17172,-0.05804,-0.09929,-0.087922,-0.52544,0.2554,-0.24286
9,-0.14574,-0.034654,-0.096367,-0.12105,-0.43254,-0.16977,-0.33932
10,-0.10579,-0.00054884,-0.084024,-0.14281,-0.28476,-0.63522,-0.40721
11,-0.06616,0.040702,-0.058365,-0.14216,-0.13534,-1.0468,-0.44456
12,-0.039526,0.08585,-0.022636,-0.12105,-0.067784,-1.3618,-0.45755
13,-0.025234,0.12807,0.018615,-0.087272,-0.1217,-1.584,-0.44976
14,-0.016464,0.16185,0.055643,-0.04992,-0.25812,-1.7211,-0.4176
15,-0.010293,0.17452,0.079354,-0.016789,-0.38902,-1.7506,-0.34809
16,-0.0057458,0.15568,0.092671,0.0065969,-0.4176,-1.6402,-0.23603
17,-0.0073698,0.11183,0.10177,0.026735,-0.28346,-1.3618,-0.092469
18,-0.0076946,0.064737,0.11866,0.061489,-0.0054209,-0.92365,0.061165
19,0.00075039,0.038103,0.14399,0.12093,0.2999,-0.39292,0.2057
20,0.028684,0.037129,0.17127,0.2096,0.50095,0.10826,0.32296
21,0.075131,0.052395,0.19044,0.32556,0.52661,0.46198,0.39669
22,0.1271,0.062464,0.19531,0.44476,0.39539,0.60717,0.41845
23,0.16153,0.051096,0.18037,0.52239,0.18849,0.54805,0.39149
24,0.1625,0.016341,0.14756,0.52954,0.00010078,0.34829,0.32946
25,0.1219,-0.029457,0.10209,0.46035,-0.090845,0.094295,0.2476
26,0.052395,-0.073631,0.055318,0.33952,-0.063561,-0.13892,0.15763
27,-0.025234,-0.10514,0.019914,0.21123,0.03518,-0.30327,0.071883
28,-0.093119,-0.123,0.0059473,0.12093,0.13392,-0.37018,-0.0021729
29,-0.13794,-0.1295,0.01764,0.097868,0.1729,-0.32503,-0.056741
30,-0.15646,-0.12365,0.047523,0.14009,0.16056,-0.17432,-0.092794
31,-0.15808,-0.11098,0.07708,0.19986,0.14919,0.050771,-0.12527
32,-0.15678,-0.10221,0.0865,0.2135,0.18102,0.29795,-0.17205
33,-0.15873,-0.10059,0.071234,0.15179,0.24468,0.50485,-0.23409
34,-0.16133,-0.10221,0.042326,0.03583,0.28171,0.62211,-0.30262
35,-0.16393,-0.098316,0.016016,-0.0837,0.22877,0.61139,-0.36726
36,-0.16912,-0.090196,0.0020496,-0.16263,0.067336,0.47529,-0.4215
37,-0.17952,-0.08305,0.0017248,-0.18796,-0.1636,0.25345,-0.4582
38,-0.19446,-0.080451,0.010819,-0.16977,-0.38804,0.014068,-0.47119
39,-0.20323,-0.078503,0.026735,-0.12917,-0.53161,-0.1714,-0.45366
40,-0.19251,-0.067784,0.048822,-0.086623,-0.54428,-0.25292,-0.39616
41,-0.15905,-0.046671,0.070909,-0.046022,-0.42507,-0.22564,-0.30554
42,-0.11033,-0.023935,0.088124,-0.0031473,-0.22954,-0.12982,-0.19381
43,-0.057715,-0.011917,0.095919,0.050121,-0.053492,-0.030106,-0.088247
44,-0.0093186,-0.010293,0.098193,0.11508,-0.0057458,0.0059473,-0.008669
45,0.031282,-0.015165,0.097218,0.17842,-0.161,-0.052843,0.044275
46,0.058891,-0.021337,0.095919,0.2161,-0.50627,-0.18277,0.078704
47,0.078379,-0.024585,0.093321,0.21415,-0.93697,-0.32503,0.10014
48,0.09397,-0.018738,0.090397,0.1755,-1.303,-0.42247,0.11768
49,0.10631,-0.0041217,0.090397,0.11703,-1.4687,-0.428,0.13197
50,0.11411,0.01894,0.092346,0.061489,-1.3615,-0.31821,0.14334
51,0.11995,0.0433,0.09462,0.025436,-1.0139,-0.10741,0.15406
52,0.12385,0.063113,0.096893,0.0062721,-0.56766,0.15763,0.16575
53,0.12288,0.071558,0.097543,-0.0021729,-0.19154,0.42138,0.17842
54,0.11931,0.067986,0.093321,-0.0021729,0.0020496,0.62503,0.19044
55,0.11151,0.055643,0.083901,0.0049729,0.014392,0.72182,0.19499
56,0.10404,0.038428,0.066362,0.016991,-0.076879,0.69259,0.18037
57,0.097868,0.025111,0.047847,0.030633,-0.17887,0.56689,0.14724
58,0.097868,0.022837,0.038103,0.042975,-0.20485,0.41553,0.10956
59,0.10371,0.032257,0.038428,0.054344,-0.085973,0.30022,0.07773
60,0.10859,0.048822,0.041351,0.059865,0.20148,0.24858,0.053694
61,0.10242,0.066037,0.041351,0.059541,0.62406,0.26579,0.035505
62,0.086175,0.078379,0.03583,0.058241,1.0788,0.34927,0.025111
63,0.067011,0.078704,0.026085,0.059541,1.4094,0.47399,0.031282
64,0.049472,0.065387,0.015042,0.066686,1.4764,0.5971,0.059216
65,0.038753,0.042975,0.0043233,0.074806,1.2334,0.67115,0.099492
66,0.035505,0.023162,-0.0034721,0.07773,0.75658,0.67213,0.14269
67,0.040052,0.012443,-0.0054209,0.074157,0.21155,0.62438,0.18622
68,0.05272,0.014392,-0.0024977,0.066037,-0.20485,0.58183,0.22552
69,0.070584,0.028359,0.0039985,0.063438,-0.36173,0.58118,0.2528
70,0.083251,0.046548,0.0069217,0.065712,-0.26981,0.60749,0.25702
71,0.080328,0.06084,0.00075039,0.06084,-0.062262,0.60587,0.22909
72,0.059541,0.066362,-0.016464,0.033881,0.10631,0.52661,0.17095
73,0.023812,0.063763,-0.044398,-0.017764,0.14951,0.36876,0.098193
74,-0.018088,0.048497,-0.079802,-0.0837,0.073507,0.19531,0.028359
75,-0.056416,0.024786,-0.12008,-0.14541,-0.053817,0.088448,-0.021661
76,-0.080776,-0.0011985,-0.16133,-0.19251,-0.14444,0.084876,-0.045047
77,-0.090521,-0.019388,-0.19738,-0.21817,-0.13924,0.1638,-0.047321
78,-0.089221,-0.027833,-0.2159,-0.21817,-0.056741,0.26937,-0.043748
79,-0.084674,-0.028157,-0.21037,-0.19446,0.029658,0.35934,-0.043423
80,-0.073306,-0.019063,-0.18082,-0.15321,0.052395,0.4269,-0.036278
81,-0.054467,0.0052977,-0.13242,-0.10189,-0.0011985,0.48017,-0.014516
82,-0.028482,0.044599,-0.078503,-0.050244,-0.065186,0.52954,0.021863
83,0.0039985,0.094295,-0.03238,-0.0099683,-0.021337,0.58118,0.068635
84,0.044599,0.14399,-0.0050961,0.012443,0.2109,0.63023,0.11963
85,0.089098,0.17874,0.00042559,0.016016,0.5997,0.65621,0.16445
86,0.13132,0.18719,-0.007045,0.0059473,0.99596,0.63737,0.19174
87,0.16478,0.16998,-0.01614,-0.0034721,1.2454,0.55,0.19888
88,0.18232,0.13814,-0.018413,-0.0044465,1.2815,0.38727,0.18784
89,0.17939,0.098193,-0.012892,0.0017248,1.1373,0.16185,0.16218
90,0.15146,0.058241,-0.0054209,0.0043233,0.88553,-0.10838,0.1219
91,0.099492,0.023812,-0.0044465,-0.0063954,0.59352,-0.40656,0.066686
92,0.033231,-0.007045,-0.016464,-0.029132,0.31094,-0.70895,0.0026992
93,-0.03173,-0.035628,-0.037577,-0.059014,0.066362,-0.97367,-0.056416
94,-0.082076,-0.064536,-0.065835,-0.087597,-0.1282,-1.1332,-0.093444
95,-0.10968,-0.092794,-0.089221,-0.10709,-0.25877,-1.1247,-0.092145
96,-0.11553,-0.12105,-0.096692,-0.10709,-0.32601,-0.92528,-0.047971
97,-0.10481,-0.14346,-0.084999,-0.088247,-0.34322,-0.55857,0.030633
98,-0.085324,-0.15386,-0.058365,-0.05804,-0.32438,-0.081426,0.12775
99,-0.059339,-0.13534,-0.022311,-0.022311,-0.26527,0.42657,0.22812
100,-0.023285,-0.078178,0.016341,0.014068,-0.15353,0.88585,0.31679
101,0.014392,0.00075039,0.050446,0.039078,0.0069217,1.2168,0.37006
102,0.03583,0.064413,0.067661,0.039078,0.20603,1.3617,0.35901
103,0.032582,0.076431,0.056942,0.0095202,0.44216,1.3094,0.27456
104,0.0062721,0.023162,0.021538,-0.045697,0.70104,1.0989,0.13684
105,-0.026858,-0.076554,-0.032705,-0.11293,0.94334,0.79848,-0.017764
106,-0.053168,-0.17789,-0.087597,-0.17594,1.1113,0.48017,-0.14899
107,-0.063886,-0.23279,-0.11975,-0.21849,1.1616,0.20116,-0.22856
108,-0.056091,-0.21785,-0.11586,-0.23279,1.0781,-0.018413,-0.25682
109,-0.036602,-0.13892,-0.080451,-0.22726,0.85857,-0.20843,-0.26884
110,-0.020687,-0.026533,-0.028807,-0.21232,0.50063,-0.42377,-0.31301
111,-0.013541,0.082927,0.021213,-0.18666,0.016666,-0.71188,-0.42312
112,-0.007045,0.16738,0.062789,-0.13404,-0.53616,-1.0753,-0.58033
113,0.020239,0.22422,0.10306,-0.032055,-1.0448,-1.4748,-0.7161
114,0.083251,0.26677,0.15666,0.12743,-1.3901,-1.8487,-0.75865
115,0.17225,0.31354,0.22747,0.32653,-1.495,-2.1323,-0.67452
116,0.26677,0.37103,0.30964,0.51947,-1.3878,-2.2732,-0.48776
117,0.35024,0.43145,0.38305,0.65621,-1.201,-2.268,-0.26039
118,0.41066,0.47594,0.42722,0.69551,-1.0877,-2.156,-0.064536
119,0.44086,0.48374,0.42592,0.6273,-1.1176,-1.9877,0.055318
120,0.43827,0.45061,0.37915,0.47627,-1.2605,-1.7997,0.10209
121,0.40611,0.38467,0.30217,0.30315,-1.4222,-1.5999,0.10469
122,0.35382,0.30997,0.22454,0.16575,-1.4914,-1.381,0.098517
123,0.29243,0.2476,0.16965,0.082602,-1.3849,-1.1276,0.10274
124,0.22584,0.20083,0.13879,0.029009,-1.0994,-0.84732,0.11963
125,0.16023,0.15568,0.12125,-0.032705,-0.71285,-0.56831,0.13977
126,0.10664,0.092996,0.10664,-0.12592,-0.35426,-0.32243,0.15633
127,0.074806,0.014068,0.089748,-0.24058,-0.10903,-0.1178,0.1651
128,0.070259,-0.060313,0.070584,-0.32893,0.041351,0.080003,0.16965
129,0.089423,-0.10774,0.057917,-0.3299,0.19628,0.33043,0.1781
130,0.11606,-0.11975,0.053044,-0.19803,0.42885,0.65264,0.19596
131,0.12613,-0.11131,0.053369,0.054668,0.71208,0.99629,0.21123
132,0.098517,-0.095068,0.05142,0.35122,0.94464,1.2672,0.20895
133,0.032582,-0.085973,0.041351,0.5867,1.0349,1.3809,0.18264
134,-0.055766,-0.087597,0.024461,0.69486,0.95633,1.2987,0.14139
135,-0.14281,-0.097666,0.0091954,0.66953,0.7647,1.0483,0.10306
136,-0.19738,-0.11066,-0.00054884,0.55227,0.54935,0.71273,0.0852
137,-0.21167,-0.11618,-0.0047713,0.40059,0.37525,0.38565,0.094945
138,-0.19251,-0.11163,-0.0096434,0.2567,0.24533,0.13425,0.11833
139,-0.15678,-0.097991,-0.01484,0.14269,0.12775,-0.022311,0.13132
140,-0.12008,-0.080776,-0.020362,0.063438,-0.0050961,-0.10676,0.11703
141,-0.092469,-0.065835,-0.025234,0.013743,-0.15938,-0.15841,0.072533
142,-0.072006,-0.051544,-0.029132,-0.021337,-0.31529,-0.20713,0.014392
143,-0.051868,-0.03303,-0.029457,-0.050894,-0.43741,-0.25747,-0.035953
144,-0.029782,-0.0080194,-0.032055,-0.077528,-0.49101,-0.29515,-0.064861
145,-0.0076946,0.012119,-0.041475,-0.10416,-0.45203,-0.29807,-0.073955
146,0.0056225,0.015042,-0.056416,-0.12787,-0.32925,-0.2487,-0.072981
147,0.00042559,-0.0057458,-0.079152,-0.15029,-0.15321,-0.15093,-0.07428
148,-0.027833,-0.046996,-0.10546,-0.174,0.031282,-0.031081,-0.085324
149,-0.072331,-0.095393,-0.13372,-0.20128,0.16673,0.080328,-0.10611
150,-0.11845,-0.13307,-0.16393,-0.23831,0.20668,0.17225,-0.12917
151,-0.15516,-0.14866,-0.19121,-0.288,0.15731,0.24988,-0.14769
152,-0.1753,-0.14152,-0.21232,-0.34777,0.072858,0.32523,-0.16393
153,-0.17789,-0.11391,-0.22726,-0.40851,0.015692,0.40936,-0.17465
154,-0.16263,-0.07493,-0.23766,-0.45723,0.0036737,0.50583,-0.1714
155,-0.13307,-0.034654,-0.24188,-0.47867,0.016991,0.60749,-0.14346
156,-0.094743,-0.0083442,-0.24513,-0.46275,0.041027,0.68869,-0.094743
157,-0.056741,-0.0021729,-0.24383,-0.40851,0.092346,0.71533,-0.037577
158,-0.022636,-0.010618,-0.22921,-0.32048,0.20765,0.66855,0.020888
159,0.0065969,-0.018088,-0.19836,-0.21102,0.40838,0.57306,0.077405
160,0.032257,-0.011592,-0.15093,-0.098965,0.6757,0.47399,0.1349
161,0.058566,0.017316,-0.094743,-0.0037969,0.94562,0.4152,0.20018
162,0.092671,0.062789,-0.035628,0.067336,1.1204,0.39117,0.26937
163,0.13457,0.10956,0.015042,0.11411,1.0843,0.34635,0.32134
164,0.16803,0.13912,0.047847,0.1323,0.76567,0.20603,0.33303
165,0.16705,0.14302,0.058566,0.12645,0.20863,-0.059014,0.29048
166,0.12483,0.12288,0.050446,0.10924,-0.40688,-0.39064,0.20603
167,0.055318,0.09397,0.035505,0.099492,-0.86129,-0.68752,0.11801
168,-0.013541,0.075781,0.029983,0.11021,-1.0169,-0.87915,0.055968
169,-0.054792,0.082602,0.040702,0.13457,-0.88662,-0.94346,0.031607
170,-0.055116,0.11183,0.057592,0.15698,-0.61573,-0.89734,0.040377
171,-0.021337,0.15471,0.064413,0.15568,-0.39324,-0.77846,0.06961
172,0.023487,0.19596,0.051096,0.11703,-0.33023,-0.6245,0.10014
173,0.065387,0.22617,0.022512,0.052395,-0.41728,-0.45333,0.1206
174,0.10209,0.24046,-0.0076946,-0.0044465,-0.55987,-0.25975,0.13879
175,0.1297,0.24208,-0.02426,-0.028157,-0.65569,-0.027833,0.16705
176,0.14302,0.22974,-0.019712,-0.010943,-0.6664,0.23494,0.20343
177,0.13522,0.20083,0.00075039,0.028359,-0.61573,0.48569,0.22974
178,0.10177,0.15211,0.030633,0.070584,-0.56571,0.67797,0.22779
179,0.052395,0.091696,0.062464,0.11346,-0.53551,0.78484,0.19953
180,0.0043233,0.033556,0.092671,0.1625,-0.46957,0.8105,0.16998
181,-0.019063,-0.0060706,0.1206,0.21317,-0.29872,0.77801,0.16803
182,-0.0041217,-0.020362,0.14464,0.2489,-0.01549,0.71403,0.20538
183,0.046223,-0.012892,0.1625,0.25735,0.29633,0.64549,0.26872
184,0.10339,-0.0021729,0.16933,0.23656,0.51914,0.58508,0.32004
185,0.13717,-0.0037969,0.1625,0.19661,0.60002,0.53279,0.31484
186,0.13132,-0.025884,0.14204,0.15016,0.58638,0.49348,0.22357
187,0.086175,-0.064211,0.11281,0.10112,0.57241,0.47659,0.063763
188,0.020888,-0.10903,0.07773,0.059216,0.6273,0.49251,-0.11358
189,-0.037252,-0.14704,0.0433,0.029333,0.77542,0.5461,-0.24318
190,-0.067134,-0.17465,0.014717,0.009845,1.0301,0.62665,-0.27988
191,-0.064861,-0.18764,-0.0015233,0.0020496,1.3958,0.73157,-0.21622
192,-0.039851,-0.18861,0.0026992,0.0039985,1.8359,0.86311,-0.07493
193,-0.0080194,-0.18017,0.024137,0.01894,2.2906,1.0184,0.09397
194,0.026735,-0.15548,0.054019,0.044924,2.6872,1.1743,0.23916
195,0.061814,-0.10936,0.084226,0.074157,2.9237,1.2841,0.32556
196,0.097218,-0.041799,0.10891,0.096569,2.9006,1.2967,0.34959
197,0.12645,0.031607,0.1258,0.10404,2.5557,1.1681,0.31809
198,0.13555,0.092671,0.13392,0.087149,1.8843,0.87026,0.24111
199,0.11443,0.12645,0.13425,0.049147,0.94172,0.40708,0.13295
200,0.068635,0.12418,0.13132,0.003024,-0.1321,-0.1714,0.0091954
201,0.0091954,0.089098,0.12645,-0.039201,-1.1172,-0.77229,-0.11423
202,-0.051544,0.034855,0.11541,-0.076229,-1.8217,-1.293,-0.22207
203,-0.10384,-0.026533,0.095919,-0.11033,-2.1199,-1.6509,-0.30229
204,-0.14704,-0.085973,0.069285,-0.13372,-1.9744,-1.7977,-0.34614
205,-0.17205,-0.12592,0.039727,-0.13599,-1.4781,-1.7129,-0.34939
206,-0.1727,-0.13697,0.018615,-0.11261,-0.85122,-1.4105,-0.30912
207,-0.14996,-0.12105,0.015367,-0.062262,-0.31724,-0.94996,-0.22791
208,-0.11423,-0.087272,0.029009,0.010819,0.010495,-0.4202,-0.11326
209,-0.079802,-0.047321,0.051096,0.089098,0.14302,0.068635,0.012768
210,-0.056091,-0.01484,0.071234,0.14789,0.13717,0.43859,0.12483
211,-0.043748,0.0052977,0.081627,0.17095,0.042651,0.67245,0.2122
212,-0.033679,0.019264,0.081952,0.15503,-0.087922,0.79588,0.27651
213,-0.01549,0.040702,0.076755,0.11183,-0.19446,0.85889,0.33238
214,0.020888,0.07773,0.071883,0.062789,-0.24513,0.90242,0.39279
215,0.075131,0.12807,0.073832,0.030633,-0.2539,0.95341,0.46198
216,0.14074,0.18524,0.085525,0.025436,-0.26169,1.0333,0.53343
217,0.20635,0.24273,0.10696,0.040377,-0.29417,1.1587,0.59515
218,0.26742,0.29113,0.13327,0.059216,-0.35329,1.3247,0.63932
219,0.32231,0.32263,0.15926,0.06831,-0.42085,1.4835,0.65849
220,0.36389,0.33075,0.18037,0.071883,-0.45041,1.5692,0.63835
221,0.37623,0.31322,0.19044,0.07708,-0.39681,1.5299,0.56786
222,0.34959,0.27034,0.18264,0.084876,-0.24318,1.351,0.44184
223,0.28561,0.21512,0.15698,0.092996,-0.0050961,1.0554,0.27424
224,0.19888,0.1651,0.1232,0.092021,0.25183,0.68967,0.096569
225,0.11118,0.13132,0.084876,0.074157,0.44606,0.30639,-0.060638
226,0.03583,0.10599,0.045899,0.04395,0.51784,-0.048945,-0.18244
227,-0.025559,0.076431,0.0056225,0.014068,0.4623,-0.34517,-0.26787
228,-0.078178,0.03453,-0.034329,-0.0044465,0.32491,-0.57156,-0.3286
229,-0.123,-0.017439,-0.075255,-0.0047713,0.1768,-0.73851,-0.37992
230,-0.15938,-0.071682,-0.11748,0.011144,0.057592,-0.8759,-0.42702
231,-0.18959,-0.1178,-0.15808,0.024137,-0.046347,-1.0191,-0.46762
232,-0.21557,-0.14834,-0.19511,0.015692,-0.16198,-1.1919,-0.50433
233,-0.23538,-0.16035,-0.23214,-0.019712,-0.29125,-1.3833,-0.54005
234,-0.2435,-0.15386,-0.26267,-0.064211,-0.3822,-1.5268,-0.56604
235,-0.23019,-0.12657,-0.27858,-0.10221,-0.37083,-1.5349,-0.56052
236,-0.19089,-0.080127,-0.27339,-0.13307,-0.23798,-1.3719,-0.51082
237,-0.13112,-0.020037,-0.24383,-0.15743,-0.021661,-1.0786,-0.42377
238,-0.059014,0.044924,-0.19348,-0.17367,0.2161,-0.73884,-0.31886
239,0.010495,0.10469,-0.13534,-0.1701,0.41715,-0.44001,-0.21492
240,0.055643,0.13425,-0.0837,-0.14022,0.53603,-0.2435,-0.13015
241,0.061165,0.10696,-0.048296,-0.095393,0.53116,-0.16523,-0.078827
242,0.025761,0.021213,-0.029132,-0.046671,0.37395,-0.19024,-0.065835
243,-0.030756,-0.089221,-0.02426,0.0017248,0.070584,-0.28443,-0.086948
244,-0.075255,-0.16588,-0.027833,0.04395,-0.32308,-0.40201,-0.12592
245,-0.080776,-0.17335,-0.036602,0.072858,-0.7174,-0.48971,-0.15905
246,-0.038227,-0.11358,-0.050569,0.078055,-1.0279,-0.5079,-0.16685
247,0.040052,-0.01549,-0.069408,0.059216,-1.2101,-0.45723,-0.14931
248,0.1297,0.0865,-0.089546,0.028034,-1.2715,-0.38155,-0.12495
249,0.20018,0.16315,-0.10481,0.0020496,-1.2569,-0.33055,-0.11651
250,0.23331,0.19823,-0.10936,-0.0057458,-1.2179,-0.3364,-0.13015
251,0.22097,0.18946,-0.10254,0.0072465,-1.1812,-0.42182,-0.15613
252,0.16738,0.14204,-0.0837,0.035505,-1.1299,-0.59852,-0.18601
253,0.092996,0.072208,-0.055766,0.06896,-1.0282,-0.84602,-0.21297
254,0.01829,0.00010078,-0.020037,0.10079,-0.85674,-1.114,-0.23376
255,-0.04115,-0.058365,0.01829,0.12515,-0.64724,-1.354,-0.25357
256,-0.084674,-0.10026,0.049796,0.1336,-0.47087,-1.5392,-0.28183
257,-0.12105,-0.13697,0.059865,0.11216,-0.37408,-1.6574,-0.33088
258,-0.16068,-0.17984,0.0433,0.05142,-0.36141,-1.6938,-0.39974
259,-0.21297,-0.22986,0.0062721,-0.044723,-0.40656,-1.6275,-0.47964
260,-0.27826,-0.27274,-0.034654,-0.15256,-0.47477,-1.4573,-0.55305
261,-0.34582,-0.29255,-0.060638,-0.23701,-0.52414,-1.2056,-0.60274
262,-0.39844,-0.27891,-0.057065,-0.27241,-0.51667,-0.90871,-0.61866
263,-0.4215,-0.22954,-0.020362,-0.25162,-0.4267,-0.60404,-0.59495
264,-0.41305,-0.15256,0.037129,-0.18147,-0.28281,-0.34647,-0.53583
265,-0.38382,-0.068109,0.094945,-0.082076,-0.15905,-0.18471,-0.45853
266,-0.34777,-0.00022403,0.1362,0.022837,-0.11033,-0.12852,-0.38512
267,-0.31236,0.034855,0.14821,0.11443,-0.1334,-0.15256,-0.33218
268,-0.28151,0.033231,0.13425,0.18816,-0.16977,-0.22564,-0.30522
269,-0.25715,0.0046481,0.10339,0.2463,-0.15288,-0.32666,-0.29547
270,-0.22759,-0.034329,0.073507,0.29048,-0.04115,-0.43612,-0.28248
271,-0.17432,-0.067784,0.055318,0.32393,0.16153,-0.50497,-0.23701
272,-0.092145,-0.083375,0.050121,0.34342,0.39961,-0.46892,-0.14444
273,0.0069217,-0.076879,0.054993,0.34017,0.59417,-0.28995,-0.0054209
274,0.10404,-0.050894,0.064088,0.30802,0.69194,0.018615,0.15926
275,0.18297,-0.010293,0.073182,0.24988,0.67603,0.39669,0.32263
276,0.24078,0.036804,0.082927,0.18232,0.57469,0.77347,0.4584
277,0.27619,0.080653,0.095919,0.12613,0.45516,1.1129,0.54838
278,0.29568,0.11801,0.10761,0.09397,0.38467,1.3877,0.58768
279,0.30087,0.14821,0.11508,0.0865,0.3746,1.5608,0.57956
280,0.29438,0.16705,0.11378,0.091696,0.36453,1.5956,0.52954
281,0.27976,0.17582,0.10566,0.10079,0.27067,1.4786,0.44996
282,0.26255,0.17907,0.096893,0.11183,0.04395,1.2454,0.35089
283,0.24728,0.18654,0.093321,0.12125,-0.28995,0.97517,0.2541
284,0.23331,0.20181,0.095594,0.11411,-0.64237,0.75041,0.18362
285,0.21707,0.21837,0.094295,0.06896,-0.93729,0.61431,0.1625
286,0.19563,0.22227,0.084226,-0.018088,-1.1208,0.56754,0.19596
287,0.1729,0.2044,0.061814,-0.1217,-1.1546,0.58378,0.26514
288,0.15016,0.1651,0.031607,-0.20583,-1.0338,0.62893,0.34277
289,0.12645,0.11411,0.0017248,-0.24286,-0.8051,0.6783,0.39929
290,0.098842,0.066362,-0.020687,-0.22012,-0.55629,0.7228,0.41748
291,0.070259,0.03518,-0.032055,-0.14801,-0.35946,0.76989,0.39929
292,0.05272,0.031607,-0.031081,-0.055766,-0.19836,0.82251,0.36356
293,0.061165,0.057592,-0.01549,0.030633,0.049472,0.88163,0.34082
294,0.10144,0.10599,0.015692,0.10112,0.50615,0.94691,0.35609
295,0.1664,0.1664,0.054019,0.15568,1.1564,1.0099,0.41326
296,0.24241,0.22584,0.084226,0.19174,1.8346,1.0583,0.49478
297,0.30639,0.26872,0.097543,0.20635,2.3183,1.0798,0.57533
298,0.3353,0.28756,0.094295,0.19661,2.4514,1.0541,0.63023
299,0.32458,0.28853,0.078704,0.16868,2.2221,0.97355,0.64874
300,0.28723,0.27814,0.061165,0.13295,1.7586,0.86864,0.6325
301,0.23786,0.25183,0.049147,0.10209,1.2198,0.78451,0.59287
302,0.19239,0.20343,0.050771,0.089748,0.73092,0.73676,0.53603
303,0.16218,0.13587,0.063113,0.10079,0.36194,0.69746,0.46523
304,0.14919,0.058891,0.081952,0.13457,0.13814,0.61594,0.38662
305,0.14626,-0.011917,0.097543,0.17874,0.059216,0.46133,0.31127
306,0.14367,-0.064861,0.10242,0.21577,0.099167,0.23818,0.25313
307,0.1323,-0.094743,0.097218,0.22552,0.21058,-0.017114,0.2148
308,0.10047,-0.10644,0.082277,0.19726,0.33758,-0.25845,0.18492
309,0.047847,-0.10871,0.055968,0.12937,0.4256,-0.45333,0.14009
310,-0.017114,-0.11586,0.016991,0.040702,0.43859,-0.5891,0.058241
311,-0.080451,-0.12982,-0.02426,-0.043423,0.36908,-0.66575,-0.058689
312,-0.12625,-0.13924,-0.055116,-0.10254,0.25053,-0.68914,-0.18894
313,-0.14411,-0.1334,-0.06616,-0.12722,0.13587,-0.65958,-0.28703
314,-0.13469,-0.10838,-0.059664,-0.11586,0.06961,-0.56214,-0.31464
315,-0.098641,-0.070058,-0.043748,-0.073955,0.073182,-0.39064,-0.25422
316,-0.043423,-0.027183,-0.024909,-0.010618,0.13132,-0.17854,-0.12917
317,0.014392,0.0085458,-0.0083442,0.05142,0.20181,0.013093,0.013418
318,0.059541,0.03583,-0.00022403,0.086824,0.23461,0.12645,0.1258
319,0.087799,0.056292,-0.0050961,0.078379,0.20148,0.1362,0.18264
320,0.10144,0.07708,-0.019712,0.03583,0.10599,0.053694,0.18979
321,0.11248,0.10144,-0.034004,-0.020687,-0.017114,-0.084999,0.16933
322,0.13067,0.13035,-0.040175,-0.062587,-0.13437,-0.23344,0.14237
323,0.15438,0.16121,-0.03238,-0.075904,-0.22337,-0.35491,0.11963
324,0.17582,0.18719,-0.012242,-0.060638,-0.27696,-0.43287,0.098193
325,0.18719,0.19758,0.010819,-0.028157,-0.30392,-0.46892,0.078704
326,0.18784,0.18654,0.025436,0.00010078,-0.31496,-0.47152,0.064413
327,0.17062,0.15633,0.028359,0.016341,-0.31529,-0.45041,0.058241
328,0.1362,0.11476,0.020239,0.01894,-0.30749,-0.41988,0.058241
329,0.084226,0.071234,0.0065969,0.0072465,-0.2958,-0.39292,0.055318
330,0.016341,0.028034,-0.010293,-0.010943,-0.28151,-0.3731,0.038753
331,-0.062262,-0.020362,-0.023285,-0.027833,-0.26267,-0.35134,0.0091954
332,-0.14054,-0.070382,-0.026533,-0.041475,-0.23344,-0.32016,-0.028157
333,-0.2055,-0.11358,-0.020362,-0.04862,-0.18829,-0.28248,-0.063237
334,-0.24773,-0.14379,-0.0096434,-0.046671,-0.12398,-0.24318,-0.085648
335,-0.25975,-0.15808,0.003024,-0.037902,-0.043748,-0.20453,-0.09117
336,-0.23961,-0.1623,0.016991,-0.021661,0.037778,-0.16718,-0.079802
337,-0.19413,-0.1623,0.032906,0.0078962,0.10599,-0.13697,-0.060638
338,-0.13892,-0.1623,0.048822,0.044924,0.15114,-0.1217,-0.041475
339,-0.089871,-0.16035,0.057267,0.068635,0.16315,-0.12268,-0.030106
340,-0.053168,-0.14801,0.050446,0.062139,0.13847,-0.12527,-0.03238
341,-0.018413,-0.11293,0.030957,0.01894,0.078379,-0.11293,-0.041475
342,0.024786,-0.046996,0.0049729,-0.051219,-0.011267,-0.081101,-0.047971
343,0.080328,0.046223,-0.016464,-0.12885,-0.11488,-0.038227,-0.042449
344,0.14269,0.14919,-0.022961,-0.18991,-0.20745,0.010495,-0.028482
345,0.19953,0.24273,-0.013866,-0.21817,-0.26851,0.047523,-0.021661
346,0.23851,0.31386,0.008221,-0.20908,-0.28833,0.058891,-0.034978
347,0.26742,0.36259,0.038753,-0.16945,-0.26202,0.04395,-0.06681
348,0.30282,0.39734,0.075456,-0.11228,-0.19706,0.023487,-0.094743
349,0.35576,0.43632,0.10859,-0.059014,-0.11066,0.025436,-0.10059
350,0.41553,0.47659,0.13132,-0.022961,-0.02361,0.055968,-0.0824
351,0.45775,0.49641,0.13782,-0.0050961,0.044275,0.10047,-0.053817
352,0.45288,0.47107,0.13035,-0.0018481,0.08585,0.14139,-0.034329
353,0.39279,0.39767,0.11118,-0.011267,0.10469,0.17874,-0.035303
354,0.29308,0.29762,0.08585,-0.025559,0.10664,0.22227,-0.053817
355,0.18394,0.19304,0.059865,-0.040175,0.10112,0.27261,-0.088572
356,0.091696,0.096244,0.037778,-0.048945,0.095594,0.31451,-0.13015
357,0.029009,0.013093,0.02706,-0.045047,0.080978,0.33725,-0.15711
358,-0.00022403,-0.050569,0.031932,-0.014516,0.031932,0.34147,-0.14476
359,0.00010078,-0.091495,0.047523,0.04395,-0.064211,0.33335,-0.090845
360,0.011144,-0.10579,0.067011,0.11476,-0.17627,0.32751,-0.015815
361,0.013093,-0.096367,0.08585,0.17322,-0.23279,0.3366,0.04395
362,-0.0031473,-0.071032,0.099492,0.20343,-0.15905,0.36746,0.062139
363,-0.035628,-0.041799,0.10339,0.20538,0.063763,0.4217,0.039078
364,-0.073955,-0.019388,0.098193,0.18946,0.36096,0.49316,-0.0044465
365,-0.10351,-0.0073698,0.091047,0.17127,0.60814,0.55455,-0.039526
366,-0.11586,-0.007045,0.083576,0.15763,0.69909,0.57274,-0.046022
367,-0.11586,-0.018413,0.074482,0.14496,0.5958,0.52824,-0.023285
368,-0.11488,-0.039851,0.063438,0.12613,0.33693,0.43404,0.01017
369,-0.12105,-0.065186,0.051096,0.097868,0.011144,0.32751,0.032906
370,-0.13729,-0.089871,0.033556,0.061814,-0.28411,0.24858,0.036804
371,-0.16068,-0.10709,0.01829,0.026085,-0.47542,0.22162,0.030957
372,-0.18049,-0.11196,0.012119,-0.0024977,-0.53616,0.24273,0.022837
373,-0.19056,-0.10514,0.016666,-0.023285,-0.48094,0.28268,0.019914
374,-0.19608,-0.091495,0.023812,-0.043423,-0.36044,0.2921,0.020888
375,-0.19998,-0.079802,0.028684,-0.072981,-0.23571,0.23818,0.01829
376,-0.20972,-0.079802,0.026735,-0.11196,-0.15451,0.1258,0.0062721
377,-0.22726,-0.093444,0.014068,-0.15386,-0.13697,-0.0096434,-0.013866
378,-0.24383,-0.11683,-0.0076946,-0.18569,-0.1701,-0.12917,-0.035303
379,-0.24773,-0.13924,-0.036927,-0.19738,-0.22434,-0.21297,-0.055116
380,-0.23701,-0.15548,-0.06681,-0.18764,-0.26462,-0.26364,-0.067459
381,-0.22207,-0.16685,-0.093769,-0.15418,-0.26949,-0.30229,-0.064861
382,-0.21622,-0.17952,-0.11423,-0.094093,-0.24253,-0.35004,-0.050569
383,-0.22694,-0.19186,-0.12657,-0.0076946,-0.2081,-0.40721,-0.042449
384,-0.24935,-0.19641,-0.13177,0.089748,-0.19348,-0.46665,-0.061937
385,-0.27274,-0.18699,-0.12657,0.17485,-0.21849,-0.52186,-0.11521
386,-0.28898,-0.15678,-0.11456,0.23039,-0.29385,-0.56506,-0.18342
387,-0.29158,-0.11066,-0.098641,0.24566,-0.40916,-0.59267,-0.24221
388,-0.27956,-0.064536,-0.080776,0.22162,-0.52934,-0.61736,-0.27988
389,-0.26104,-0.037577,-0.064536,0.1703,-0.61086,-0.66153,-0.2997
390,-0.2526,-0.040825,-0.055116,0.10566,-0.61443,-0.72032,-0.31724
391,-0.26527,-0.070058,-0.056416,0.042326,-0.52024,-0.75215,-0.3377
392,-0.29385,-0.11131,-0.06551,-0.010293,-0.3377,-0.7109,-0.35784
393,-0.31626,-0.14281,-0.077203,-0.046347,-0.10838,-0.57221,-0.36206
394,-0.30977,-0.15061,-0.090521,-0.067134,0.10306,-0.35004,-0.33607
395,-0.27111,-0.13404,-0.10156,-0.072006,0.24273,-0.097341,-0.27534
396,-0.21005,-0.10221,-0.10481,-0.055766,0.29795,0.12905,-0.18861
397,-0.14087,-0.064536,-0.096692,-0.020037,0.27976,0.29535,-0.090196
398,-0.07428,-0.033679,-0.073955,0.032257,0.19726,0.40611,0.0036737
399,-0.017114,-0.021012,-0.040175,0.097868,0.079354,0.48049,0.07708
400,0.027709,-0.029132,-0.0047713,0.16413,-0.020362,0.53376,0.12678
401,0.065387,-0.047646,0.029983,0.21772,-0.050244,0.58053,0.15926
402,0.10079,-0.064536,0.062789,0.25085,0.020239,0.63055,0.18849
403,0.13944,-0.071682,0.086824,0.26092,0.18816,0.70298,0.23039
404,0.17874,-0.06551,0.099492,0.24566,0.41163,0.80985,0.29503
405,0.21512,-0.045697,0.096893,0.2109,0.61106,0.93262,0.37753
406,0.25085,-0.014516,0.081627,0.169,0.71403,1.0129,0.46555
407,0.28561,0.016991,0.063438,0.13977,0.70136,0.98524,0.53538
408,0.31386,0.043625,0.05142,0.14042,0.64777,0.83193,0.56721
409,0.32491,0.062464,0.047198,0.17095,0.70006,0.61821,0.55844
410,0.31354,0.072208,0.048822,0.21512,0.9651,0.4269,0.52369
411,0.28431,0.075456,0.054344,0.24695,1.3942,0.30412,0.48439
412,0.24858,0.075456,0.057592,0.24403,1.7895,0.21935,0.4571
413,0.21707,0.076106,0.048497,0.19888,1.9311,0.11054,0.43599
414,0.19596,0.078055,0.027709,0.12223,1.7157,-0.061288,0.40221
415,0.18199,0.081627,0.00010078,0.03453,1.1918,-0.28508,0.33758
416,0.16965,0.090397,-0.025559,-0.038876,0.50063,-0.51732,0.24078
417,0.15503,0.10339,-0.038227,-0.0824,-0.18407,-0.70311,0.12385
418,0.13587,0.12255,-0.031406,-0.094093,-0.72747,-0.80964,0.0033489
419,0.10631,0.14594,-0.008669,-0.084349,-1.077,-0.84635,-0.12235
420,0.056942,0.169,0.017316,-0.071357,-1.2475,-0.85674,-0.26754
421,-0.013216,0.18199,0.034206,-0.065186,-1.2933,-0.89052,-0.43189
422,-0.09182,0.17777,0.039727,-0.064536,-1.2842,-0.97952,-0.58683
423,-0.15905,0.15114,0.042651,-0.063886,-1.2741,-1.1153,-0.68459
424,-0.19543,0.10534,0.054993,-0.053168,-1.2835,-1.2621,-0.69206
425,-0.19478,0.051096,0.078704,-0.024909,-1.2952,-1.3898,-0.61346
426,-0.15841,-0.0028225,0.10761,0.015042,-1.2608,-1.4833,-0.47867
427,-0.10449,-0.045047,0.1271,0.050121,-1.1403,-1.5278,-0.32503
428,-0.046347,-0.068434,0.12905,0.065062,-0.91618,-1.508,-0.18342
429,0.0056225,-0.067459,0.11281,0.053694,-0.57708,-1.4154,-0.074605
430,0.047523,-0.048945,0.090722,0.025761,-0.10059,-1.241,-0.0011985
431,0.079029,-0.021012,0.072533,0.00010078,0.5081,-0.97237,0.046223
432,0.096244,0.0049729,0.061489,-0.015815,1.1727,-0.60956,0.076431
433,0.10242,0.021863,0.05272,-0.023935,1.7391,-0.19641,0.094295
434,0.10274,0.031932,0.041027,-0.031406,2.0496,0.19011,0.10144
435,0.10274,0.0433,0.022188,-0.043099,2.0353,0.48341,0.10177
436,0.10599,0.065062,0.0043233,-0.056741,1.7521,0.67505,0.10339
437,0.11963,0.097218,0.00010078,-0.064536,1.3526,0.82251,0.11931
438,0.15049,0.13262,0.014717,-0.052843,1.006,0.99369,0.15373
439,0.19563,0.15893,0.040377,-0.018413,0.7975,1.2094,0.19336
440,0.23851,0.17095,0.069934,0.031932,0.68869,1.4208,0.2161
441,0.25605,0.16575,0.097218,0.082277,0.57436,1.5361,0.20051
442,0.23364,0.14269,0.12125,0.11995,0.38565,1.4877,0.14367
443,0.17095,0.10177,0.14042,0.14042,0.13555,1.2604,0.056292
444,0.084226,0.055968,0.15471,0.14594,-0.095393,0.89949,-0.052193
445,0.0052977,0.021538,0.15861,0.13684,-0.24058,0.48406,-0.1714
446,-0.042449,0.009845,0.14626,0.11378,-0.2984,0.10956,-0.29028
447,-0.049595,0.021538,0.11931,0.078055,-0.32081,-0.12333,-0.3848
448,-0.022961,0.046873,0.087474,0.037454,-0.35329,-0.1269,-0.41923
449,0.030308,0.07708,0.059865,0.0020496,-0.41143,0.1349,-0.36888
450,0.098517,0.10761,0.04395,-0.025884,-0.504,0.58963,-0.24286
451,0.1677,0.14237,0.039078,-0.053168,-0.63165,1.0762,-0.082076
452,0.22454,0.17615,0.040702,-0.088896,-0.78236,1.4325,0.072533
453,0.25702,0.20343,0.044275,-0.13437,-0.93275,1.5653,0.19076
454,0.26125,0.2187,0.040377,-0.17594,-1.0393,1.4669,0.26417
455,0.24793,0.22389,0.029983,-0.19478,-1.0669,1.2012,0.30704
456,0.23234,0.22162,0.018615,-0.17854,-1.0016,0.86084,0.334
457,0.22779,0.2083,0.016016,-0.13275,-0.84992,0.53214,0.35382
458,0.23559,0.1742,0.01894,-0.067784,-0.62613,0.26807,0.35869
459,0.2489,0.11898,0.022188,0.0010752,-0.36596,0.071883,0.33075
460,0.25443,0.048497,0.016341,0.040052,-0.12398,-0.072981,0.26547
461,0.23266,-0.026209,-0.0099683,0.01894,0.041027,-0.1701,0.17095
462,0.17712,-0.097017,-0.056091,-0.053492,0.086175,-0.23571,0.057917
463,0.10112,-0.15418,-0.11001,-0.13794,0.0059473,-0.31756,-0.06616
464,0.02706,-0.19316,-0.15613,-0.18601,-0.17107,-0.47574,-0.19673
465,-0.034004,-0.21297,-0.18601,-0.17465,-0.40136,-0.74955,-0.32633
466,-0.080127,-0.21817,-0.20063,-0.11001,-0.65114,-1.1322,-0.44976
467,-0.11813,-0.21655,-0.20323,-0.023285,-0.8863,-1.5755,-0.56539
468,-0.15516,-0.21557,-0.19803,0.05207,-1.0672,-2.0027,-0.67063
469,-0.19641,-0.2159,-0.19608,0.090722,-1.1361,-2.3327,-0.75605
470,-0.24123,-0.2172,-0.20323,0.088773,-1.0354,-2.5068,-0.80834
471,-0.2867,-0.22239,-0.21947,0.051096,-0.7632,-2.5204,-0.81549
472,-0.32406,-0.23376,-0.23701,-0.0073698,-0.40363,-2.4369,-0.77132
473,-0.34095,-0.23733,-0.24253,-0.064536,-0.085324,-2.3103,-0.66218
474,-0.32081,-0.21557,-0.22044,-0.09117,0.11054,-2.1394,-0.47639
475,-0.2565,-0.15256,-0.16393,-0.073631,0.19888,-1.8711,-0.23116
476,-0.15386,-0.050894,-0.085648,-0.019712,0.27781,-1.4599,0.027709
477,-0.034654,0.073832,-0.0044465,0.051096,0.46003,-0.90156,0.24695
478,0.073832,0.19369,0.062139,0.12028,0.8092,-0.24286,0.40156
479,0.15666,0.28788,0.11151,0.17712,1.2876,0.42332,0.50615
480,0.20928,0.34505,0.14464,0.22129,1.7453,0.98102,0.58638
481,0.23689,0.36713,0.16803,0.2528,2.0032,1.3292,0.65394
482,0.24533,0.36161,0.18459,0.27294,1.9356,1.4166,0.70298
483,0.23981,0.3353,0.19174,0.28008,1.517,1.25,0.71825
484,0.22324,0.29308,0.18654,0.27034,0.82706,0.88618,0.69454
485,0.19434,0.23981,0.1651,0.24468,-0.0011985,0.42138,0.63315
486,0.15698,0.18589,0.12905,0.20928,-0.81906,-0.034004,0.5487
487,0.11606,0.14042,0.083901,0.1742,-1.4963,-0.36856,0.46198
488,0.073182,0.10729,0.039727,0.14854,-1.9582,-0.5105,0.38857
489,0.028359,0.091047,0.0088706,0.13847,-2.1797,-0.45723,0.3314
490,-0.019388,0.088773,-0.0034721,0.13814,-2.1862,-0.26787,0.28528
491,-0.06616,0.092346,-0.0044465,0.13782,-2.0364,-0.018413,0.24338
492,-0.10936,0.096244,-0.0028225,0.131,-1.7818,0.23266,0.20408
493,-0.14996,0.0865,0.0010752,0.11281,-1.4443,0.44996,0.1703
494,-0.19186,0.047523,0.0075714,0.082927,-1.0289,0.63153,0.14821
495,-0.23409,-0.022311,0.018615,0.042651,-0.56831,0.78224,0.14042
496,-0.26949,-0.10481,0.031282,-0.0047713,-0.14152,0.88553,0.14074
497,-0.29093,-0.17497,0.041027,-0.058365,0.13717,0.90566,0.13912
498,-0.2971,-0.21849,0.046548,-0.10644,0.18946,0.82089,0.13067
499,-0.29353,-0.23376,0.048172,-0.1295,0.028684,0.64127,0.11963
500,-0.27858,-0.21947,0.055318,-0.11813,-0.22402,0.40384,0.10956
501,-0.24643,-0.17627,0.067661,-0.089871,-0.36758,0.19044,0.10599
502,-0.19056,-0.10936,0.077405,-0.075904,-0.22499,0.10144,0.11086
503,-0.11358,-0.03238,0.077405,-0.10189,0.2463,0.20668,0.12937
504,-0.024909,0.043625,0.072208,-0.16782,0.89072,0.48634,0.16185
505,0.070259,0.11476,0.069934,-0.25455,1.4432,0.82056,0.21252
506,0.17387,0.18557,0.082927,-0.31691,1.6982,1.072,0.28821
507,0.28658,0.25605,0.11411,-0.29872,1.6128,1.1743,0.38727
508,0.40416,0.31906,0.15796,-0.15158,1.298,1.1525,0.49868
509,0.51167,0.36713,0.20213,0.12255,0.91411,1.07,0.59905
510,0.58963,0.39377,0.23234,0.44184,0.57598,0.98005,0.66011
511,0.61918,0.39767,0.24078,0.69551,0.31354,0.89917,0.66173
512,0.59385,0.37883,0.22682,0.8027,0.11183,0.82576,0.59872
513,0.52596,0.34602,0.20083,0.74781,-0.058689,0.75528,0.48471
514,0.44509,0.31127,0.1755,0.58021,-0.18536,0.69129,0.35252
515,0.37785,0.28268,0.16121,0.38695,-0.21817,0.64679,0.22974
516,0.3431,0.26384,0.15601,0.24306,-0.10676,0.64679,0.13327
517,0.3353,0.24858,0.15341,0.18102,0.15244,0.70298,0.063113
518,0.33498,0.23234,0.14334,0.18459,0.49283,0.79263,0.010819
519,0.31939,0.20765,0.11898,0.19856,0.80367,0.85922,-0.035628
520,0.27261,0.16835,0.076755,0.16153,1.0041,0.85532,-0.089871
521,0.20148,0.12093,0.01894,0.057267,1.0703,0.76762,-0.16198
522,0.1271,0.078055,-0.038227,-0.089871,1.0271,0.59937,-0.2448
523,0.06896,0.054344,-0.082725,-0.23344,0.93522,0.38045,-0.32113
524,0.033881,0.054019,-0.10903,-0.35329,0.84687,0.16315,-0.37927
525,0.011794,0.062464,-0.1217,-0.45268,0.78386,0.020239,-0.41111
526,-0.011267,0.061489,-0.123,-0.52901,0.73904,0.0023744,-0.41955
527,-0.045697,0.036479,-0.11586,-0.56864,0.69746,0.10047,-0.40623
528,-0.089221,-0.0099683,-0.10774,-0.55857,0.61724,0.24566,-0.37862
529,-0.13827,-0.06616,-0.10384,-0.50238,0.41943,0.33725,-0.35361
530,-0.18536,-0.12268,-0.10481,-0.4202,0.049147,0.29762,-0.34582
531,-0.22986,-0.17075,-0.11163,-0.33607,-0.45918,0.10404,-0.36401
532,-0.27436,-0.20453,-0.12398,-0.26949,-0.99413,-0.21005,-0.40721
533,-0.32438,-0.22077,-0.13957,-0.22791,-1.4148,-0.56831,-0.46113
534,-0.377,-0.22012,-0.15581,-0.20453,-1.6087,-0.8811,-0.50303
535,-0.4241,-0.20843,-0.16815,-0.18439,-1.5242,-1.0724,-0.50985
536,-0.45301,-0.19186,-0.1649,-0.15451,-1.1705,-1.0831,-0.4686
537,-0.45658,-0.17335,-0.13892,-0.11748,-0.60144,-0.89344,-0.37603
538,-0.43806,-0.15548,-0.095393,-0.075904,0.09397,-0.54233,-0.24903
539,-0.41013,-0.13632,-0.046022,-0.025234,0.804,-0.12333,-0.11228
540,-0.37992,-0.11326,-0.0028225,0.03453,1.4315,0.25832,0.011144
541,-0.35296,-0.083375,0.028359,0.092671,1.9106,0.52629,0.11021
542,-0.32536,-0.054142,0.044275,0.13327,2.1851,0.65654,0.18167
543,-0.29677,-0.032705,0.048172,0.14302,2.225,0.67115,0.22552
544,-0.26624,-0.030756,0.039078,0.12678,2.0295,0.61788,0.23721
545,-0.23181,-0.049595,0.018615,0.10404,1.6433,0.52856,0.22292
546,-0.18504,-0.073955,-0.0067202,0.096569,1.1551,0.41456,0.20116
547,-0.11878,-0.082076,-0.026533,0.10794,0.67245,0.27489,0.18881
548,-0.036278,-0.068109,-0.032705,0.12937,0.28431,0.10826,0.18881
549,0.052395,-0.035628,-0.025234,0.14399,0.029658,-0.068434,0.19271
550,0.1284,0.0065969,-0.010943,0.14367,-0.11748,-0.22369,0.19174
551,0.1729,0.044599,0.0010752,0.12515,-0.21882,-0.32828,0.17582
552,0.17355,0.070584,0.0069217,0.090072,-0.33802,-0.3835,0.14367
553,0.13067,0.07708,0.0072465,0.045899,-0.49815,-0.42117,0.098842
554,0.056292,0.067661,0.0010752,-0.00022403,-0.68199,-0.48321,0.045249
555,-0.03173,0.045899,-0.0060706,-0.038227,-0.86714,-0.58553,-0.018088
556,-0.10449,0.02706,-0.011592,-0.060313,-1.0286,-0.71642,-0.085973
557,-0.14184,0.014068,-0.0099683,-0.067459,-1.1455,-0.84083,-0.14216
558,-0.13664,0.0075714,-0.0018481,-0.069083,-1.1981,-0.91813,-0.174
559,-0.10059,0.00010078,0.0059473,-0.076229,-1.1845,-0.92657,-0.17984
560,-0.056416,-0.017114,0.011469,-0.094093,-1.1153,-0.87233,-0.17465
561,-0.022961,-0.040825,0.011794,-0.10936,-0.98374,-0.77197,-0.17432
562,-0.0073698,-0.064861,0.008221,-0.10059,-0.77716,-0.63555,-0.18699
563,-0.007045,-0.0837,0.0075714,-0.061937,-0.52414,-0.46502,-0.21232
564,-0.017114,-0.10124,0.015367,0.00042559,-0.31496,-0.25812,-0.23961
565,-0.030756,-0.12625,0.02706,0.070259,-0.24383,-0.025234,-0.25325
566,-0.040825,-0.15776,0.029658,0.1362,-0.3377,0.2057,-0.24221
567,-0.044073,-0.18666,0.01017,0.19499,-0.54038,0.39474,-0.21297
568,-0.047646,-0.20615,-0.026858,0.24663,-0.7632,0.49965,-0.18309
569,-0.062912,-0.20972,-0.06551,0.29113,-0.93047,0.49218,-0.16653
570,-0.085324,-0.19608,-0.086298,0.3314,-0.99219,0.37753,-0.16782
571,-0.10026,-0.16555,-0.079477,0.36843,-0.91163,0.19336,-0.17952
572,-0.086623,-0.123,-0.048945,0.39799,-0.6651,0.008221,-0.18439
573,-0.040825,-0.080776,-0.0083442,0.41033,-0.25682,-0.10546,-0.1688
574,0.025436,-0.052193,0.022837,0.38857,0.25702,-0.11163,-0.12657
575,0.095269,-0.046022,0.030633,0.32036,0.77477,-0.029132,-0.062262
576,0.15146,-0.061937,0.014392,0.2148,1.1694,0.069934,0.016341
577,0.18427,-0.087597,-0.015165,0.090072,1.3169,0.10631,0.095269
578,0.19141,-0.11163,-0.044398,-0.027508,1.1645,0.021213,0.15601
579,0.16933,-0.12755,-0.06681,-0.11456,0.77931,-0.20193,0.18264
580,0.12418,-0.13437,-0.077853,-0.1597,0.30542,-0.54135,0.16121
581,0.06831,-0.12982,-0.073631,-0.17042,-0.11878,-0.93599,0.088124
582,0.021213,-0.11001,-0.052843,-0.15613,-0.41273,-1.3056,-0.022636
583,-0.0076946,-0.071032,-0.019388,-0.12852,-0.55532,-1.5762,-0.14509
584,-0.01549,-0.01549,0.020239,-0.10189,-0.56506,-1.6993,-0.24156
585,-0.0067202,0.051096,0.056617,-0.080127,-0.46437,-1.6577,-0.27631
586,0.011794,0.11378,0.080328,-0.057065,-0.27209,-1.4648,-0.24058
587,0.03583,0.15536,0.091372,-0.028482,-0.022961,-1.1666,-0.14736
588,0.063113,0.16543,0.092346,0.0056225,0.20311,-0.83563,-0.024909
589,0.10501,0.14886,0.087149,0.047523,0.29373,-0.53356,0.099167
590,0.1677,0.12548,0.091696,0.10404,0.17062,-0.29223,0.21512
591,0.25183,0.1232,0.11768,0.17907,-0.123,-0.095393,0.31809
592,0.34407,0.14919,0.169,0.26547,-0.41305,0.11248,0.40124
593,0.42657,0.19044,0.23624,0.34375,-0.51017,0.37948,0.4636
594,0.49186,0.22974,0.30087,0.39799,-0.34387,0.70688,0.51395
595,0.53571,0.25085,0.35057,0.42495,0.0033489,1.0327,0.56592
596,0.55585,0.24533,0.37883,0.4256,0.35901,1.274,0.61951
597,0.54838,0.21415,0.38207,0.40481,0.57858,1.3779,0.66498
598,0.51395,0.1703,0.36226,0.37103,0.61561,1.3357,0.6822
599,0.45483,0.12937,0.33011,0.33985,0.50972,1.1736,0.65394
600,0.37785,0.098517,0.29535,0.32198,0.3353,0.94204,0.58248
601,0.29438,0.076755,0.25865,0.30152,0.14724,0.69486,0.48536
602,0.21935,0.061489,0.2187,0.25735,-0.025234,0.47075,0.38402
603,0.16023,0.051745,0.17582,0.18427,-0.15678,0.29243,0.29308
604,0.12093,0.045249,0.12775,0.090397,-0.22304,0.16575,0.2161
605,0.09397,0.039078,0.076106,-0.007045,-0.21297,0.082927,0.15698
606,0.071883,0.03583,0.026085,-0.084024,-0.14574,0.033231,0.11671
607,0.054019,0.040052,-0.013541,-0.12365,-0.062587,-0.0028225,0.092671
608,0.042975,0.055318,-0.037902,-0.13275,-0.0083442,-0.047646,0.082927
609,0.048822,0.080003,-0.045047,-0.1308,-0.0024977,-0.11293,0.085525
610,0.074482,0.11086,-0.034978,-0.13534,-0.034329,-0.18601,0.094945
611,0.11118,0.14367,-0.012567,-0.15029,-0.073306,-0.23928,0.10989
612,0.14659,0.17095,0.015367,-0.1623,-0.086298,-0.2474,0.12937
613,0.15958,0.18459,0.040702,-0.16003,-0.05739,-0.212,0.14432
614,0.14594,0.17874,0.054019,-0.14314,0.00075039,-0.1649,0.13879
615,0.10469,0.15341,0.051745,-0.1243,0.058241,-0.13145,0.11183
616,0.0433,0.11313,0.036154,-0.11456,0.08585,-0.11878,0.072858
617,-0.03303,0.067011,0.013743,-0.10936,0.070584,-0.12008,0.02641
618,-0.11456,0.015042,-0.0073698,-0.10384,0.033231,-0.12592,-0.029782
619,-0.19121,-0.043099,-0.027183,-0.097017,0.0091954,-0.14022,-0.10579
620,-0.26137,-0.11098,-0.04992,-0.096692,0.034855,-0.1727,-0.20908
621,-0.32731,-0.18764,-0.078503,-0.10936,0.11931,-0.22207,-0.339
622,-0.38674,-0.26137,-0.11196,-0.1243,0.22065,-0.27306,-0.48126
623,-0.43189,-0.31204,-0.14444,-0.13275,0.28561,-0.29807,-0.60859
624,-0.45236,-0.32113,-0.16945,-0.12852,0.27716,-0.27306,-0.69888
625,-0.44164,-0.28151,-0.17854,-0.11326,0.19336,-0.20096,-0.73916
626,-0.39811,-0.19673,-0.16782,-0.092794,0.06019,-0.12495,-0.72325
627,-0.3312,-0.081101,-0.14249,-0.075904,-0.067134,-0.09117,-0.65763
628,-0.25617,0.042651,-0.11391,-0.058689,-0.13242,-0.11521,-0.57124
629,-0.18796,0.14886,-0.092145,-0.042774,-0.11748,-0.16945,-0.5001
630,-0.13242,0.22422,-0.085648,-0.034654,-0.055441,-0.2055,-0.45918
631,-0.084349,0.27034,-0.091495,-0.04115,-0.013541,-0.18244,-0.43254
632,-0.034004,0.29275,-0.10124,-0.06551,-0.045372,-0.093119,-0.38447
633,0.021538,0.29665,-0.10384,-0.10091,-0.15776,0.039402,-0.29125
634,0.080328,0.28236,-0.091495,-0.13632,-0.31236,0.17582,-0.15646
635,0.13652,0.24695,-0.067134,-0.1623,-0.45495,0.28203,-0.0060706
636,0.18719,0.19141,-0.035953,-0.17075,-0.53388,0.34375,0.12645
637,0.22389,0.13002,-0.0080194,-0.15743,-0.52446,0.35934,0.2148
638,0.24403,0.082602,0.0088706,-0.12203,-0.41923,0.34147,0.25702
639,0.24241,0.064737,0.014717,-0.076879,-0.24805,0.31224,0.26514
640,0.2135,0.06961,0.015042,-0.034978,-0.070382,0.29438,0.2515
641,0.15309,0.072858,0.011794,-0.0063954,0.056942,0.30802,0.22292
642,0.073182,0.057917,0.0078962,0.0056225,0.11671,0.34862,0.17939
643,-0.0060706,0.029009,0.0010752,0.0065969,0.13165,0.39052,0.1219
644,-0.065835,-0.0028225,-0.0054209,0.0046481,0.13165,0.40124,0.048822
645,-0.10449,-0.029782,-0.013216,0.0069217,0.12483,0.35479,-0.033679
646,-0.13047,-0.047321,-0.023285,0.020239,0.10371,0.24695,-0.11196
647,-0.14931,-0.054142,-0.031406,0.049472,0.064413,0.10047,-0.174
648,-0.1597,-0.048296,-0.03303,0.089748,0.01764,-0.045047,-0.20518
649,-0.15938,-0.028807,-0.028157,0.12807,-0.020687,-0.15678,-0.19738
650,-0.14996,0.0023744,-0.017764,0.15276,-0.042124,-0.21655,-0.16133
651,-0.13567,0.041027,-0.0083442,0.15081,-0.05739,-0.23571,-0.11553
652,-0.11683,0.080653,-0.0076946,0.12028,-0.086623,-0.2448,-0.079802
653,-0.090196,0.11638,-0.01549,0.071883,-0.14022,-0.25975,-0.06616
654,-0.054142,0.14367,-0.029132,0.015692,-0.21817,-0.26429,-0.06551
655,-0.0076946,0.15958,-0.039201,-0.028482,-0.31756,-0.23214,-0.055116
656,0.038103,0.15958,-0.039851,-0.047321,-0.41858,-0.15711,-0.021661
657,0.06961,0.14302,-0.029132,-0.040825,-0.48744,-0.071357,0.028684
658,0.079679,0.11541,-0.0063954,-0.016464,-0.49133,-0.0050961,0.082277
659,0.067336,0.084551,0.019589,0.015692,-0.44196,0.025111,0.12353
660,0.042975,0.055968,0.035505,0.036804,-0.39032,0.029333,0.14529
661,0.015692,0.028359,0.034206,0.036804,-0.38869,0.028034,0.14464
662,-0.008669,-0.00022403,0.011469,0.013743,-0.44359,0.045574,0.12255
663,-0.037577,-0.030756,-0.025234,-0.023935,-0.50465,0.085525,0.088448
664,-0.079477,-0.065835,-0.063561,-0.057065,-0.47542,0.13587,0.057917
665,-0.13112,-0.10416,-0.090196,-0.071682,-0.25098,0.19401,0.046873
666,-0.17919,-0.14022,-0.10254,-0.063561,0.20863,0.25832,0.061489
667,-0.21005,-0.17172,-0.10091,-0.044398,0.82219,0.31906,0.090722
668,-0.21167,-0.19154,-0.090196,-0.024585,1.3913,0.35057,0.11995
669,-0.17822,-0.19316,-0.069408,-0.0018481,1.6972,0.32458,0.13977
670,-0.11228,-0.17335,-0.034654,0.041351,1.6485,0.22877,0.15731
671,-0.024585,-0.12625,0.016016,0.11183,1.3523,0.084226,0.19109
672,0.066037,-0.058689,0.079029,0.20798,1.0401,-0.0405,0.25637
673,0.14334,0.013093,0.14399,0.31744,0.88065,-0.06681,0.35349
674,0.20083,0.074482,0.20278,0.41813,0.89624,0.038103,0.46425
675,0.23948,0.11443,0.2489,0.48699,0.99953,0.23883,0.55844
676,0.26125,0.13652,0.27586,0.5107,1.0859,0.44963,0.62048
677,0.27489,0.14854,0.28496,0.49543,1.1077,0.5932,0.65556
678,0.29178,0.16835,0.28366,0.45353,1.0622,0.6377,0.67635
679,0.31744,0.20603,0.27619,0.40351,0.95601,0.60522,0.68772
680,0.34635,0.258,0.26417,0.35252,0.80465,0.54123,0.68155
681,0.36811,0.30445,0.24566,0.30022,0.62568,0.47854,0.64354
682,0.37201,0.33075,0.21707,0.23981,0.42625,0.42073,0.57696
683,0.35576,0.32978,0.18134,0.16933,0.207,0.35641,0.48764
684,0.32328,0.30802,0.14626,0.099492,-0.022636,0.27911,0.38727
685,0.28398,0.28041,0.12418,0.042975,-0.23409,0.19466,0.29048
686,0.24793,0.26157,0.11963,0.0062721,-0.39941,0.11183,0.20538
687,0.22487,0.25313,0.1323,-0.012567,-0.51115,0.042326,0.13912
688,0.2187,0.24695,0.14724,-0.023285,-0.57936,-0.010618,0.095594
689,0.22552,0.23201,0.14919,-0.033354,-0.62905,-0.053492,0.072858
690,0.23201,0.20148,0.12613,-0.043423,-0.68167,-0.10026,0.066037
691,0.22812,0.15114,0.079354,-0.055116,-0.74631,-0.1636,0.064737
692,0.2096,0.087799,0.021213,-0.068758,-0.81614,-0.24415,0.057917
693,0.17712,0.022837,-0.03173,-0.081751,-0.86421,-0.31561,0.044924
694,0.13879,-0.028482,-0.06551,-0.090521,-0.86291,-0.34257,0.036479
695,0.10371,-0.054142,-0.073631,-0.093444,-0.79503,-0.29612,0.039078
696,0.088124,-0.045697,-0.054467,-0.084349,-0.66705,-0.16912,0.055643
697,0.098842,-0.0044465,-0.013216,-0.063237,-0.50855,0.01894,0.076106
698,0.12548,0.051745,0.037129,-0.036927,-0.35426,0.22779,0.083901
699,0.14367,0.10047,0.076755,-0.020687,-0.22434,0.41391,0.069934
700,0.13132,0.11573,0.092021,-0.02361,-0.13047,0.53603,0.034855
701,0.081627,0.086175,0.08585,-0.034654,-0.079152,0.57079,-0.018413
702,-0.00054884,0.018615,0.067661,-0.045697,-0.064536,0.53214,-0.088896
703,-0.092794,-0.063886,0.0433,-0.052518,-0.063886,0.4727,-0.17562
704,-0.17075,-0.13242,0.013093,-0.057065,-0.061288,0.44834,-0.26981
705,-0.21557,-0.17107,-0.025234,-0.068109,-0.062587,0.47529,-0.35361
706,-0.22337,-0.17724,-0.070058,-0.087272,-0.088896,0.52012,-0.40883
707,-0.20518,-0.15873,-0.11066,-0.10774,-0.16653,0.52986,-0.428
708,-0.17562,-0.1282,-0.13697,-0.1321,-0.29093,0.46587,-0.41046
709,-0.14931,-0.098316,-0.14866,-0.16198,-0.43222,0.32069,-0.36531
710,-0.13242,-0.078827,-0.15321,-0.19933,-0.5407,0.10177,-0.32146
711,-0.1308,-0.079152,-0.15451,-0.23863,-0.56182,-0.18796,-0.31821
712,-0.14411,-0.09929,-0.15353,-0.27501,-0.46275,-0.51569,-0.3744
713,-0.1688,-0.13177,-0.15256,-0.30165,-0.26884,-0.81809,-0.46892
714,-0.19608,-0.16328,-0.15418,-0.31074,-0.078178,-1.0383,-0.55857
715,-0.22337,-0.18017,-0.15678,-0.2893,-0.0034721,-1.1611,-0.60567
716,-0.24643,-0.17887,-0.15841,-0.22402,-0.10221,-1.2105,-0.60567
717,-0.26299,-0.15711,-0.15808,-0.1178,-0.36044,-1.2202,-0.57741
718,-0.27339,-0.12755,-0.15613,0.0017248,-0.70473,-1.2144,-0.54395
719,-0.27956,-0.10351,-0.15191,0.095269,-1.0529,-1.214,-0.52089
720,-0.28216,-0.089871,-0.14184,0.13555,-1.3215,-1.2221,-0.50303
721,-0.27111,-0.082076,-0.1269,0.1219,-1.4131,-1.2092,-0.47509
722,-0.23798,-0.072331,-0.10806,0.074157,-1.2147,-1.1257,-0.4215
723,-0.18439,-0.055116,-0.086948,0.016341,-0.68394,-0.9334,-0.34874
724,-0.12592,-0.034329,-0.068434,-0.028807,0.069285,-0.63457,-0.27534
725,-0.079152,-0.013541,-0.054467,-0.037902,0.81699,-0.25942,-0.21525
726,-0.054142,0.0017248,-0.045047,0.0078962,1.3666,0.17095,-0.15646
727,-0.048945,0.008221,-0.034004,0.10339,1.6511,0.64874,-0.074605
728,-0.054467,0.00042559,-0.022961,0.22065,1.7138,1.1411,0.036804
729,-0.063886,-0.021661,-0.016789,0.32004,1.6592,1.577,0.16478
730,-0.072331,-0.055116,-0.017439,0.36746,1.6079,1.8729,0.28203
731,-0.072006,-0.086948,-0.021012,0.35999,1.6621,1.9736,0.36843
732,-0.056416,-0.10221,-0.019388,0.31711,1.8531,1.8726,0.41456
733,-0.021337,-0.092794,-0.011592,0.26384,2.1123,1.6108,0.42722
734,0.031282,-0.059339,0.0010752,0.2148,2.2955,1.2529,0.42397
735,0.090072,-0.012567,0.013743,0.1755,2.2699,0.86734,0.41878
736,0.13652,0.03453,0.028684,0.14561,1.999,0.5068,0.41845
737,0.15763,0.075781,0.047847,0.12483,1.5543,0.19563,0.4178
738,0.15309,0.11021,0.076106,0.11313,1.0645,-0.060638,0.40449
739,0.12548,0.14009,0.10664,0.10696,0.65231,-0.26234,0.37201
740,0.08585,0.1651,0.13197,0.10501,0.36746,-0.39681,0.31906
741,0.046873,0.18459,0.14886,0.10599,0.17939,-0.45755,0.2489
742,0.019589,0.18979,0.15763,0.10761,0.012443,-0.47347,0.1677
743,0.013418,0.17387,0.15633,0.11573,-0.20193,-0.49101,0.0865
744,0.031282,0.14042,0.14821,0.1284,-0.48256,-0.54428,0.022837
745,0.067011,0.093321,0.13847,0.13847,-0.78821,-0.6284,-0.0073698
746,0.10729,0.040377,0.12807,0.13522,-1.0526,-0.69953,-0.0041217
747,0.13392,-0.013541,0.11541,0.11118,-1.2105,-0.70343,0.022512
748,0.13392,-0.059989,0.098517,0.068635,-1.226,-0.60599,0.056617
749,0.10501,-0.090845,0.076755,0.024137,-1.0893,-0.40461,0.084551
750,0.057267,-0.10546,0.049472,-0.013216,-0.82101,-0.14119,0.096569
751,0.0010752,-0.10611,0.024786,-0.038876,-0.48711,0.11086,0.081627
752,-0.053817,-0.10319,0.0043233,-0.056416,-0.18179,0.26807,0.026735
753,-0.10189,-0.10676,-0.017439,-0.076229,-0.0047713,0.27067,-0.074605
754,-0.13664,-0.11813,-0.041475,-0.10968,-0.010293,0.11378,-0.20615
755,-0.15646,-0.13632,-0.06616,-0.15581,-0.19154,-0.15646,-0.33575
756,-0.16685,-0.15386,-0.086948,-0.20713,-0.49783,-0.47477,-0.43514
757,-0.1714,-0.16425,-0.09994,-0.2539,-0.85674,-0.78658,-0.49588
758,-0.17562,-0.16003,-0.10514,-0.2919,-1.2082,-1.0549,-0.51862
759,-0.18017,-0.14249,-0.10319,-0.31821,-1.5236,-1.2504,-0.51212
760,-0.18342,-0.11878,-0.092469,-0.32536,-1.7938,-1.3495,-0.48744
761,-0.17724,-0.093119,-0.072981,-0.30457,-1.9962,-1.3427,-0.44651
762,-0.15256,-0.064861,-0.042774,-0.25065,-2.0744,-1.2254,-0.37798
763,-0.09929,-0.029782,-0.0028225,-0.16653,-1.9419,-0.99868,-0.27014
764,-0.020362,0.011794,0.046873,-0.061613,-1.5028,-0.6794,-0.12073
765,0.06961,0.056617,0.099817,0.053369,-0.74371,-0.31983,0.049147
766,0.15276,0.10339,0.14886,0.15731,0.18362,0.00010078,0.20635
767,0.21382,0.14724,0.18589,0.22584,0.99206,0.22194,0.32718
768,0.24176,0.18687,0.20538,0.24533,1.4549,0.33335,0.40514
769,0.23689,0.21902,0.21155,0.22259,1.5023,0.34959,0.45191
770,0.21252,0.23786,0.20928,0.1781,1.2168,0.29308,0.47919
771,0.18427,0.23526,0.19953,0.13132,0.77607,0.20928,0.49673
772,0.16348,0.21512,0.18524,0.091696,0.38532,0.14854,0.51297
773,0.15536,0.18524,0.16933,0.064413,0.18622,0.13814,0.52239
774,0.16153,0.15438,0.15406,0.050771,0.20765,0.17745,0.51525
775,0.17939,0.13295,0.14334,0.043625,0.3785,0.24858,0.48959
776,0.20311,0.12483,0.13392,0.040377,0.56494,0.32686,0.44509
777,0.22259,0.12288,0.12158,0.030633,0.62113,0.38597,0.38435
778,0.22584,0.11638,0.10404,0.0078962,0.45386,0.39442,0.30964
779,0.20603,0.10144,0.079679,-0.030756,0.075781,0.34667,0.22747
780,0.16673,0.084226,0.055318,-0.068434,-0.39357,0.28723,0.14594
781,0.12255,0.070584,0.039078,-0.072981,-0.80217,0.28106,0.075456
782,0.082927,0.062789,0.042326,-0.027833,-1.0409,0.36421,0.023487
783,0.052395,0.055318,0.062464,0.057592,-1.0776,0.53343,-0.0083442
784,0.034855,0.046873,0.087799,0.14854,-0.96588,0.75918,-0.016464
785,0.031282,0.041027,0.10761,0.20895,-0.83465,0.96965,0.0075714
786,0.036804,0.03453,0.11378,0.2174,-0.82199,1.0622,0.064413
787,0.041351,0.021213,0.10696,0.18232,-0.98861,0.95861,0.13847
788,0.039727,0.003024,0.090397,0.131,-1.279,0.65134,0.20505
789,0.034206,-0.0076946,0.073507,0.086175,-1.5447,0.22487,0.2489
790,0.031282,0.0020496,0.059216,0.060515,-1.6077,-0.16328,0.26449
791,0.033556,0.036479,0.052395,0.054993,-1.3462,-0.34744,0.26125
792,0.044599,0.085525,0.053369,0.071234,-0.77327,-0.23571,0.25313
793,0.063113,0.13717,0.059865,0.099817,-0.030756,0.14139,0.24403
794,0.080003,0.1755,0.061489,0.11931,0.6705,0.64322,0.24013
795,0.090072,0.19531,0.053369,0.11443,1.1649,1.0944,0.24825
796,0.092021,0.19206,0.039402,0.083901,1.4055,1.3594,0.27132
797,0.081627,0.1664,0.020239,0.029983,1.428,1.375,0.29438
798,0.05142,0.12125,-0.007045,-0.037902,1.2951,1.1496,0.29178
799,0.0010752,0.064737,-0.039201,-0.098316,1.0655,0.74781,0.24143
800,-0.052518,0.0056225,-0.069083,-0.1334,0.81309,0.26904,0.13717
801,-0.087922,-0.044073,-0.091495,-0.13404,0.626,-0.1649,-0.0011985
802,-0.093444,-0.075255,-0.09929,-0.10416,0.55487,-0.4569,-0.13307
803,-0.070382,-0.086623,-0.089871,-0.059014,0.58248,-0.58033,-0.21752
804,-0.031406,-0.085324,-0.066485,-0.013866,0.63997,-0.56409,-0.23149
805,0.0039985,-0.079477,-0.0405,0.023487,0.6692,-0.46762,-0.18179
806,0.020888,-0.073306,-0.022636,0.053694,0.67213,-0.32536,-0.10156
807,0.01829,-0.068109,-0.019712,0.072208,0.68609,-0.12917,-0.025559
808,0.0062721,-0.060638,-0.030756,0.080328,0.73871,0.12288,0.02706
809,-0.0028225,-0.052193,-0.047646,0.084551,0.81374,0.38727,0.044599
810,-0.0044465,-0.042774,-0.069733,0.088448,0.85499,0.57923,0.020564
811,0.0014,-0.034654,-0.090845,0.086175,0.80432,0.62438,-0.036278
812,0.01017,-0.032705,-0.10903,0.071883,0.65231,0.50485,-0.10676
813,0.023487,-0.032055,-0.12138,0.044599,0.43242,0.2593,-0.16425
814,0.047847,-0.025234,-0.1256,0.015042,0.19076,-0.050894,-0.19251
815,0.076106,-0.010293,-0.12463,-0.01614,-0.032705,-0.35037,-0.19316
816,0.094295,0.010495,-0.12008,-0.053817,-0.20745,-0.57546,-0.17367
817,0.090072,0.029983,-0.11488,-0.096692,-0.31724,-0.68362,-0.14314
818,0.063438,0.045899,-0.10903,-0.13762,-0.36823,-0.6807,-0.11358
819,0.030308,0.058891,-0.097017,-0.1662,-0.38577,-0.60794,-0.098641
820,0.0033489,0.072208,-0.073955,-0.17237,-0.39389,-0.50725,-0.097017
821,-0.0080194,0.084226,-0.038876,-0.14996,-0.37668,-0.40006,-0.10709
822,-0.0028225,0.091696,0.0039985,-0.10676,-0.30392,-0.30294,-0.1308
823,0.015042,0.090397,0.045574,-0.055766,-0.17205,-0.23863,-0.16555
824,0.042001,0.080653,0.076755,-0.0093186,0.0065969,-0.21914,-0.20096
825,0.068635,0.064413,0.0865,0.027385,0.21545,-0.22824,-0.22661
826,0.080003,0.0433,0.066686,0.050446,0.42755,-0.22467,-0.24286
827,0.070259,0.01764,0.024461,0.062464,0.5997,-0.17822,-0.25487
828,0.038428,-0.0067202,-0.023935,0.061814,0.69584,-0.080451,-0.26397
829,-0.0015233,-0.019388,-0.060313,0.055968,0.69519,0.05207,-0.26072
830,-0.03303,-0.015165,-0.067784,0.062464,0.57469,0.18199,-0.23863
831,-0.046347,0.0023744,-0.053168,0.083576,0.32296,0.26027,-0.20518
832,-0.04115,0.019914,-0.032055,0.098517,-0.048945,0.24273,-0.18212
833,-0.025234,0.022512,-0.022311,0.081303,-0.47737,0.10566,-0.18147
834,-0.0047713,0.013093,-0.027833,0.024461,-0.87428,-0.13469,-0.19738
835,0.012119,-0.0018481,-0.043423,-0.04927,-1.1565,-0.4215,-0.21882
836,0.020564,-0.016464,-0.059989,-0.11001,-1.2712,-0.67907,-0.23733
837,0.01764,-0.029132,-0.064861,-0.14054,-1.19,-0.84635,-0.25033
838,0.0049729,-0.041475,-0.051544,-0.13729,-0.9191,-0.91748,-0.26299
839,-0.016464,-0.053168,-0.025234,-0.11358,-0.53128,-0.92982,-0.28703
840,-0.046671,-0.058689,0.0020496,-0.079802,-0.16977,-0.93177,-0.32925
841,-0.087272,-0.054142,0.017316,-0.050894,0.030308,-0.95613,-0.38577
842,-0.13697,-0.040175,0.014717,-0.04862,0.038428,-1.012,-0.44586
843,-0.18309,-0.019063,-0.0028225,-0.076229,-0.05804,-1.0841,-0.48971
844,-0.20355,0.0069217,-0.018738,-0.11521,-0.11748,-1.1231,-0.48808
845,-0.17887,0.042975,-0.023935,-0.14022,-0.038227,-1.0805,-0.42442
846,-0.10611,0.097218,-0.012892,-0.13794,0.17582,-0.94087,-0.30165
847,0.00010078,0.17517,0.016016,-0.10968,0.45678,-0.71123,-0.14119
848,0.12385,0.28268,0.067986,-0.057715,0.73482,-0.40039,0.03453
849,0.25053,0.41715,0.14302,0.01894,0.97095,-0.018413,0.20928
850,0.36356,0.55844,0.22844,0.12613,1.1545,0.40091,0.36291
851,0.44704,0.66791,0.29535,0.26449,1.2448,0.7962,0.48049
852,0.49706,0.71013,0.31679,0.42397,1.1623,1.1103,0.56007
853,0.52012,0.67278,0.28788,0.57274,0.86636,1.3052,0.61269
854,0.52661,0.57663,0.22324,0.66953,0.41975,1.3698,0.64419
855,0.52272,0.46035,0.15211,0.68155,-0.028807,1.3165,0.65686
856,0.5029,0.35771,0.098193,0.61464,-0.30619,1.1827,0.64777
857,0.45646,0.26774,0.080653,0.50095,-0.34452,1.0167,0.61659
858,0.37071,0.17225,0.095594,0.3837,-0.22174,0.85207,0.56494
859,0.2528,0.061489,0.12353,0.28496,-0.086948,0.69876,0.49446
860,0.11995,-0.054142,0.14561,0.21155,-0.042774,0.55552,0.41066
861,-0.00087364,-0.15841,0.14919,0.16348,-0.11326,0.42917,0.31809
862,-0.098641,-0.24123,0.13002,0.1323,-0.26234,0.33043,0.22389
863,-0.174,-0.2984,0.091696,0.10079,-0.42897,0.25767,0.13327
864,-0.22434,-0.32341,0.048497,0.069285,-0.57546,0.18687,0.055318
865,-0.24415,-0.30522,0.015367,0.046548,-0.69012,0.086175,0.0026992
866,-0.23181,-0.24935,-0.0018481,0.0433,-0.78074,-0.055766,-0.011592
867,-0.19283,-0.17205,-0.0028225,0.065712,-0.86389,-0.22402,0.011144
868,-0.14119,-0.089221,0.0078962,0.10761,-0.94217,-0.38772,0.059216
869,-0.090196,-0.015165,0.022188,0.15341,-1.0016,-0.51667,0.11768
870,-0.050569,0.039727,0.036804,0.18946,-1.0269,-0.5891,0.17355
871,-0.027183,0.067661,0.049147,0.21123,-1.012,-0.5969,0.22
872,-0.01549,0.072208,0.056292,0.22194,-0.95841,-0.53063,0.25475
873,-0.011592,0.061165,0.057917,0.22162,-0.86031,-0.39616,0.27976
874,-0.008669,0.046873,0.056942,0.21285,-0.71675,-0.22239,0.2921
875,0.003024,0.036479,0.055643,0.19011,-0.52739,-0.048945,0.28723
876,0.02641,0.033881,0.047847,0.14561,-0.2984,0.095919,0.26579
877,0.047523,0.03518,0.029009,0.083576,-0.056416,0.20181,0.22649
878,0.048172,0.031932,0.00075039,0.018615,0.16478,0.27067,0.16705
879,0.019264,0.0078962,-0.029132,-0.039526,0.34927,0.30704,0.089098
880,-0.03238,-0.041799,-0.056741,-0.0837,0.50583,0.31159,0.003024
881,-0.09117,-0.11098,-0.079477,-0.10838,0.65069,0.28431,-0.079477
882,-0.14314,-0.19089,-0.093119,-0.10514,0.78289,0.22519,-0.14899
883,-0.18212,-0.27274,-0.097991,-0.074605,0.89235,0.14659,-0.19576
884,-0.20355,-0.34387,-0.098316,-0.034978,0.96283,0.070909,-0.21622
885,-0.20875,-0.39844,-0.09929,-0.023285,0.96316,0.023487,-0.21525
886,-0.2133,-0.42929,-0.11261,-0.063561,0.86929,0.02706,-0.20453
887,-0.23084,-0.43871,-0.14444,-0.15808,0.6835,0.088773,-0.19511
888,-0.26559,-0.4267,-0.18926,-0.28281,0.43145,0.18946,-0.19381
889,-0.30197,-0.39844,-0.23409,-0.39909,0.15926,0.28853,-0.20485
890,-0.32243,-0.35232,-0.26462,-0.47607,-0.085648,0.3444,-0.22304
891,-0.31301,-0.28476,-0.27144,-0.50173,-0.26299,0.33011,-0.24058
892,-0.27111,-0.19348,-0.2526,-0.47672,-0.34387,0.23981,-0.25033
893,-0.20972,-0.084024,-0.21037,-0.4137,-0.32633,0.092671,-0.24448
894,-0.14834,0.029658,-0.15126,-0.3377,-0.23311,-0.085324,-0.22467
895,-0.097341,0.1297,-0.088896,-0.26592,-0.09117,-0.25812,-0.19154
896,-0.059664,0.19434,-0.034654,-0.21297,0.054344,-0.40396,-0.14964
897,-0.036278,0.20473,0.0023744,-0.17367,0.14302,-0.52739,-0.10384
898,-0.024909,0.16218,0.016991,-0.14022,0.13262,-0.63555,-0.057715
899,-0.014516,0.079679,0.012443,-0.10254,0.023812,-0.70408,-0.010943
900,0.0020496,-0.01549,0.00075039,-0.053168,-0.14022,-0.67063,0.043625
901,0.023812,-0.097341,-0.0024977,0.0039985,-0.29093,-0.48971,0.11833
902,0.042975,-0.15191,0.0091954,0.056292,-0.36791,-0.16782,0.21317
903,0.053044,-0.18017,0.036154,0.093645,-0.33543,0.24988,0.31192
904,0.05272,-0.18829,0.071234,0.11931,-0.20323,0.67895,0.39344
905,0.043625,-0.18082,0.10761,0.13652,-0.025884,1.0116,0.43469
906,0.027385,-0.16295,0.13392,0.15016,0.1336,1.1603,0.42138
907,0.0078962,-0.13567,0.14302,0.16023,0.23526,1.1064,0.35674
908,-0.0080194,-0.10709,0.13717,0.16348,0.25767,0.89722,0.25995
909,-0.012242,-0.081751,0.11931,0.15666,0.18622,0.61139,0.15341
910,-0.0080194,-0.062912,0.094945,0.13262,0.0059473,0.31516,0.066686
911,-0.0031473,-0.051219,0.070259,0.091696,-0.25455,0.049796,0.020564
912,-0.00022403,-0.042449,0.048822,0.04395,-0.51245,-0.16068,0.023162
913,0.00075039,-0.025884,0.033881,0.00075039,-0.64432,-0.28378,0.062464
914,0.0062721,0.0039985,0.030633,-0.027183,-0.53583,-0.28573,0.11508
915,0.016991,0.046223,0.041351,-0.037252,-0.15905,-0.14281,0.16088
916,0.031607,0.092671,0.066362,-0.030106,0.38922,0.14626,0.1755
917,0.046873,0.13295,0.099167,-0.0083442,0.91573,0.53473,0.14984
918,0.061814,0.16218,0.12905,0.025436,1.2444,0.92288,0.091696
919,0.076431,0.18264,0.15211,0.069934,1.3029,1.1934,0.022512
920,0.091696,0.20278,0.16413,0.11508,1.1502,1.2578,-0.037902
921,0.10826,0.22844,0.17322,0.15016,0.93425,1.0963,-0.076554
922,0.1297,0.26092,0.18557,0.16673,0.7949,0.77087,-0.087922
923,0.15503,0.29015,0.19726,0.16478,0.78191,0.39214,-0.073306
924,0.17712,0.30412,0.20083,0.14854,0.842,0.05272,-0.047321
925,0.18492,0.28853,0.18557,0.12288,0.86799,-0.21037,-0.043748
926,0.17322,0.24241,0.15049,0.090397,0.77314,-0.41468,-0.091495
927,0.14139,0.17874,0.10306,0.052395,0.54058,-0.60502,-0.20128
928,0.099492,0.11931,0.057592,0.010819,0.22909,-0.81094,-0.35102
929,0.06019,0.078704,0.025761,-0.029132,-0.07493,-1.0221,-0.49978
930,0.033881,0.062464,0.010495,-0.062587,-0.30847,-1.1962,-0.5969
931,0.026085,0.070584,0.009845,-0.087597,-0.44878,-1.2943,-0.61768
932,0.036479,0.099492,0.017965,-0.10546,-0.50043,-1.3137,-0.57383
933,0.054344,0.13587,0.025761,-0.12398,-0.48419,-1.3008,-0.5053
934,0.066686,0.16056,0.022512,-0.14704,-0.43059,-1.3014,-0.44781
935,0.062139,0.16413,0.0036737,-0.17172,-0.37473,-1.3196,-0.40753
936,0.040052,0.14756,-0.025234,-0.19283,-0.33575,-1.3274,-0.3718
937,0.009845,0.11346,-0.053817,-0.20713,-0.29028,-1.3034,-0.32048
938,-0.017764,0.076431,-0.073306,-0.21265,-0.19446,-1.2299,-0.24091
939,-0.032055,0.048172,-0.084024,-0.20453,-0.037577,-1.0627,-0.13112
940,-0.025234,0.03453,-0.084674,-0.17659,0.13392,-0.74306,0.010495
941,0.0062721,0.034855,-0.069408,-0.12073,0.24143,-0.25747,0.18037
942,0.054993,0.05272,-0.035628,-0.039526,0.21707,0.32523,0.36551
943,0.1206,0.09397,0.016991,0.065387,0.059865,0.87156,0.54285
944,0.20213,0.15698,0.083901,0.19499,-0.15711,1.2681,0.68902
945,0.28658,0.22649,0.15081,0.33011,-0.33088,1.4621,0.78711
946,0.35447,0.28138,0.19888,0.44021,-0.38804,1.4637,0.82901
947,0.39182,0.31484,0.21902,0.50225,-0.2958,1.3325,0.82446
948,0.39702,0.32718,0.21317,0.51102,-0.044723,1.1675,0.78678
949,0.37298,0.32069,0.18427,0.47302,0.32881,1.0554,0.7176
950,0.31939,0.29925,0.14074,0.39214,0.74651,1.0327,0.5945
951,0.24208,0.26709,0.090072,0.27846,1.1236,1.0681,0.39702
952,0.15341,0.22519,0.036804,0.15503,1.3838,1.0772,0.12613
953,0.071234,0.18069,-0.0099683,0.047523,1.4666,0.99791,-0.17205
954,0.0072465,0.14496,-0.04115,-0.026533,1.374,0.82868,-0.42832
955,-0.034978,0.12288,-0.058689,-0.061613,1.1905,0.60619,-0.57871
956,-0.054142,0.11086,-0.069408,-0.070382,1.021,0.35479,-0.60112
957,-0.058689,0.097543,-0.080127,-0.069733,0.8943,0.080328,-0.53616
958,-0.063237,0.073507,-0.095068,-0.07493,0.7582,-0.21492,-0.45528
959,-0.073306,0.030308,-0.11488,-0.09117,0.53733,-0.51829,-0.4189
960,-0.089546,-0.03238,-0.13469,-0.11391,0.19856,-0.80477,-0.44683
961,-0.10871,-0.09929,-0.14736,-0.1256,-0.24026,-1.0282,-0.51082
962,-0.12073,-0.14866,-0.13827,-0.10936,-0.72292,-1.1257,-0.55597
963,-0.123,-0.16782,-0.10611,-0.062912,-1.1546,-1.0513,-0.52998
964,-0.11651,-0.16198,-0.054792,0.0065969,-1.43,-0.81127,-0.41176
965,-0.10091,-0.13989,0.0039985,0.091696,-1.4761,-0.46632,-0.22239
966,-0.076229,-0.10936,0.061489,0.17582,-1.2809,-0.10189,-0.013866
967,-0.04115,-0.071682,0.10794,0.23039,-0.92625,0.19271,0.16023
968,-0.0011985,-0.03303,0.13457,0.23234,-0.56441,0.34277,0.27132
969,0.033231,-0.0011985,0.13555,0.18167,-0.34484,0.31841,0.31939
970,0.049796,0.015042,0.10761,0.098193,-0.33997,0.14594,0.32069
971,0.043625,0.012768,0.054993,0.015042,-0.51699,-0.10579,0.29925
972,0.023812,-0.0015233,-0.0073698,-0.030756,-0.76677,-0.33997,0.27846
973,0.0026992,-0.018413,-0.060963,-0.013866,-0.97984,-0.47087,0.27326
974,-0.010293,-0.028157,-0.089871,0.056617,-1.1198,-0.45366,0.28723
975,-0.0083442,-0.032055,-0.084349,0.15049,-1.1981,-0.2984,0.31776
976,0.0046481,-0.031406,-0.052843,0.23234,-1.2218,-0.069733,0.35739
977,0.019264,-0.02426,-0.0047713,0.27781,-1.1656,0.14691,0.39247
978,0.032257,-0.0093186,0.047847,0.28366,-0.99478,0.29633,0.41391
979,0.042651,0.012768,0.094295,0.2593,-0.72292,0.36486,0.42787
980,0.055643,0.038103,0.12905,0.22552,-0.4254,0.36518,0.44021
981,0.078055,0.054668,0.14691,0.19466,-0.17887,0.32393,0.45353
982,0.10469,0.054344,0.14367,0.16835,-0.0050961,0.27099,0.46133
983,0.12223,0.031282,0.12385,0.14269,0.12125,0.22909,0.45581
984,0.12093,-0.0080194,0.098193,0.11151,0.21415,0.20278,0.42755
985,0.10242,-0.051544,0.073832,0.082927,0.26125,0.1755,0.37006
986,0.07708,-0.088896,0.054019,0.061489,0.24241,0.13555,0.28885
987,0.054668,-0.11261,0.0433,0.048497,0.15536,0.082927,0.19596
988,0.043625,-0.11683,0.039727,0.040702,0.011469,0.016991,0.10631
989,0.045574,-0.09994,0.042001,0.03453,-0.1753,-0.077528,0.033881
990,0.058241,-0.061613,0.046223,0.026085,-0.39389,-0.21362,-0.021661
991,0.079679,-0.0057458,0.055318,0.013418,-0.62061,-0.3822,-0.065186
992,0.10404,0.064088,0.06896,0.00010078,-0.82718,-0.55012,-0.09929
993,0.12775,0.131,0.078379,-0.0089938,-1.0049,-0.68167,-0.12463
994,0.13912,0.1742,0.075781,-0.025884,-1.1487,-0.75962,-0.14476
995,0.131,0.18102,0.055643,-0.061613,-1.2303,-0.77879,-0.1636
996,0.10436,0.15698,0.024461,-0.11748,-1.2283,-0.74761,-0.18309
997,0.067011,0.11508,-0.0093186,-0.18342,-1.1478,-0.6781,-0.20225
998,0.024786,0.070259,-0.042449,-0.24253,-0.99154,-0.58228,-0.21817
999,-0.016789,0.030957,-0.068109,-0.27793,-0.73656,-0.45983,-0.22954
1000,-0.047646,0.0036737,-0.082076,-0.28248,-0.32146,-0.29645,-0.23051
1001,-0.062912,-0.0089938,-0.079802,-0.2578,0.31062,-0.075579,-0.21297
1002,-0.059989,-0.0047713,-0.061937,-0.21265,1.1262,0.20376,-0.17302
1003,-0.040825,0.012443,-0.038551,-0.16425,1.9723,0.51784,-0.11618
1004,-0.011267,0.032906,-0.020037,-0.13372,2.608,0.8066,-0.061613
1005,0.022512,0.047847,-0.012242,-0.12657,2.8396,1.0021,-0.023285
1006,0.053369,0.05142,-0.011267,-0.1295,2.6177,1.0697,-0.00022403
1007,0.07773,0.046873,-0.010943,-0.1321,2.05,1.0281,0.022188
1008,0.088773,0.041351,-0.0080194,-0.13177,1.3396,0.91898,0.059216
1009,0.082602,0.041027,0.00042559,-0.123,0.67213,0.766,0.10631
1010,0.056942,0.047198,0.011794,-0.11033,0.14204,0.56494,0.13847
1011,0.019264,0.054344,0.023812,-0.099615,-0.25357,0.31971,0.13944
1012,-0.02361,0.056292,0.037778,-0.087272,-0.56441,0.06961,0.11411
1013,-0.064536,0.047198,0.051745,-0.063561,-0.81062,-0.14152,0.071558
1014,-0.10026,0.021213,0.062789,-0.018413,-0.98082,-0.29417,0.019264
1015,-0.1308,-0.017764,0.067011,0.049147,-1.0458,-0.39811,-0.037902
1016,-0.15386,-0.06616,0.062464,0.11703,-0.97984,-0.45625,-0.085324
1017,-0.15808,-0.10871,0.05207,0.16575,-0.77586,-0.45853,-0.10676
1018,-0.14314,-0.13275,0.040377,0.18979,-0.46697,-0.38804,-0.089221
1019,-0.1178,-0.13697,0.029983,0.19693,-0.1178,-0.2461,-0.038876
1020,-0.092794,-0.12398,0.023487,0.19239,0.23364,-0.048296,0.022512
1021,-0.076229,-0.092794,0.018615,0.1781,0.57306,0.18004,0.071883
1022,-0.068758,-0.055766,0.016016,0.15796,0.88065,0.40676,0.099492
1023,-0.064211,-0.030106,0.014392,0.13652,1.1191,0.60392,0.10826
1024,-0.056416,-0.025559,0.012443,0.11281,1.2298,0.73871,0.11411
1025,-0.038876,-0.038876,0.011144,0.08585,1.1756,0.78321,0.12288
1026,-0.01614,-0.055441,0.008221,0.055318,0.98297,0.73287,0.12905
1027,0.0046481,-0.062262,0.0026992,0.022837,0.72442,0.60554,0.12385
1028,0.016016,-0.050894,-0.0050961,-0.0096434,0.46458,0.44119,0.10501
1029,0.014392,-0.025234,-0.011592,-0.038551,0.24728,0.28821,0.075131
1030,0.0020496,0.0072465,-0.01549,-0.054792,0.089748,0.18492,0.0433
1031,-0.013866,0.036804,-0.017114,-0.062262,-0.019063,0.15081,0.013743
1032,-0.02361,0.053044,-0.018738,-0.062912,-0.10481,0.1781,-0.0093186
1033,-0.025884,0.047847,-0.021012,-0.055766,-0.18342,0.24241,-0.021012
1034,-0.019712,0.029333,-0.023935,-0.030431,-0.24708,0.30802,-0.017439
1035,-0.014191,0.0033489,-0.027833,0.009845,-0.28086,0.3431,0.0033489
1036,-0.014516,-0.023285,-0.040175,0.051096,-0.2867,0.33238,0.032257
1037,-0.026858,-0.048296,-0.062912,0.067011,-0.28378,0.27684,0.051745
1038,-0.051219,-0.071357,-0.094743,0.041351,-0.28963,0.19563,0.042975
1039,-0.081101,-0.089221,-0.1295,-0.019712,-0.30489,0.11801,0.0010752
1040,-0.10449,-0.095393,-0.15873,-0.097341,-0.30489,0.070584,-0.069083
1041,-0.11098,-0.085648,-0.17854,-0.17205,-0.2526,0.078704,-0.14866
1042,-0.10026,-0.064211,-0.18504,-0.23084,-0.12787,0.16088,-0.21102
1043,-0.077853,-0.038227,-0.17887,-0.26949,0.04395,0.30639,-0.24253
1044,-0.054467,-0.017114,-0.16393,-0.28313,0.21642,0.4636,-0.2461
1045,-0.039526,-0.0044465,-0.14704,-0.27826,0.34992,0.56267,-0.23603
1046,-0.030106,0.00010078,-0.13697,-0.27696,0.4256,0.54903,-0.22304
1047,-0.02426,-0.0028225,-0.13177,-0.29612,0.46263,0.39864,-0.20648
1048,-0.019388,-0.0057458,-0.12787,-0.3286,0.48504,0.11541,-0.18634
1049,-0.022961,-0.0067202,-0.123,-0.34517,0.47984,-0.26819,-0.16912
1050,-0.03238,-0.0011985,-0.11196,-0.30944,0.41001,-0.68979,-0.1675
1051,-0.046996,0.0059473,-0.094418,-0.19966,0.25995,-1.0669,-0.17497
1052,-0.060963,0.01017,-0.070707,-0.028807,0.047198,-1.3189,-0.17789
1053,-0.066485,0.010819,-0.045047,0.16478,-0.20453,-1.4148,-0.15873
1054,-0.05804,0.014392,-0.018738,0.33952,-0.48354,-1.3758,-0.10936
1055,-0.035953,0.01894,0.0046481,0.46328,-0.76644,-1.2543,-0.045697
1056,-0.010618,0.019264,0.017965,0.52109,-1.0201,-1.1068,0.012768
1057,0.0088706,0.0078962,0.019914,0.51395,-1.1916,-0.97465,0.054344
1058,0.01894,-0.012567,0.011469,0.45678,-1.216,-0.88467,0.064413
1059,0.016666,-0.03238,-0.0011985,0.36746,-1.0494,-0.84635,0.028684
1060,0.0039985,-0.04115,-0.011592,0.25865,-0.72227,-0.86194,-0.050244
1061,-0.0083442,-0.030756,-0.018088,0.14691,-0.34355,-0.92268,-0.15613
1062,-0.013866,0.00042559,-0.021337,0.044924,-0.029457,-1.0162,-0.26559
1063,-0.011267,0.042326,-0.026858,-0.043423,0.17647,-1.128,-0.35524
1064,-0.0034721,0.087149,-0.03173,-0.10449,0.31354,-1.2124,-0.39746
1065,0.011794,0.13262,-0.030106,-0.12235,0.45386,-1.1962,-0.37213
1066,0.037778,0.18394,-0.0076946,-0.087922,0.63283,-1.0282,-0.27534
1067,0.07708,0.24663,0.044924,-0.015165,0.81342,-0.74306,-0.12333
1068,0.12678,0.31841,0.12678,0.077405,0.91768,-0.42994,0.048822
1069,0.17257,0.37818,0.22682,0.16575,0.88812,-0.17107,0.19986
1070,0.19239,0.39961,0.32101,0.23396,0.72475,0.0049729,0.30639
1071,0.18167,0.36324,0.38435,0.27651,0.48276,0.11118,0.36421
1072,0.15568,0.27391,0.40319,0.2934,0.23299,0.1677,0.3876
1073,0.131,0.15698,0.38272,0.28658,0.018615,0.19628,0.39084
1074,0.11216,0.042651,0.33725,0.25345,-0.14996,0.22714,0.38337
1075,0.10112,-0.04862,0.27944,0.19466,-0.27534,0.29405,0.36973
1076,0.096244,-0.10611,0.2187,0.13035,-0.36466,0.4217,0.34959
1077,0.097218,-0.12755,0.16673,0.081952,-0.42345,0.60619,0.32458
1078,0.10242,-0.123,0.13392,0.071883,-0.47379,0.79978,0.29892
1079,0.10339,-0.10156,0.11866,0.10696,-0.53713,0.93132,0.27034
1080,0.10079,-0.071032,0.11573,0.17907,-0.61476,0.95796,0.23916
1081,0.095594,-0.037252,0.11995,0.25605,-0.67128,0.91249,0.21317
1082,0.088124,-0.0057458,0.12125,0.30704,-0.66251,0.86409,0.20213
1083,0.080328,0.015692,0.11281,0.31322,-0.56961,0.85857,0.20895
1084,0.074482,0.021863,0.095594,0.27814,-0.4241,0.88747,0.21642
1085,0.074482,0.01764,0.073832,0.2187,-0.30067,0.90144,0.20505
1086,0.082277,0.008221,0.053694,0.15698,-0.23766,0.86279,0.16738
1087,0.097218,0.0023744,0.042326,0.11443,-0.19576,0.77477,0.11183
1088,0.11476,0.0036737,0.042651,0.097543,-0.097341,0.66661,0.051745
1089,0.12937,0.013093,0.05207,0.099817,0.092346,0.56981,0.0036737
1090,0.13262,0.026085,0.064413,0.10924,0.32653,0.49283,-0.025559
1091,0.12223,0.033231,0.070584,0.11606,0.51687,0.42332,-0.037577
1092,0.10404,0.03518,0.063438,0.11508,0.61983,0.35349,-0.042449
1093,0.085525,0.032257,0.045574,0.10404,0.66433,0.27781,-0.054142
1094,0.071558,0.02641,0.027385,0.081627,0.70071,0.17874,-0.076229
1095,0.058566,0.025111,0.013743,0.051745,0.75138,0.042001,-0.11033
1096,0.047198,0.03453,0.0046481,0.024137,0.78841,-0.12657,-0.15158
1097,0.041351,0.055643,-0.0015233,0.010495,0.7647,-0.2958,-0.18244
1098,0.04395,0.0865,-0.0021729,0.013093,0.65719,-0.43384,-0.18601
1099,0.056617,0.12223,-0.0021729,0.021863,0.48634,-0.51504,-0.1623
1100,0.076755,0.15081,-0.0044465,0.027385,0.2973,-0.52446,-0.123
1101,0.095594,0.169,-0.0080194,0.026735,0.12937,-0.45755,-0.075904
1102,0.10859,0.18102,-0.010943,0.020239,0.0033489,-0.31659,-0.026533
1103,0.11541,0.18946,-0.013216,0.0043233,-0.081101,-0.1243,0.025761
1104,0.10924,0.19044,-0.018413,-0.022961,-0.13957,0.069934,0.081303
1105,0.092021,0.18134,-0.026858,-0.053492,-0.19348,0.20278,0.13522
1106,0.068635,0.15893,-0.035953,-0.077203,-0.25585,0.23721,0.18297
1107,0.050771,0.131,-0.042774,-0.088896,-0.31626,0.1742,0.22194
1108,0.043625,0.10534,-0.04115,-0.093119,-0.34972,0.037454,0.24793
1109,0.039727,0.084551,-0.031081,-0.093769,-0.32373,-0.13307,0.2541
1110,0.035505,0.067986,-0.019712,-0.090196,-0.21817,-0.29547,0.24273
1111,0.029983,0.046223,-0.015815,-0.079477,-0.056741,-0.40786,0.21902
1112,0.023487,0.013743,-0.020362,-0.065835,0.094295,-0.44813,0.19076
1113,0.011144,-0.023285,-0.031406,-0.060963,0.17095,-0.4137,0.15893
1114,-0.011917,-0.055116,-0.046347,-0.073955,0.14139,-0.31106,0.12223
1115,-0.047321,-0.078827,-0.062262,-0.10838,0.028034,-0.14834,0.078704
1116,-0.093119,-0.09929,-0.078178,-0.15548,-0.11293,0.059541,0.021213
1117,-0.14249,-0.1243,-0.091495,-0.20063,-0.22889,0.27391,-0.058689
1118,-0.19219,-0.15873,-0.10124,-0.22921,-0.288,0.44119,-0.1662
1119,-0.23993,-0.19738,-0.10514,-0.22954,-0.28833,0.53279,-0.28995
1120,-0.27923,-0.22954,-0.10514,-0.2068,-0.2461,0.56137,-0.40104
1121,-0.2984,-0.24123,-0.10351,-0.1662,-0.18471,0.57404,-0.4686
1122,-0.288,-0.22467,-0.098316,-0.11423,-0.13047,0.61496,-0.46957
1123,-0.2474,-0.17789,-0.089546,-0.056416,-0.10774,0.70461,-0.39519
1124,-0.17984,-0.10676,-0.075255,-0.011592,-0.1217,0.85012,-0.25227
1125,-0.10676,-0.026533,-0.054792,0.0049729,-0.14606,1.0476,-0.064536
1126,-0.052843,0.037778,-0.036927,-0.014516,-0.14152,1.2656,0.131
1127,-0.03238,0.066686,-0.032055,-0.055441,-0.082725,1.452,0.2973
1128,-0.043099,0.054668,-0.038876,-0.092145,0.021863,1.539,0.41033
1129,-0.070707,0.019914,-0.044398,-0.10286,0.14724,1.4828,0.4727
1130,-0.098965,-0.01549,-0.038227,-0.080451,0.26514,1.2847,0.48764
1131,-0.11618,-0.03303,-0.020037,-0.039526,0.33985,0.97452,0.4636
1132,-0.11975,-0.029782,0.0020496,-0.00054884,0.347,0.60392,0.40903
1133,-0.10611,-0.020037,0.022837,0.015042,0.29795,0.23266,0.3327
1134,-0.072981,-0.01614,0.039402,0.00075039,0.23266,-0.094418,0.24208
1135,-0.022311,-0.029132,0.044275,-0.037252,0.19791,-0.37927,0.13165
1136,0.038103,-0.060963,0.033231,-0.084999,0.21707,-0.66348,-0.0021729
1137,0.091696,-0.10124,0.0056225,-0.12398,0.27814,-0.96718,-0.15191
1138,0.1219,-0.13404,-0.029782,-0.14119,0.36876,-1.2738,-0.31106
1139,0.12483,-0.14801,-0.064211,-0.13437,0.50193,-1.5548,-0.48711
1140,0.10501,-0.13275,-0.087597,-0.11228,0.70298,-1.7753,-0.67355
1141,0.073507,-0.086623,-0.097341,-0.084674,0.96023,-1.9052,-0.84083
1142,0.044924,-0.019388,-0.092145,-0.06616,1.1941,-1.9354,-0.94249
1143,0.030308,0.053369,-0.079152,-0.078827,1.275,-1.8848,-0.94899
1144,0.037454,0.11963,-0.067784,-0.14996,1.1051,-1.7909,-0.86551
1145,0.065062,0.17257,-0.063561,-0.2893,0.68837,-1.6944,-0.72487
1146,0.10306,0.21025,-0.057715,-0.4569,0.14269,-1.6126,-0.56019
1147,0.14204,0.23526,-0.043423,-0.58195,-0.35069,-1.5262,-0.39649
1148,0.17874,0.2502,-0.010618,-0.58488,-0.67615,-1.4112,-0.25325
1149,0.21155,0.2619,0.040377,-0.41305,-0.85187,-1.2566,-0.14314
1150,0.23786,0.27164,0.10404,-0.079802,-0.9753,-1.0653,-0.064861
1151,0.25248,0.27424,0.16575,0.33108,-1.1146,-0.8457,-0.010618
1152,0.25118,0.26417,0.20733,0.69714,-1.2488,-0.60502,0.039402
1153,0.24111,0.23948,0.22194,0.91963,-1.292,-0.3364,0.10339
1154,0.22941,0.20018,0.21382,0.9651,-1.1653,-0.021012,0.19531
1155,0.21772,0.15471,0.19336,0.85987,-0.84862,0.35739,0.30607
1156,0.20246,0.11183,0.17095,0.6692,-0.38999,0.79815,0.41033
1157,0.18167,0.080003,0.15471,0.46458,0.12483,1.2701,0.49186
1158,0.1625,0.065062,0.14464,0.29925,0.63348,1.7144,0.5435
1159,0.14821,0.066362,0.14107,0.19304,1.1096,2.0548,0.56916
1160,0.14302,0.083901,0.14659,0.14529,1.5173,2.2263,0.58151
1161,0.15146,0.11378,0.16023,0.13847,1.7872,2.2055,0.59352
1162,0.17225,0.14984,0.17972,0.15276,1.8369,2.0081,0.60782
1163,0.19401,0.18751,0.19726,0.17192,1.6225,1.6813,0.62178
1164,0.20505,0.2187,0.20863,0.18751,1.1921,1.2938,0.63283
1165,0.19791,0.23656,0.21155,0.19823,0.67862,0.90664,0.6325
1166,0.17777,0.24598,0.20895,0.2057,0.22519,0.55877,0.61464
1167,0.15926,0.25313,0.2044,0.20928,-0.093769,0.26742,0.57501
1168,0.15114,0.2593,0.19823,0.20635,-0.27371,0.048497,0.5159
1169,0.14594,0.25605,0.18914,0.19596,-0.36401,-0.087922,0.44736
1170,0.13035,0.22844,0.17517,0.17615,-0.4254,-0.14899,0.37688
1171,0.096893,0.17485,0.15276,0.14496,-0.50725,-0.16425,0.30867
1172,0.045899,0.10177,0.11995,0.10144,-0.61411,-0.16458,0.24306
1173,-0.0096434,0.029658,0.083251,0.049147,-0.70798,-0.16035,0.18654
1174,-0.059664,-0.026858,0.05207,-0.0031473,-0.74598,-0.14411,0.14204
1175,-0.098316,-0.058365,0.028034,-0.050569,-0.71577,-0.10936,0.11151
1176,-0.12852,-0.070707,0.01017,-0.084024,-0.64204,-0.075579,0.090397
1177,-0.16165,-0.078178,-0.0041217,-0.098316,-0.57059,-0.084349,0.067336
1178,-0.20258,-0.096367,-0.018413,-0.10384,-0.54525,-0.16425,0.029658
1179,-0.24968,-0.13372,-0.035953,-0.10806,-0.58358,-0.29937,-0.022636
1180,-0.29645,-0.18212,-0.056416,-0.12398,-0.66608,-0.44099,-0.080127
1181,-0.33932,-0.23084,-0.079477,-0.15061,-0.74111,-0.53453,-0.13015
1182,-0.37408,-0.27079,-0.10481,-0.17659,-0.76287,-0.55694,-0.1701
1183,-0.39584,-0.30165,-0.12235,-0.18764,-0.71513,-0.51797,-0.20323
1184,-0.39941,-0.32666,-0.13015,-0.17952,-0.61801,-0.46145,-0.23311
1185,-0.37668,-0.3429,-0.13145,-0.15841,-0.50173,-0.43319,-0.25877
1186,-0.32568,-0.3325,-0.12852,-0.12917,-0.40493,-0.45528,-0.27728
1187,-0.2487,-0.28411,-0.11813,-0.095068,-0.36044,-0.51667,-0.28281
1188,-0.15191,-0.19219,-0.094743,-0.057715,-0.37862,-0.58423,-0.26299
1189,-0.038876,-0.064861,-0.062587,-0.0067202,-0.43287,-0.61086,-0.2055
1190,0.079029,0.074806,-0.023935,0.062464,-0.5014,-0.56994,-0.11488
1191,0.18589,0.19661,0.017965,0.13587,-0.58195,-0.46372,-0.010943
1192,0.26709,0.27879,0.056942,0.19336,-0.66673,-0.31529,0.082277
1193,0.31094,0.31516,0.087474,0.22357,-0.7148,-0.14022,0.15179
1194,0.32426,0.31419,0.10501,0.22584,-0.68199,0.061165,0.20051
1195,0.31906,0.28496,0.10826,0.20635,-0.56896,0.28106,0.23851
1196,0.30932,0.23689,0.099492,0.17257,-0.41663,0.49543,0.27261
1197,0.30672,0.18622,0.082927,0.13879,-0.27891,0.66693,0.30542
1198,0.31289,0.14691,0.066362,0.11801,-0.19381,0.77314,0.33011
1199,0.31711,0.12158,0.053044,0.11021,-0.16718,0.81244,0.3379
1200,0.30542,0.10306,0.039727,0.10436,-0.17205,0.79588,0.32686
1201,0.27294,0.081952,0.019264,0.089423,-0.15646,0.74131,0.296
1202,0.22292,0.058891,-0.014516,0.059541,-0.072656,0.67635,0.24955
1203,0.16835,0.042975,-0.061288,0.012443,0.12028,0.63672,0.19953
1204,0.12255,0.043625,-0.11261,-0.044723,0.45223,0.64874,0.15601
1205,0.090722,0.059216,-0.15386,-0.095068,0.90599,0.715,0.1219
1206,0.070909,0.084226,-0.17692,-0.12073,1.3942,0.8092,0.088773
1207,0.057267,0.10794,-0.1753,-0.11553,1.7755,0.87838,0.046873
1208,0.036804,0.11898,-0.15288,-0.084674,1.9256,0.87188,-0.0096434
1209,0.00042559,0.11086,-0.11748,-0.046022,1.8103,0.77412,-0.071032
1210,-0.053817,0.089423,-0.075255,-0.015165,1.4978,0.61269,-0.12365
1211,-0.11488,0.058241,-0.032055,0.0014,1.1122,0.43209,-0.15711
1212,-0.16815,0.021213,0.009845,0.0075714,0.76665,0.26384,-0.16588
1213,-0.20648,-0.030756,0.048822,0.016341,0.51395,0.11054,-0.14541
1214,-0.22142,-0.10838,0.075131,0.034855,0.347,-0.031081,-0.097017
1215,-0.21525,-0.20745,0.082927,0.065062,0.24728,-0.15418,-0.037577
1216,-0.20096,-0.30262,0.072858,0.10631,0.20928,-0.24286,0.008221
1217,-0.18666,-0.36368,0.05272,0.15276,0.23494,-0.2854,0.014717
1218,-0.17952,-0.36985,0.030308,0.18687,0.31809,-0.26787,-0.033354
1219,-0.18861,-0.32276,0.0059473,0.1768,0.44281,-0.18277,-0.12657
1220,-0.21785,-0.23961,-0.022636,0.093645,0.55747,-0.027833,-0.23409
1221,-0.25357,-0.14379,-0.051544,-0.050244,0.61918,0.19044,-0.31691
1222,-0.27436,-0.053817,-0.069083,-0.19836,0.59645,0.44801,-0.34809
1223,-0.25487,0.032257,-0.063237,-0.28476,0.47692,0.67797,-0.32276
1224,-0.18309,0.12255,-0.028807,-0.28118,0.27846,0.79361,-0.26397
1225,-0.074605,0.22032,0.025111,-0.2107,0.057917,0.74001,-0.20485
1226,0.039402,0.30932,0.081303,-0.13469,-0.11845,0.51752,-0.174
1227,0.12678,0.36226,0.11573,-0.11098,-0.21525,0.17615,-0.17887
1228,0.17062,0.35414,0.11768,-0.1662,-0.25292,-0.212,-0.21752
1229,0.17257,0.27391,0.092671,-0.27891,-0.28053,-0.56864,-0.27891
1230,0.14432,0.13717,0.058241,-0.39032,-0.3442,-0.83498,-0.33997
1231,0.10436,-0.023285,0.028684,-0.43449,-0.46048,-0.98504,-0.38317
1232,0.066362,-0.16718,0.011469,-0.37375,-0.61379,-1.0299,-0.40299
1233,0.03518,-0.26657,0.0069217,-0.21232,-0.74761,-1.0058,-0.39876
1234,0.0049729,-0.31334,0.012119,0.010495,-0.78204,-0.94736,-0.3757
1235,-0.023935,-0.31886,0.022512,0.23591,-0.66478,-0.86486,-0.3312
1236,-0.04992,-0.30002,0.029333,0.41163,-0.42215,-0.74241,-0.26527
1237,-0.062912,-0.26559,0.024786,0.5094,-0.16198,-0.57903,-0.17984
1238,-0.048296,-0.21525,0.01764,0.53084,-0.0083442,-0.40786,-0.072981
1239,0.0043233,-0.14736,0.020564,0.49901,-0.026858,-0.28281,0.046548
1240,0.0852,-0.071682,0.037454,0.44021,-0.19316,-0.23798,0.16543
1241,0.17192,-0.00054884,0.066362,0.37233,-0.43254,-0.26429,0.26969
1242,0.23948,0.050446,0.099817,0.30542,-0.67842,-0.33218,0.34862
1243,0.27002,0.076755,0.1284,0.24923,-0.89994,-0.41468,0.39604
1244,0.25962,0.082927,0.14821,0.20635,-1.1055,-0.49718,0.40611
1245,0.21805,0.077405,0.15568,0.17355,-1.3066,-0.55694,0.38305
1246,0.16315,0.069285,0.15146,0.14951,-1.4849,-0.56831,0.34082
1247,0.11541,0.063113,0.14074,0.13262,-1.5986,-0.52609,0.2999
1248,0.086175,0.063113,0.12905,0.11703,-1.6148,-0.45333,0.27099
1249,0.074157,0.065712,0.11736,0.097868,-1.5379,-0.3744,0.25475
1250,0.068635,0.06896,0.10274,0.073507,-1.3985,-0.30197,0.23624
1251,0.061814,0.070909,0.079354,0.040702,-1.2221,-0.23409,0.20311
1252,0.053369,0.079029,0.046223,0.003024,-0.99706,-0.15353,0.15828
1253,0.050771,0.10014,0.012768,-0.028807,-0.69174,-0.042774,0.11248
1254,0.062789,0.13425,-0.014516,-0.04862,-0.29255,0.10501,0.07708
1255,0.092021,0.17647,-0.033354,-0.059339,0.16705,0.27976,0.066362
1256,0.1336,0.2135,-0.04115,-0.061288,0.61788,0.4688,0.085525
1257,0.18134,0.24046,-0.039851,-0.054142,0.98946,0.65296,0.12905
1258,0.22194,0.25962,-0.027508,-0.035303,1.237,0.80562,0.17907
1259,0.24468,0.28333,-0.0089938,-0.013541,1.3442,0.89689,0.22032
1260,0.25053,0.32296,0.011144,0.0020496,1.326,0.91606,0.24533
1261,0.24371,0.36421,0.029983,0.0069217,1.2191,0.87903,0.24988
1262,0.22422,0.37525,0.047523,0.0020496,1.0726,0.81829,0.23818
1263,0.18589,0.32686,0.059541,-0.0044465,0.94367,0.75333,0.21415
1264,0.13002,0.22065,0.061489,-0.012242,0.87188,0.67895,0.18394
1265,0.057917,0.082927,0.046548,-0.017764,0.86084,0.57858,0.15049
1266,-0.025234,-0.056091,0.016341,-0.027183,0.87221,0.42527,0.11313
1267,-0.10806,-0.1727,-0.021986,-0.047646,0.84557,0.19206,0.06961
1268,-0.17594,-0.25065,-0.062587,-0.076879,0.73059,-0.12722,0.014717
1269,-0.22337,-0.28248,-0.10026,-0.11033,0.51687,-0.504,-0.054792
1270,-0.25227,-0.27858,-0.13567,-0.14314,0.24533,-0.8837,-0.14346
1271,-0.26884,-0.25747,-0.16782,-0.17075,-0.014191,-1.1984,-0.23798
1272,-0.27079,-0.23214,-0.19056,-0.19219,-0.19673,-1.3751,-0.30944
1273,-0.2565,-0.20128,-0.19803,-0.2055,-0.27566,-1.354,-0.33543
1274,-0.23051,-0.1623,-0.18991,-0.19966,-0.27046,-1.1241,-0.30879
1275,-0.2016,-0.11618,-0.1727,-0.17172,-0.23149,-0.7645,-0.2461
1276,-0.18536,-0.073306,-0.15191,-0.13404,-0.20615,-0.41793,-0.18536
1277,-0.18731,-0.042774,-0.13827,-0.10254,-0.21947,-0.21395,-0.16685
1278,-0.2029,-0.028482,-0.13404,-0.09182,-0.27176,-0.20128,-0.20388
1279,-0.22272,-0.02361,-0.13989,-0.09994,-0.34744,-0.33413,-0.28346
1280,-0.23961,-0.021986,-0.14866,-0.1178,-0.4228,-0.51309,-0.3796
1281,-0.2474,-0.018088,-0.15353,-0.13957,-0.47834,-0.63782,-0.46567
1282,-0.25,-0.01484,-0.15678,-0.16263,-0.49783,-0.64854,-0.51894
1283,-0.24935,-0.013541,-0.1597,-0.18114,-0.46827,-0.53778,-0.53356
1284,-0.24383,-0.011592,-0.15776,-0.18829,-0.37635,-0.35491,-0.51439
1285,-0.22856,-0.0024977,-0.15191,-0.18114,-0.20323,-0.15613,-0.46827
1286,-0.20031,0.015042,-0.14379,-0.1662,0.078704,0.023162,-0.39909
1287,-0.15711,0.038753,-0.1334,-0.15548,0.4701,0.16153,-0.31756
1288,-0.10611,0.065062,-0.11456,-0.14801,0.89462,0.23981,-0.23766
1289,-0.060963,0.086175,-0.087272,-0.14119,1.224,0.24078,-0.1753
1290,-0.04115,0.090397,-0.056091,-0.13177,1.3412,0.15536,-0.14476
1291,-0.052518,0.064413,-0.029782,-0.1178,1.2139,-0.0034721,-0.14866
1292,-0.089221,0.0085458,-0.016789,-0.095068,0.90599,-0.18991,-0.17042
1293,-0.13047,-0.062262,-0.015815,-0.056416,0.51817,-0.33543,-0.17887
1294,-0.15516,-0.12722,-0.019063,0.0023744,0.12483,-0.38025,-0.14834
1295,-0.15288,-0.16653,-0.017764,0.074806,-0.2435,-0.30652,-0.081426
1296,-0.12527,-0.1701,-0.0067202,0.14529,-0.56571,-0.15223,-0.0060706
1297,-0.086948,-0.14216,0.013743,0.19726,-0.82394,0.015692,0.046223
1298,-0.047646,-0.098641,0.043625,0.23071,-1.0052,0.15016,0.057267
1299,-0.015815,-0.058689,0.078379,0.2476,-1.1052,0.22877,0.027709
1300,0.0036737,-0.032055,0.11248,0.25605,-1.1166,0.24923,-0.034004
1301,0.015692,-0.022311,0.14042,0.26742,-1.0172,0.23591,-0.10546
1302,0.028684,-0.021012,0.16121,0.28301,-0.77911,0.24111,-0.15483
1303,0.05142,-0.013541,0.17387,0.29503,-0.37278,0.30672,-0.15776
1304,0.0852,0.012119,0.18102,0.29697,0.2044,0.43827,-0.10481
1305,0.12255,0.064088,0.18459,0.28528,0.87708,0.60002,-0.0096434
1306,0.15276,0.13067,0.18816,0.26514,1.5046,0.74164,0.099492
1307,0.17062,0.19044,0.19141,0.23624,1.9678,0.81602,0.18784
1308,0.17615,0.23136,0.18751,0.20246,2.214,0.79101,0.23851
1309,0.17842,0.24598,0.17615,0.16088,2.2549,0.67018,0.25767
1310,0.18459,0.23624,0.16153,0.11508,2.1243,0.49218,0.25962
1311,0.19401,0.20798,0.14529,0.072858,1.8612,0.30672,0.2515
1312,0.19466,0.1677,0.12548,0.04395,1.517,0.14529,0.22877
1313,0.17387,0.11801,0.10144,0.023162,1.1577,0.014392,0.19011
1314,0.13879,0.069934,0.076755,0.0072465,0.83486,-0.07493,0.14821
1315,0.10274,0.03583,0.058891,0.00010078,0.57144,-0.11033,0.12125
1316,0.084226,0.020888,0.053369,0.0062721,0.36324,-0.098641,0.12515
1317,0.089748,0.018615,0.061814,0.02641,0.18199,-0.063886,0.16283
1318,0.11476,0.017965,0.083251,0.05207,-0.010943,-0.029457,0.22682
1319,0.14854,0.01764,0.11508,0.07773,-0.22402,0.0049729,0.30899
1320,0.18849,0.022837,0.15114,0.10144,-0.41305,0.042651,0.39864
1321,0.23656,0.041027,0.18492,0.1258,-0.52446,0.10014,0.48601
1322,0.28561,0.072858,0.21317,0.15438,-0.54428,0.18914,0.56007
1323,0.32328,0.10956,0.23526,0.18751,-0.49556,0.31257,0.61171
1324,0.3392,0.14074,0.25183,0.21772,-0.41598,0.47789,0.64257
1325,0.3327,0.15796,0.26027,0.23786,-0.32828,0.69064,0.66043
1326,0.31062,0.16153,0.2528,0.24793,-0.23603,0.92288,0.66791
1327,0.27781,0.15568,0.23104,0.25118,-0.12657,1.1158,0.65264
1328,0.24176,0.14496,0.20051,0.24436,-0.0018481,1.2191,0.60327
1329,0.20668,0.131,0.16705,0.22487,0.099817,1.2055,0.51719
1330,0.17485,0.11378,0.13295,0.18979,0.1336,1.0804,0.40936
1331,0.14659,0.098517,0.10079,0.15309,0.095269,0.87968,0.30315
1332,0.12645,0.092671,0.078055,0.13652,0.026735,0.66076,0.23071
1333,0.11703,0.096893,0.061814,0.14789,-0.030756,0.47205,0.19823
1334,0.11313,0.10339,0.044275,0.15926,-0.064211,0.34212,0.19369
1335,0.10891,0.10534,0.021538,0.14009,-0.097991,0.27554,0.19531
1336,0.10079,0.11021,-0.0024977,0.081952,-0.17659,0.24695,0.19531
1337,0.093645,0.12645,-0.013866,0.0075714,-0.33835,0.21577,0.18914
1338,0.091696,0.16056,-0.0054209,-0.051219,-0.59007,0.15601,0.18167
1339,0.097868,0.2057,0.019264,-0.071357,-0.8824,0.067661,0.17582
1340,0.10112,0.24111,0.050446,-0.044723,-1.1306,-0.032055,0.17647
1341,0.092346,0.23981,0.073832,0.013418,-1.2572,-0.12008,0.18004
1342,0.066686,0.18784,0.080653,0.079029,-1.2345,-0.174,0.18622
1343,0.034855,0.10112,0.076431,0.12775,-1.0961,-0.18439,0.19174
1344,0.01017,0.011144,0.067011,0.13067,-0.9256,-0.16295,0.19661
1345,0.00075039,-0.050244,0.051745,0.073832,-0.80867,-0.13794,0.18946
1346,0.0095202,-0.071032,0.02641,-0.027833,-0.7999,-0.13957,0.16056
1347,0.033556,-0.055116,-0.010943,-0.13924,-0.90221,-0.19121,0.10242
1348,0.059541,-0.027183,-0.057065,-0.22791,-1.0812,-0.30554,0.01017
1349,0.073832,-0.011592,-0.10644,-0.27436,-1.2998,-0.48581,-0.11131
1350,0.071234,-0.019712,-0.14769,-0.27274,-1.5216,-0.70895,-0.23246
1351,0.054993,-0.042774,-0.17107,-0.23181,-1.7006,-0.9321,-0.31594
1352,0.030633,-0.065835,-0.17367,-0.1727,-1.7789,-1.1101,-0.34062
1353,0.0049729,-0.078827,-0.15711,-0.11358,-1.6873,-1.2072,-0.31269
1354,-0.019712,-0.081751,-0.12722,-0.062587,-1.3777,-1.2046,-0.26949
1355,-0.044723,-0.078827,-0.093444,-0.018413,-0.8772,-1.0981,-0.2487
1356,-0.071682,-0.079477,-0.064211,0.023487,-0.28573,-0.90416,-0.26137
1357,-0.094743,-0.091495,-0.042124,0.063763,0.26417,-0.65341,-0.29028
1358,-0.10676,-0.11033,-0.029782,0.10209,0.6783,-0.3822,-0.30717
1359,-0.10189,-0.1217,-0.021986,0.13132,0.93879,-0.12787,-0.2945
1360,-0.080127,-0.11326,-0.013866,0.14432,1.0499,0.072208,-0.25812
1361,-0.047646,-0.080127,0.0010752,0.13912,0.99076,0.18134,-0.21557
1362,-0.010293,-0.026858,0.024461,0.11963,0.74359,0.17647,-0.18666
1363,0.028034,0.037129,0.047198,0.097218,0.35057,0.055643,-0.17335
1364,0.069285,0.10469,0.055643,0.084226,-0.068109,-0.13534,-0.15646
1365,0.11313,0.16153,0.046548,0.086824,-0.34744,-0.31431,-0.11975
1366,0.15244,0.19466,0.024137,0.098193,-0.34809,-0.39909,-0.059664
1367,0.17225,0.19693,-0.00054884,0.10144,-0.038227,-0.34842,0.010495
1368,0.16998,0.17225,-0.019712,0.084226,0.46523,-0.17854,0.066037
1369,0.15146,0.1323,-0.031081,0.048172,0.94497,0.042001,0.09397
1370,0.12418,0.093321,-0.038227,0.00075039,1.2279,0.22584,0.091696
1371,0.096893,0.064088,-0.046996,-0.046347,1.2652,0.2999,0.063438
1372,0.074157,0.048172,-0.059014,-0.087272,1.1278,0.24111,0.014717
1373,0.059541,0.047847,-0.068109,-0.10968,0.9362,0.079029,-0.036927
1374,0.049147,0.059865,-0.069408,-0.11326,0.7647,-0.12527,-0.070707
1375,0.037129,0.073507,-0.063237,-0.10611,0.63315,-0.31691,-0.0824
1376,0.021213,0.076755,-0.056091,-0.098316,0.53116,-0.4595,-0.073306
1377,0.0033489,0.069285,-0.052843,-0.093119,0.46523,-0.50952,-0.040825
1378,-0.010293,0.055968,-0.04927,-0.085973,0.46035,-0.40916,0.016991
1379,-0.016464,0.041351,-0.04115,-0.072981,0.53441,-0.12592,0.090722
1380,-0.019388,0.023812,-0.028157,-0.059014,0.66726,0.29145,0.15341
1381,-0.027833,0.0046481,-0.018738,-0.059664,0.81894,0.73352,0.18037
1382,-0.042124,-0.01549,-0.017439,-0.086298,0.95893,1.0986,0.17225
1383,-0.055766,-0.037577,-0.023935,-0.13372,1.0573,1.3377,0.15503
1384,-0.064211,-0.058365,-0.039526,-0.18244,1.0892,1.4647,0.15179
1385,-0.06681,-0.070058,-0.055116,-0.21265,1.0486,1.5329,0.16315
1386,-0.063886,-0.064536,-0.061937,-0.21427,0.95471,1.5926,0.1768
1387,-0.060313,-0.04992,-0.052193,-0.17594,0.84005,1.6592,0.1716
1388,-0.059339,-0.034329,-0.02361,-0.096692,0.71533,1.6995,0.1349
1389,-0.060963,-0.021661,0.015367,0.0065969,0.55715,1.666,0.071883
1390,-0.064861,-0.0073698,0.055643,0.10404,0.33433,1.5208,0.00010078
1391,-0.068109,0.01829,0.085525,0.16543,0.033881,1.2344,-0.065186
1392,-0.070382,0.05207,0.10501,0.18784,-0.34095,0.79815,-0.1256
1393,-0.067459,0.084551,0.11606,0.18232,-0.77911,0.22844,-0.19381
1394,-0.056416,0.10339,0.12125,0.1664,-1.2439,-0.42897,-0.28021
1395,-0.039201,0.099817,0.12158,0.15244,-1.6766,-1.0994,-0.37408
1396,-0.017114,0.07708,0.12385,0.14269,-2.0163,-1.7064,-0.46145
1397,0.0065969,0.050121,0.12678,0.14009,-2.2131,-2.1654,-0.52674
1398,0.022837,0.031607,0.12775,0.14464,-2.2482,-2.4077,-0.55694
1399,0.028684,0.020239,0.12483,0.14821,-2.1375,-2.3811,-0.53746
1400,0.031932,0.01764,0.12678,0.14626,-1.9296,-2.065,-0.44911
1401,0.038753,0.020888,0.14042,0.14594,-1.6753,-1.5047,-0.29093
1402,0.054668,0.027385,0.16673,0.15536,-1.3852,-0.80802,-0.086948
1403,0.076431,0.029009,0.19434,0.1677,-1.0123,-0.11196,0.12158
1404,0.093645,0.029009,0.2109,0.17355,-0.5014,0.47367,0.29665
1405,0.092346,0.030308,0.21123,0.15926,0.1232,0.88423,0.40871
1406,0.070584,0.036804,0.19044,0.11573,0.73254,1.1005,0.45158
1407,0.040052,0.044924,0.14691,0.049472,1.1749,1.1493,0.43827
1408,0.011794,0.043625,0.084551,-0.01549,1.3591,1.0804,0.39149
1409,-0.0096434,0.022188,0.012443,-0.046022,1.2818,0.94269,0.32036
1410,-0.029782,-0.012892,-0.054142,-0.027508,1.0249,0.76015,0.2187
1411,-0.05739,-0.052518,-0.098965,0.038428,0.70396,0.55292,0.084226
1412,-0.089221,-0.077528,-0.11391,0.13392,0.40871,0.34082,-0.065835
1413,-0.11456,-0.075904,-0.096367,0.23331,0.18232,0.14854,-0.20388
1414,-0.123,-0.052843,-0.054792,0.30932,0.036804,-0.010293,-0.30944
1415,-0.11228,-0.020037,-0.0044465,0.34375,-0.028157,-0.15093,-0.37213
1416,-0.087597,0.0078962,0.040377,0.33303,-0.021012,-0.29872,-0.38772
1417,-0.059014,0.022837,0.062464,0.28008,0.036154,-0.46567,-0.34907
1418,-0.030106,0.020239,0.059541,0.19401,0.1219,-0.62678,-0.25845
1419,-0.0080194,0.0023744,0.036804,0.095269,0.21252,-0.74208,-0.13112
1420,-0.00022403,-0.030431,0.010819,0.011469,0.2934,-0.77002,-0.0021729
1421,-0.01549,-0.066485,-0.0034721,-0.042774,0.37103,-0.69012,0.095594
1422,-0.04862,-0.094418,-0.0034721,-0.068758,0.46295,-0.51699,0.14334
1423,-0.089221,-0.10611,0.0052977,-0.076229,0.56559,-0.30554,0.14919
1424,-0.12365,-0.10026,0.013743,-0.080127,0.6364,-0.13762,0.12743
1425,-0.14346,-0.0824,0.01829,-0.0837,0.61788,-0.084024,0.091372
1426,-0.14801,-0.059664,0.014392,-0.085324,0.47399,-0.1688,0.055318
1427,-0.13924,-0.046022,-0.0015233,-0.088896,0.22389,-0.35849,0.033556
1428,-0.1204,-0.052843,-0.027833,-0.094743,-0.067784,-0.57513,0.034206
1429,-0.098316,-0.078178,-0.05739,-0.10156,-0.32601,-0.73072,0.051745
1430,-0.084024,-0.10968,-0.081751,-0.10806,-0.49003,-0.76969,0.078704
1431,-0.078503,-0.13697,-0.09994,-0.11358,-0.54038,-0.68492,0.10306
1432,-0.082725,-0.15126,-0.11358,-0.1191,-0.49718,-0.50822,0.11736
1433,-0.092794,-0.15029,-0.12722,-0.12982,-0.40234,-0.28476,0.11606
1434,-0.10416,-0.13567,-0.13892,-0.14249,-0.29028,-0.063886,0.10436
1435,-0.11163,-0.11521,-0.14866,-0.15386,-0.17497,0.11736,0.083901
1436,-0.11293,-0.09182,-0.15061,-0.16003,-0.056091,0.24728,0.054019
1437,-0.10838,-0.067784,-0.14087,-0.14996,0.067661,0.32653,0.016666
1438,-0.097341,-0.043099,-0.1243,-0.11391,0.19239,0.36453,-0.021012
1439,-0.0837,-0.018738,-0.11326,-0.074605,0.29827,0.36876,-0.049595
1440,-0.070707,-0.0011985,-0.11456,-0.065835,0.36031,0.34602,-0.063561
1441,-0.059989,0.0056225,-0.12755,-0.10351,0.36648,0.29275,-0.072006
1442,-0.051868,0.0033489,-0.14704,-0.17465,0.31711,0.18297,-0.09929
1443,-0.047646,-0.0063954,-0.1675,-0.24838,0.22162,0.0020496,-0.1597
1444,-0.048296,-0.017114,-0.17887,-0.29515,0.10209,-0.22402,-0.23863
1445,-0.047971,-0.018088,-0.17919,-0.301,-0.0054209,-0.43677,-0.29645
1446,-0.037577,-0.0018481,-0.1662,-0.27241,-0.068758,-0.57448,-0.2945
1447,-0.012892,0.028684,-0.13989,-0.22499,-0.072006,-0.59332,-0.22077
1448,0.025111,0.065712,-0.10319,-0.16815,-0.019712,-0.47282,-0.096367
1449,0.074157,0.10112,-0.055766,-0.10059,0.064737,-0.23214,0.045249
1450,0.12937,0.13132,-0.0054209,-0.017439,0.14139,0.06961,0.17322
1451,0.18264,0.15763,0.039727,0.06831,0.17322,0.34894,0.26969
1452,0.2187,0.18004,0.072858,0.13977,0.16088,0.53473,0.32231
1453,0.21805,0.19499,0.087149,0.18816,0.14302,0.60294,0.32231
1454,0.1729,0.19401,0.079679,0.21058,0.16348,0.57923,0.27196
1455,0.096569,0.1703,0.055318,0.19758,0.23656,0.51752,0.19174
1456,0.014392,0.13132,0.022512,0.14432,0.34017,0.45808,0.10371
1457,-0.04992,0.084876,-0.013216,0.05142,0.423,0.39637,0.013093
1458,-0.085324,0.041027,-0.044398,-0.064536,0.44021,0.31484,-0.076554
1459,-0.089871,0.010819,-0.068434,-0.17107,0.40514,0.21837,-0.15158
1460,-0.068758,0.0052977,-0.080776,-0.24156,0.36778,0.13684,-0.19446
1461,-0.027833,0.020239,-0.078178,-0.26169,0.37006,0.093645,-0.19478
1462,0.02641,0.047847,-0.058689,-0.23311,0.42235,0.099167,-0.15711
1463,0.079679,0.07708,-0.024909,-0.1714,0.49543,0.13782,-0.097341
1464,0.1245,0.10469,0.019589,-0.086948,0.53343,0.16445,-0.033679
1465,0.15763,0.1336,0.070584,0.010495,0.48991,0.14919,0.033231
1466,0.18751,0.16185,0.12288,0.11281,0.37623,0.09397,0.10534
1467,0.21707,0.18362,0.1664,0.20473,0.2489,0.028684,0.18167
1468,0.24371,0.19434,0.19336,0.27554,0.1677,-0.0083442,0.25215
1469,0.26255,0.19076,0.20505,0.31809,0.16965,-0.0011985,0.29925
1470,0.26742,0.17777,0.2109,0.32848,0.23201,0.048172,0.30899
1471,0.26417,0.16575,0.22129,0.31711,0.28821,0.12678,0.29015
1472,0.26255,0.1703,0.24013,0.29925,0.27132,0.21382,0.27196
1473,0.27586,0.19531,0.2619,0.28463,0.14074,0.28756,0.28268
1474,0.30672,0.23624,0.27846,0.27619,-0.089546,0.33303,0.32166
1475,0.33595,0.27359,0.28106,0.26774,-0.34777,0.33725,0.35966
1476,0.3379,0.28918,0.26417,0.25832,-0.5459,0.2947,0.36194
1477,0.29892,0.26904,0.23071,0.24566,-0.62028,0.21707,0.31451
1478,0.22454,0.21285,0.19369,0.22844,-0.56117,0.1323,0.23559
1479,0.14107,0.14009,0.16543,0.2122,-0.39941,0.056617,0.15893
1480,0.076431,0.075456,0.15114,0.20116,-0.20031,-0.0031473,0.11476
1481,0.042326,0.033556,0.14724,0.19141,-0.050569,-0.04927,0.10306
1482,0.032257,0.017965,0.14659,0.17712,-0.0099683,-0.084999,0.10339
1483,0.031607,0.020564,0.14074,0.15828,-0.088896,-0.11553,0.094295
1484,0.024786,0.025436,0.1271,0.13587,-0.25422,-0.14249,0.065387
1485,0.0049729,0.022837,0.10534,0.11118,-0.45463,-0.15613,0.016991
1486,-0.025884,0.010819,0.082602,0.081952,-0.631,-0.14379,-0.043099
1487,-0.058365,-0.0054209,0.061165,0.049796,-0.74566,-0.09182,-0.098965
1488,-0.082725,-0.017764,0.042001,0.012119,-0.78431,0.00075039,-0.13112
1489,-0.094743,-0.016789,0.029983,-0.027833,-0.75995,0.12418,-0.12787
1490,-0.093769,-0.0041217,0.028684,-0.064861,-0.69856,0.26092,-0.088896
1491,-0.078178,0.016341,0.039078,-0.10124,-0.61931,0.39019,-0.028807
1492,-0.04862,0.036804,0.053369,-0.13762,-0.52836,0.49316,0.033881
1493,-0.020037,0.046548,0.061165,-0.16588,-0.42735,0.55325,0.084876
1494,-0.010618,0.039402,0.061165,-0.17335,-0.3351,0.55812,0.11768
1495,-0.024585,0.014392,0.053369,-0.15841,-0.27696,0.50713,0.1297
1496,-0.058689,-0.022311,0.041351,-0.1243,-0.26884,0.40838,0.12613
1497,-0.09994,-0.060313,0.028359,-0.073631,-0.30522,0.27651,0.10924
1498,-0.13632,-0.092145,0.015042,-0.0021729,-0.35102,0.12093,0.081303
1499,-0.15711,-0.11423,0.0010752,0.090397,-0.37343,-0.053168,0.040377
1500,-0.1623,-0.1269,-0.0099683,0.18751,-0.35296,-0.23701,-0.0099683
1501,-0.15516,-0.13404,-0.016789,0.26742,-0.29385,-0.42117,-0.061937
1502,-0.14216,-0.13827,-0.023935,0.30834,-0.20713,-0.59495,-0.10676
1503,-0.12852,-0.13729,-0.035628,0.2999,-0.098965,-0.7515,-0.14834
1504,-0.11651,-0.13112,-0.050894,0.24208,0.037129,-0.88792,-0.19348
1505,-0.10026,-0.11553,-0.062262,0.15601,0.19888,-0.98991,-0.23798
1506,-0.075579,-0.089871,-0.068758,0.072858,0.36973,-1.0286,-0.26851
1507,-0.039526,-0.056091,-0.071682,0.01764,0.50745,-0.97627,-0.27728
1508,0.0036737,-0.020037,-0.077203,-0.0031473,0.56397,-0.83888,-0.26624
1509,0.046873,0.010819,-0.090196,-0.0080194,0.51914,-0.65309,-0.24773
1510,0.08585,0.034206,-0.10416,-0.017439,0.40481,-0.46243,-0.23116
1511,0.11833,0.057267,-0.11228,-0.038876,0.30445,-0.288,-0.21265
1512,0.14691,0.085525,-0.11098,-0.059664,0.33368,-0.12625,-0.174
1513,0.17452,0.11898,-0.10026,-0.069733,0.54838,0.049147,-0.10319
1514,0.19823,0.14659,-0.08305,-0.065186,0.88,0.24923,-0.0060706
1515,0.21252,0.15958,-0.069083,-0.04992,1.1805,0.44606,0.089748
1516,0.21058,0.15373,-0.060313,-0.038551,1.3172,0.59612,0.15471
1517,0.19011,0.13035,-0.056416,-0.043099,1.2561,0.66563,0.16673
1518,0.15179,0.095269,-0.05739,-0.063237,1.0496,0.64777,0.12872
1519,0.099492,0.053694,-0.062262,-0.09117,0.79068,0.56689,0.059216
1520,0.037778,0.0075714,-0.072006,-0.11001,0.54903,0.47432,-0.012567
1521,-0.025884,-0.041799,-0.087922,-0.11196,0.33823,0.40838,-0.066485
1522,-0.085324,-0.084024,-0.10579,-0.10026,0.12288,0.36876,-0.090521
1523,-0.13372,-0.11163,-0.11878,-0.078827,-0.13372,0.33433,-0.085324
1524,-0.16133,-0.12333,-0.11553,-0.045697,-0.42182,0.30087,-0.054792
1525,-0.15483,-0.11878,-0.087597,-0.0063954,-0.67355,0.29275,0.0026992
1526,-0.11391,-0.097666,-0.04115,0.025761,-0.8012,0.32556,0.082602
1527,-0.050894,-0.063561,0.009845,0.036804,-0.73721,0.39637,0.1703
1528,0.01829,-0.025884,0.053369,0.027385,-0.48516,0.47887,0.24955
1529,0.082927,0.0065969,0.080003,0.0065969,-0.15646,0.52726,0.30445
1530,0.13522,0.030957,0.088773,-0.023935,0.096244,0.49868,0.32393
1531,0.16608,0.043625,0.081952,-0.068434,0.17777,0.38045,0.30477
1532,0.16543,0.043625,0.071234,-0.11878,0.089098,0.20603,0.25507
1533,0.1323,0.030633,0.057917,-0.14022,-0.11131,0.026735,0.18849
1534,0.07773,0.009845,0.046223,-0.084024,-0.35621,-0.12008,0.1232
1535,0.01764,-0.010618,0.040052,0.078055,-0.56474,-0.21914,0.074157
1536,-0.034654,-0.027833,0.039078,0.32198,-0.64009,-0.27274,0.048172
1537,-0.072331,-0.038876,0.039078,0.56721,-0.50627,-0.27501,0.042651
1538,-0.085973,-0.043748,0.040377,0.72085,-0.1727,-0.21492,0.053044
1539,-0.075255,-0.045047,0.044275,0.73352,0.24436,-0.097991,0.070584
1540,-0.039851,-0.04115,0.054019,0.61236,0.57533,0.042975,0.090722
1541,0.0069217,-0.029457,0.065387,0.40319,0.68837,0.15731,0.11054
1542,0.052395,-0.012892,0.073832,0.16413,0.54253,0.19791,0.13132
1543,0.085525,0.0023744,0.072858,-0.055441,0.20213,0.15373,0.14919
1544,0.096569,0.016666,0.061165,-0.21427,-0.19836,0.044599,0.16088
1545,0.082277,0.029009,0.042651,-0.28865,-0.52771,-0.088572,0.15893
1546,0.0433,0.039078,0.022188,-0.27631,-0.71545,-0.20128,0.13587
1547,-0.012892,0.049796,0.011144,-0.20063,-0.76417,-0.26397,0.09397
1548,-0.079477,0.056942,0.012119,-0.093444,-0.72065,-0.26267,0.04395
1549,-0.14476,0.056292,0.024786,0.009845,-0.6349,-0.2016,-0.0037969
1550,-0.20225,0.046548,0.04395,0.081952,-0.53031,-0.10676,-0.046347
1551,-0.25227,0.02641,0.065712,0.10924,-0.40981,-0.014516,-0.079152
1552,-0.28735,-0.0083442,0.0852,0.10079,-0.27761,0.033556,-0.09929
1553,-0.30424,-0.058365,0.099817,0.072208,-0.14152,0.016991,-0.11228
1554,-0.29385,-0.10546,0.10599,0.038753,-0.0060706,-0.051544,-0.1217
1555,-0.25,-0.1256,0.10566,0.01894,0.12872,-0.13242,-0.12235
1556,-0.174,-0.10676,0.10664,0.03518,0.27424,-0.18179,-0.11196
1557,-0.073306,-0.054142,0.11411,0.084876,0.4243,-0.18114,-0.091495
1558,0.03518,0.0072465,0.12807,0.13295,0.53181,-0.14671,-0.06681
1559,0.1336,0.050446,0.13522,0.12255,0.53636,-0.1243,-0.04992
1560,0.2122,0.067011,0.12678,0.033881,0.40546,-0.14996,-0.04862
1561,0.27229,0.06961,0.10242,-0.10156,0.16445,-0.2172,-0.055766
1562,0.31809,0.064737,0.071558,-0.23149,-0.10611,-0.28411,-0.056091
1563,0.34894,0.056292,0.044275,-0.31659,-0.30977,-0.30165,-0.036927
1564,0.36486,0.042001,0.024137,-0.34582,-0.36628,-0.24675,-0.0011985
1565,0.36876,0.031607,0.013093,-0.32471,-0.23798,-0.12268,0.033881
1566,0.35999,0.038428,0.010819,-0.26527,0.034855,0.046223,0.050446
1567,0.33952,0.066686,0.013743,-0.18536,0.33433,0.2187,0.048172
1568,0.31159,0.11248,0.021538,-0.10774,0.52629,0.33952,0.037778
1569,0.28366,0.1638,0.032582,-0.04992,0.5461,0.35609,0.021863
1570,0.2619,0.20765,0.042001,-0.021986,0.43307,0.25735,0.00042559
1571,0.24306,0.23786,0.047523,-0.024585,0.27294,0.097868,-0.028157
1572,0.22227,0.24728,0.045574,-0.050894,0.1349,-0.035953,-0.061288
1573,0.20018,0.23656,0.033231,-0.089221,0.049472,-0.076229,-0.092794
1574,0.17874,0.21155,0.0085458,-0.12885,0.009845,-0.012567,-0.1191
1575,0.15893,0.18232,-0.024585,-0.16165,-0.018738,0.097218,-0.13827
1576,0.14172,0.16056,-0.060963,-0.17887,-0.067134,0.16315,-0.14899
1577,0.12678,0.15211,-0.086948,-0.17822,-0.13957,0.11898,-0.15158
1578,0.11801,0.16023,-0.094093,-0.1597,-0.2068,-0.037577,-0.14574
1579,0.11638,0.18134,-0.077853,-0.11521,-0.23051,-0.25585,-0.12398
1580,0.1245,0.21285,-0.037577,-0.0405,-0.19933,-0.46243,-0.074605
1581,0.15211,0.25215,0.022512,0.06896,-0.16912,-0.59754,0.0095202
1582,0.20311,0.29308,0.093645,0.20408,-0.21265,-0.6362,0.1219
1583,0.26872,0.32588,0.16315,0.34375,-0.34647,-0.5943,0.24403
1584,0.32881,0.34407,0.22032,0.46782,-0.50952,-0.49718,0.35576
1585,0.36583,0.34537,0.25735,0.56202,-0.60956,-0.36011,0.44736
1586,0.37298,0.33725,0.26514,0.61009,-0.58163,-0.18959,0.5107
1587,0.35414,0.32588,0.24598,0.60457,-0.40688,0.019589,0.54253
1588,0.32198,0.31549,0.20928,0.5513,-0.11098,0.27749,0.54838
1589,0.28398,0.30185,0.16185,0.4623,0.24955,0.57631,0.53214
1590,0.23948,0.27196,0.10989,0.35447,0.60164,0.86766,0.49024
1591,0.18784,0.2174,0.054019,0.23526,0.86734,1.0687,0.41683
1592,0.12645,0.14594,0.00075039,0.11346,0.98394,1.1035,0.31322
1593,0.055643,0.073832,-0.045697,0.00042559,0.92613,0.93652,0.18816
1594,-0.017439,0.014068,-0.080776,-0.095068,0.7202,0.60197,0.057267
1595,-0.090521,-0.03173,-0.09929,-0.1636,0.43242,0.18946,-0.059664
1596,-0.15905,-0.069408,-0.098641,-0.19543,0.14399,-0.19543,-0.14704
1597,-0.21752,-0.10579,-0.086298,-0.19024,-0.085973,-0.47802,-0.19673
1598,-0.25975,-0.14022,-0.065186,-0.16165,-0.22954,-0.63165,-0.21102
1599,-0.28768,-0.16815,-0.034654,-0.123,-0.29223,-0.65601,-0.19738
1600,-0.31366,-0.18991,-0.0041217,-0.079802,-0.29353,-0.55889,-0.1649
1601,-0.35199,-0.22044,0.008221,-0.034654,-0.25033,-0.36596,-0.12592
1602,-0.40201,-0.26916,-0.0080194,0.012119,-0.17432,-0.12398,-0.092469
1603,-0.44976,-0.33445,-0.04992,0.065712,-0.059664,0.10956,-0.069408
1604,-0.47899,-0.40169,-0.10319,0.12678,0.12028,0.2986,-0.050244
1605,-0.47477,-0.44911,-0.14606,0.18264,0.37233,0.43502,-0.028482
1606,-0.42994,-0.45593,-0.16555,0.21512,0.64972,0.51752,0.0039985
1607,-0.35556,-0.41533,-0.16035,0.21252,0.86506,0.53798,0.046223
1608,-0.27436,-0.33835,-0.14152,0.17907,0.93782,0.5042,0.084876
1609,-0.21102,-0.24448,-0.12008,0.1219,0.8433,0.43339,0.10306
1610,-0.17465,-0.15678,-0.099615,0.057917,0.62276,0.35544,0.092021
1611,-0.16425,-0.089546,-0.08305,0.0043233,0.35479,0.28918,0.058241
1612,-0.1701,-0.044723,-0.068434,-0.026533,0.11021,0.23883,0.015692
1613,-0.18244,-0.013866,-0.054142,-0.035953,-0.068434,0.19726,-0.018088
1614,-0.19089,0.0039985,-0.040175,-0.039201,-0.18082,0.16575,-0.038551
1615,-0.19706,0.0075714,-0.030431,-0.045047,-0.24318,0.15114,-0.050569
1616,-0.2133,-0.0083442,-0.027833,-0.059664,-0.27436,0.14529,-0.071357
1617,-0.24708,-0.047646,-0.038227,-0.078503,-0.28216,0.13652,-0.11228
1618,-0.2919,-0.10416,-0.06681,-0.10156,-0.26592,0.11378,-0.17205
1619,-0.33283,-0.1623,-0.10676,-0.12625,-0.23214,0.078055,-0.23928
1620,-0.35296,-0.21395,-0.14444,-0.15353,-0.2016,0.041676,-0.2958
1621,-0.34484,-0.24805,-0.16425,-0.17822,-0.19868,0.0075714,-0.32828
1622,-0.30847,-0.25845,-0.15581,-0.19283,-0.23701,-0.033679,-0.33575
1623,-0.25422,-0.23831,-0.11813,-0.19283,-0.30587,-0.087922,-0.32925
1624,-0.19738,-0.18764,-0.058365,-0.18017,-0.36596,-0.14184,-0.31204
1625,-0.15288,-0.11618,0.0046481,-0.16263,-0.36238,-0.17107,-0.28995
1626,-0.12657,-0.039851,0.044275,-0.14736,-0.26624,-0.16328,-0.26689
1627,-0.11261,0.016341,0.047198,-0.13924,-0.092469,-0.11748,-0.24578
1628,-0.10254,0.033881,0.016666,-0.14184,0.10112,-0.043748,-0.22499
1629,-0.087597,0.0052977,-0.030756,-0.15223,0.24111,0.032906,-0.20225
1630,-0.068758,-0.053817,-0.076554,-0.1623,0.26287,0.077405,-0.17854
1631,-0.051868,-0.12073,-0.10741,-0.16685,0.13879,0.054344,-0.15905
1632,-0.044398,-0.17465,-0.11878,-0.16295,-0.10546,-0.044398,-0.14736
1633,-0.051219,-0.20225,-0.10644,-0.14996,-0.3744,-0.18926,-0.13762
1634,-0.065835,-0.19673,-0.068758,-0.1191,-0.55792,-0.31626,-0.11683
1635,-0.07428,-0.15321,-0.011592,-0.069733,-0.58228,-0.35979,-0.069408
1636,-0.066485,-0.07493,0.05207,-0.015815,-0.45398,-0.30262,-0.00054884
1637,-0.041799,0.022837,0.10501,0.023487,-0.26072,-0.18309,0.068635
1638,-0.0083442,0.12158,0.14042,0.046223,-0.11326,-0.061937,0.11638
1639,0.032582,0.20668,0.15991,0.057267,-0.071357,0.023487,0.13522
1640,0.079354,0.26774,0.1703,0.064737,-0.12495,0.071883,0.1284
1641,0.12483,0.29925,0.1755,0.073832,-0.23311,0.10534,0.10989
1642,0.15958,0.30217,0.17745,0.087799,-0.36206,0.13879,0.092671
1643,0.17615,0.28398,0.17842,0.10339,-0.49685,0.16445,0.084226
1644,0.17322,0.25605,0.17972,0.11281,-0.63425,0.14854,0.082602
1645,0.16153,0.22877,0.18102,0.11963,-0.77749,0.063763,0.085525
1646,0.15796,0.20635,0.18687,0.1323,-0.9204,-0.090521,0.092671
1647,0.17485,0.18264,0.19661,0.15763,-1.0399,-0.29807,0.094945
1648,0.21123,0.14496,0.19986,0.19174,-1.1091,-0.54915,0.074806
1649,0.2528,0.089098,0.18946,0.22097,-1.1267,-0.83076,0.01829
1650,0.28106,0.023812,0.16413,0.23299,-1.1153,-1.1276,-0.06681
1651,0.28203,-0.03238,0.13165,0.22097,-1.0945,-1.3985,-0.15776
1652,0.25378,-0.061937,0.099492,0.18492,-1.0818,-1.5837,-0.22402
1653,0.21123,-0.051544,0.077405,0.13587,-1.0848,-1.6376,-0.24708
1654,0.16835,-0.0015233,0.06961,0.090072,-1.0575,-1.5694,-0.22467
1655,0.13457,0.074482,0.071558,0.054668,-0.93372,-1.4193,-0.1649
1656,0.11443,0.15309,0.074157,0.033881,-0.69174,-1.2257,-0.084349
1657,0.11443,0.21058,0.073182,0.027385,-0.36336,-1.0185,0.0026992
1658,0.13814,0.23526,0.063438,0.030308,-0.0021729,-0.81776,0.080003
1659,0.17485,0.22779,0.049147,0.038428,0.35317,-0.61866,0.13912
1660,0.20116,0.19661,0.036154,0.047198,0.68967,-0.38642,0.18784
1661,0.20246,0.15373,0.030633,0.054993,0.98849,-0.084024,0.23786
1662,0.18297,0.11638,0.029009,0.058566,1.225,0.296,0.29503
1663,0.15828,0.096244,0.027385,0.063438,1.3964,0.70363,0.35609
1664,0.14237,0.095269,0.024461,0.06896,1.529,1.07,0.4152
1665,0.14496,0.10729,0.01894,0.072208,1.6498,1.3494,0.46587
1666,0.16998,0.12288,0.012768,0.076106,1.7602,1.5023,0.49965
1667,0.20473,0.13165,0.0078962,0.087799,1.8502,1.5101,0.50323
1668,0.22941,0.12937,0.003024,0.10274,1.9256,1.3861,0.46523
1669,0.22584,0.11443,-0.0080194,0.11086,1.9947,1.1606,0.38142
1670,0.18557,0.085525,-0.030431,0.10534,2.0428,0.86409,0.25637
1671,0.12028,0.047847,-0.059339,0.084551,2.0373,0.52239,0.10014
1672,0.055643,0.012119,-0.081101,0.063113,1.973,0.16803,-0.071682
1673,0.011794,-0.007045,-0.088896,0.062139,1.8616,-0.13989,-0.23961
1674,-0.0031473,-0.007045,-0.079152,0.087474,1.7001,-0.33478,-0.37505
1675,0.0056225,0.011469,-0.052518,0.12807,1.4708,-0.39162,-0.44911
1676,0.027709,0.033231,-0.021337,0.16121,1.172,-0.34939,-0.4595
1677,0.047523,0.045574,0.00042559,0.17192,0.83486,-0.25845,-0.42637
1678,0.059216,0.042651,0.0043233,0.15698,0.50225,-0.13015,-0.37278
1679,0.061165,0.029333,-0.0076946,0.11995,0.21317,0.032257,-0.30814
1680,0.055318,0.0095202,-0.029132,0.067986,-0.012892,0.19888,-0.23863
1681,0.047847,-0.013216,-0.058689,0.012443,-0.18536,0.31419,-0.1688
1682,0.042326,-0.032705,-0.090845,-0.033354,-0.32438,0.33498,-0.10481
1683,0.037778,-0.042774,-0.11326,-0.061613,-0.45366,0.2528,-0.053817
1684,0.033231,-0.042449,-0.11715,-0.072006,-0.5813,0.10177,-0.019712
1685,0.030957,-0.033354,-0.10026,-0.067134,-0.70018,-0.066485,0.0036737
1686,0.029333,-0.021337,-0.073955,-0.051544,-0.78951,-0.19641,0.027709
1687,0.030957,-0.008669,-0.04927,-0.029457,-0.83758,-0.24675,0.060515
1688,0.036804,0.0052977,-0.035628,-0.0047713,-0.83823,-0.19836,0.10859
1689,0.049147,0.022188,-0.03303,0.01829,-0.79308,-0.059989,0.17582
1690,0.069934,0.044924,-0.035628,0.03583,-0.71448,0.14139,0.2554
1691,0.092996,0.070584,-0.035628,0.039727,-0.63068,0.36064,0.31874
1692,0.10794,0.089098,-0.031081,0.02706,-0.57643,0.55097,0.3366
1693,0.10404,0.092996,-0.028157,0.00042559,-0.55402,0.68772,0.2986
1694,0.082927,0.086824,-0.033679,-0.034329,-0.53551,0.77184,0.22227
1695,0.056942,0.080003,-0.043423,-0.06551,-0.47152,0.83063,0.14659
1696,0.040377,0.081303,-0.046996,-0.081426,-0.33283,0.89787,0.097218
1697,0.0433,0.092996,-0.037577,-0.0824,-0.1623,0.98037,0.070584
1698,0.059541,0.11054,-0.018738,-0.076229,-0.054467,1.0551,0.055318
1699,0.073832,0.12418,0.0026992,-0.06616,-0.087272,1.0908,0.041676
1700,0.076755,0.12678,0.021538,-0.051868,-0.27144,1.0697,0.02706
1701,0.064088,0.11346,0.034206,-0.040825,-0.54915,0.98427,0.011794
1702,0.041676,0.086824,0.040052,-0.038551,-0.82848,0.82446,-0.0031473
1703,0.014717,0.050121,0.044924,-0.043099,-1.0107,0.57371,-0.0057458
1704,-0.0031473,0.01017,0.056617,-0.041799,-1.0302,0.24501,0.014717
1705,-0.010293,-0.024585,0.073507,-0.029782,-0.88273,-0.10254,0.067336
1706,-0.013866,-0.047321,0.089423,-0.013541,-0.63068,-0.38902,0.14561
1707,-0.017439,-0.056416,0.10112,0.00010078,-0.37148,-0.55564,0.23169
1708,-0.019063,-0.053492,0.11216,0.011144,-0.18179,-0.5956,0.31127
1709,-0.018413,-0.042449,0.12678,0.020239,-0.089546,-0.555,0.37038
1710,-0.01549,-0.030106,0.14139,0.034206,-0.073631,-0.51407,0.39572
1711,-0.012567,-0.021337,0.14984,0.047847,-0.084674,-0.54525,0.3798
1712,-0.010943,-0.013541,0.14984,0.056942,-0.075904,-0.6755,0.32913
1713,-0.008669,-0.0015233,0.14399,0.065387,-0.030106,-0.87103,0.26157
1714,-0.0047713,0.012768,0.1362,0.078704,0.030633,-1.0588,0.19596
1715,0.0010752,0.025111,0.13392,0.092346,0.06831,-1.1533,0.14432
1716,0.009845,0.033881,0.14042,0.099492,0.071234,-1.0935,0.10631
1717,0.021538,0.036479,0.15114,0.10112,0.064413,-0.86096,0.076755
1718,0.034206,0.033881,0.16023,0.097543,0.079354,-0.49556,0.046223
1719,0.044599,0.033556,0.1625,0.0865,0.11638,-0.069083,0.010819
1720,0.049472,0.039078,0.15309,0.071234,0.14237,0.32653,-0.039201
1721,0.043625,0.046873,0.13262,0.054019,0.12775,0.59905,-0.10774
1722,0.024137,0.053694,0.10339,0.033881,0.069285,0.68804,-0.19024
1723,0.00075039,0.054019,0.072858,0.0088706,-0.011917,0.59872,-0.26299
1724,-0.018738,0.048172,0.047523,-0.01549,-0.086623,0.39572,-0.29807
1725,-0.028157,0.040702,0.032257,-0.025234,-0.12982,0.16933,-0.27956
1726,-0.026209,0.033556,0.025436,-0.014516,-0.13307,-0.0037969,-0.2107
1727,-0.01484,0.026085,0.024786,0.012768,-0.11001,-0.094418,-0.11618
1728,-0.0015233,0.016991,0.029333,0.044599,-0.086623,-0.1191,-0.030756
1729,0.0062721,0.0052977,0.038428,0.066362,-0.088247,-0.11715,0.014717
1730,0.0069217,-0.0024977,0.049796,0.077405,-0.12268,-0.1243,0.010495
1731,0.0052977,-0.00087364,0.06084,0.07708,-0.1753,-0.15061,-0.026858
1732,0.010495,0.01894,0.06831,0.065062,-0.22142,-0.18244,-0.060313
1733,0.028034,0.053369,0.070909,0.048822,-0.25162,-0.19641,-0.061937
1734,0.05272,0.096893,0.065387,0.029658,-0.27176,-0.17919,-0.030431
1735,0.075781,0.13425,0.047847,0.0039985,-0.29223,-0.13599,0.013418
1736,0.084551,0.15861,0.016016,-0.025884,-0.32731,-0.089546,0.044599
1737,0.071883,0.16575,-0.023285,-0.061288,-0.39032,-0.077528,0.047198
1738,0.041676,0.15211,-0.061288,-0.098641,-0.47802,-0.12365,0.019914
1739,0.0065969,0.12613,-0.091495,-0.13177,-0.55564,-0.21362,-0.011917
1740,-0.022636,0.095919,-0.10903,-0.15061,-0.57546,-0.30717,-0.020687
1741,-0.034978,0.077405,-0.10319,-0.15093,-0.49133,-0.35979,0.0065969
1742,-0.030756,0.076106,-0.071682,-0.13372,-0.27599,-0.34387,0.065062
1743,-0.019712,0.086175,-0.024585,-0.10156,0.044924,-0.2565,0.14367
1744,-0.0080194,0.092996,0.016016,-0.062262,0.37525,-0.12852,0.22422
1745,-0.0041217,0.087799,0.036804,-0.027508,0.58346,-0.029457,0.28626
1746,-0.0080194,0.067011,0.031607,-0.0044465,0.57858,-0.023285,0.30932
1747,-0.013216,0.03583,0.0033489,0.0017248,0.37233,-0.11683,0.28756
1748,-0.010293,0.0043233,-0.034654,-0.0021729,0.080653,-0.22694,0.24078
1749,0.0052977,-0.017764,-0.067459,-0.0024977,-0.1308,-0.22564,0.20181
1750,0.029658,-0.025234,-0.081101,0.0078962,-0.14249,-0.016789,0.20213
1751,0.058241,-0.014191,-0.07493,0.022837,0.061489,0.3889,0.24793
1752,0.084551,0.0078962,-0.054142,0.03453,0.40838,0.87903,0.31809
1753,0.10112,0.032906,-0.026533,0.045574,0.80108,1.3123,0.37623
1754,0.10924,0.058891,0.00010078,0.053694,1.1587,1.5907,0.40026
1755,0.11411,0.090072,0.021863,0.054344,1.4221,1.6865,0.38013
1756,0.11963,0.13002,0.043625,0.046873,1.5559,1.617,0.31679
1757,0.12223,0.17257,0.064088,0.042001,1.5335,1.4137,0.22097
1758,0.11541,0.19921,0.076106,0.056942,1.3396,1.1184,0.10696
1759,0.10079,0.18557,0.070259,0.10599,1.0038,0.78581,-0.0031473
1760,0.081303,0.1232,0.044599,0.18751,0.59515,0.47952,-0.083375
1761,0.063763,0.027385,0.0075714,0.28073,0.19563,0.24793,-0.1178
1762,0.046223,-0.069408,-0.033354,0.36291,-0.12235,0.10534,-0.11033
1763,0.029009,-0.13762,-0.064536,0.42138,-0.31496,0.028684,-0.086298
1764,0.012119,-0.16035,-0.077203,0.45678,-0.37083,-0.010618,-0.07428
1765,-0.0050961,-0.13892,-0.071357,0.47562,-0.31334,-0.023935,-0.090521
1766,-0.028157,-0.098641,-0.061288,0.46328,-0.19381,-0.022961,-0.13632
1767,-0.059664,-0.068434,-0.060638,0.39604,-0.073306,-0.032705,-0.20583
1768,-0.096692,-0.064211,-0.077528,0.26384,0.022512,-0.084674,-0.28378
1769,-0.12852,-0.0824,-0.10514,0.086824,0.10631,-0.17237,-0.3429
1770,-0.14866,-0.10351,-0.1282,-0.092145,0.18167,-0.26819,-0.35979
1771,-0.16003,-0.11326,-0.13372,-0.23798,0.22552,-0.35134,-0.33867
1772,-0.16263,-0.10644,-0.12527,-0.32308,0.22227,-0.40428,-0.29255
1773,-0.15158,-0.089871,-0.11098,-0.34614,0.19661,-0.41338,-0.23571
1774,-0.12657,-0.070382,-0.097991,-0.32146,0.17322,-0.3783,-0.174
1775,-0.09182,-0.052193,-0.085973,-0.26364,0.15016,-0.32633,-0.11618
1776,-0.051219,-0.03303,-0.068434,-0.17789,0.11021,-0.29353,-0.065835
1777,-0.0011985,-0.0083442,-0.036278,-0.069408,0.045574,-0.28833,-0.021661
1778,0.056292,0.021213,0.0085458,0.054344,-0.00054884,-0.28151,0.023487
1779,0.11281,0.047198,0.058891,0.17582,0.036804,-0.22986,0.068635
1780,0.15828,0.067011,0.10274,0.26774,0.17777,-0.12138,0.10696
1781,0.18784,0.085525,0.13522,0.31192,0.37103,0.014068,0.13197
1782,0.20343,0.10729,0.15601,0.30834,0.5081,0.12125,0.13944
1783,0.20505,0.12872,0.16543,0.27684,0.49998,0.15991,0.12613
1784,0.19531,0.14529,0.16413,0.23624,0.33368,0.12418,0.092346
1785,0.1755,0.15958,0.15244,0.19336,0.067986,0.039402,0.044924
1786,0.14821,0.17517,0.13327,0.14756,-0.20323,-0.04992,-0.0050961
1787,0.11801,0.19563,0.11898,0.097868,-0.39844,-0.10579,-0.046347
1788,0.092346,0.21805,0.11378,0.054668,-0.47996,-0.11326,-0.064211
1789,0.077405,0.23494,0.11508,0.025111,-0.46178,-0.082725,-0.04862
1790,0.076431,0.23169,0.12028,0.0085458,-0.39129,-0.0405,-0.007045
1791,0.084226,0.19726,0.12223,0.0026992,-0.31983,-0.018738,0.042975
1792,0.09397,0.12678,0.11703,-0.0041217,-0.28053,-0.036278,0.072208
1793,0.09397,0.028359,0.10599,-0.020037,-0.2867,-0.098965,0.058241
1794,0.077405,-0.077853,0.091047,-0.051868,-0.32048,-0.19251,0.0020496
1795,0.042326,-0.16782,0.073507,-0.094093,-0.35264,-0.2958,-0.075904
1796,-0.00087364,-0.22207,0.062139,-0.13047,-0.35686,-0.38772,-0.15093
1797,-0.039851,-0.23409,0.061814,-0.14054,-0.34095,-0.45301,-0.20193
1798,-0.071357,-0.21232,0.069934,-0.1204,-0.34257,-0.48906,-0.22109
1799,-0.093444,-0.17107,0.080653,-0.089221,-0.40266,-0.51342,-0.21102
1800,-0.10871,-0.12203,0.083576,-0.071357,-0.53746,-0.55207,-0.17854
1801,-0.1204,-0.077203,0.074482,-0.075255,-0.72552,-0.62028,-0.13794
1802,-0.12885,-0.041475,0.053369,-0.092469,-0.91845,-0.71285,-0.10319
1803,-0.1321,-0.012892,0.029009,-0.10936,-1.0698,-0.79893,-0.076229
1804,-0.12333,0.011469,0.0062721,-0.1178,-1.152,-0.83206,-0.051219
1805,-0.10254,0.034206,-0.010293,-0.11131,-1.1575,-0.76969,-0.02361
1806,-0.072981,0.05142,-0.016464,-0.08305,-1.09,-0.59949,0.0085458
1807,-0.034978,0.064088,-0.00087364,-0.027183,-0.95873,-0.34355,0.046223
1808,0.0065969,0.072208,0.038428,0.049796,-0.78041,-0.043748,0.086824
1809,0.042326,0.076431,0.092021,0.11703,-0.57871,0.25345,0.12678
1810,0.059865,0.066686,0.13847,0.13749,-0.34452,0.51265,0.16445
1811,0.05207,0.031932,0.15861,0.099167,-0.046996,0.71728,0.19628
1812,0.020239,-0.035303,0.14691,0.019589,0.32426,0.85207,0.21707
1813,-0.031406,-0.1243,0.10729,-0.058365,0.7189,0.89495,0.21155
1814,-0.095068,-0.21037,0.05272,-0.098641,1.0268,0.81504,0.15503
1815,-0.1623,-0.26722,-0.00054884,-0.089221,1.1353,0.60002,0.034855
1816,-0.22174,-0.2854,-0.0405,-0.046671,0.98817,0.28658,-0.13275
1817,-0.26039,-0.26429,-0.060313,0.0065969,0.62178,-0.04862,-0.301
1818,-0.26949,-0.21297,-0.061613,0.049147,0.14561,-0.32373,-0.4241
1819,-0.25292,-0.14769,-0.051219,0.070909,-0.31724,-0.5027,-0.47444
1820,-0.22564,-0.086623,-0.038227,0.073182,-0.6703,-0.59267,-0.44976
1821,-0.19836,-0.042774,-0.031081,0.067011,-0.86714,-0.61931,-0.36466
1822,-0.18147,-0.017439,-0.034978,0.056617,-0.91683,-0.60696,-0.25585
1823,-0.18049,-0.014191,-0.048945,0.036804,-0.87331,-0.58065,-0.16133
1824,-0.19543,-0.029457,-0.067134,0.0062721,-0.8051,-0.54947,-0.10741
1825,-0.21037,-0.054792,-0.0837,-0.029782,-0.73137,-0.50627,-0.095717
1826,-0.2055,-0.070058,-0.094418,-0.063561,-0.59657,-0.42929,-0.10286
1827,-0.1714,-0.055766,-0.092794,-0.08305,-0.31074,-0.30652,-0.10449
1828,-0.11618,-0.010618,-0.080127,-0.082725,0.15114,-0.15776,-0.090845
1829,-0.059664,0.046873,-0.063886,-0.070382,0.6835,-0.040825,-0.069408
1830,-0.022636,0.082927,-0.052193,-0.052518,1.1122,-0.0089938,-0.051544
1831,-0.010293,0.083251,-0.046671,-0.029782,1.3136,-0.050569,-0.043099
1832,-0.019063,0.05142,-0.04862,-0.0031473,1.2759,-0.10611,-0.051544
1833,-0.036278,0.0020496,-0.056416,0.024137,1.1077,-0.11683,-0.078503
1834,-0.050244,-0.045372,-0.070058,0.047523,0.96316,-0.055116,-0.10709
1835,-0.056416,-0.075255,-0.086623,0.064088,0.93425,0.066362,-0.11748
1836,-0.046671,-0.081101,-0.099615,0.065062,1.0119,0.20376,-0.098316
1837,-0.017439,-0.061937,-0.10579,0.05207,1.1197,0.31614,-0.054467
1838,0.029983,-0.020687,-0.10286,0.037454,1.1769,0.38467,-0.0044465
1839,0.087474,0.037778,-0.090196,0.040702,1.1369,0.40449,0.034206
1840,0.14529,0.10534,-0.068758,0.066362,1.0103,0.39182,0.056617
1841,0.19011,0.16868,-0.043099,0.10209,0.84525,0.37265,0.07708
1842,0.21382,0.21967,-0.015165,0.12937,0.68902,0.37493,0.11346
1843,0.21837,0.25313,0.016016,0.14139,0.56169,0.41163,0.1716
1844,0.2109,0.26937,0.047847,0.14496,0.46393,0.47594,0.23721
1845,0.19466,0.27196,0.074482,0.13879,0.39831,0.5422,0.2934
1846,0.17225,0.26027,0.091372,0.11736,0.36453,0.58053,0.32621
1847,0.14302,0.23299,0.092021,0.07708,0.34764,0.57404,0.33173
1848,0.11086,0.18524,0.078379,0.019589,0.32036,0.53019,0.31744
1849,0.082927,0.12028,0.05207,-0.050569,0.26319,0.48049,0.2973
1850,0.069285,0.046873,0.016016,-0.12592,0.17452,0.46587,0.28756
1851,0.067661,-0.021337,-0.02426,-0.19381,0.073832,0.5081,0.29308
1852,0.069285,-0.070382,-0.059989,-0.22629,-0.0089938,0.59742,0.30704
1853,0.072533,-0.096367,-0.076879,-0.19738,-0.065835,0.69259,0.32134
1854,0.083576,-0.10481,-0.068109,-0.10481,-0.1243,0.75333,0.33498
1855,0.10339,-0.10286,-0.040175,0.037129,-0.20745,0.76437,0.35317
1856,0.1271,-0.090521,-0.0050961,0.19953,-0.31626,0.73124,0.37395
1857,0.14367,-0.068758,0.025111,0.34732,-0.43319,0.67505,0.39182
1858,0.14399,-0.038876,0.040377,0.44379,-0.53551,0.61106,0.40156
1859,0.12807,-0.0057458,0.041027,0.46945,-0.60079,0.53993,0.39767
1860,0.10242,0.025111,0.036154,0.42787,-0.60956,0.44866,0.37298
1861,0.081952,0.058566,0.040377,0.3405,-0.54168,0.31711,0.32751
1862,0.079679,0.099817,0.061814,0.23364,-0.38707,0.13717,0.26937
1863,0.10566,0.15309,0.094295,0.14042,-0.1636,-0.085648,0.21025
1864,0.15309,0.2057,0.1297,0.085525,0.074482,-0.3338,0.15244
1865,0.20668,0.23916,0.15861,0.078704,0.2515,-0.57059,0.10177
1866,0.24078,0.24273,0.17387,0.10306,0.31516,-0.75248,0.058566
1867,0.23299,0.22065,0.1677,0.1258,0.26287,-0.84797,0.014068
1868,0.18004,0.18102,0.13977,0.11963,0.13392,-0.86584,-0.035303
1869,0.10177,0.13327,0.096244,0.082602,-0.019388,-0.84148,-0.088572
1870,0.02706,0.089423,0.046873,0.030957,-0.1662,-0.80802,-0.13534
1871,-0.020687,0.055968,0.0033489,-0.013866,-0.30392,-0.78691,-0.1675
1872,-0.033354,0.033231,-0.024909,-0.043099,-0.42897,-0.78691,-0.18277
1873,-0.024909,0.016666,-0.036278,-0.060638,-0.51634,-0.80152,-0.18894
1874,-0.018413,0.0043233,-0.034978,-0.075904,-0.52771,-0.81127,-0.18926
1875,-0.031081,-0.0024977,-0.025234,-0.092145,-0.43287,-0.78236,-0.18439
1876,-0.06616,-0.0024977,-0.011917,-0.11163,-0.24188,-0.68394,-0.16815
1877,-0.11813,-0.00087364,0.0014,-0.13015,-0.01614,-0.52154,-0.13957
1878,-0.16977,-0.010943,0.010495,-0.13632,0.15698,-0.3364,-0.10449
1879,-0.20453,-0.039851,0.012443,-0.13177,0.2083,-0.18601,-0.068758
1880,-0.21492,-0.087272,0.013418,-0.12138,0.12613,-0.10968,-0.037577
1881,-0.2029,-0.14119,0.019589,-0.11423,-0.047321,-0.10741,-0.018738
1882,-0.17659,-0.18601,0.029009,-0.11521,-0.23928,-0.14411,-0.022311
1883,-0.14184,-0.20908,0.036804,-0.12463,-0.38545,-0.18147,-0.057715
1884,-0.10026,-0.2042,0.035505,-0.14411,-0.45658,-0.22012,-0.12852
1885,-0.054467,-0.17302,0.021538,-0.174,-0.45333,-0.28963,-0.22661
1886,-0.0041217,-0.11586,0.00042559,-0.20745,-0.39519,-0.41143,-0.3338
1887,0.053044,-0.038876,-0.017114,-0.23474,-0.31334,-0.56604,-0.42345
1888,0.11898,0.050446,-0.021012,-0.24091,-0.23246,-0.70603,-0.47087
1889,0.19434,0.14074,-0.0083442,-0.21849,-0.17887,-0.7921,-0.46178
1890,0.27716,0.22844,0.019914,-0.16653,-0.1662,-0.80087,-0.39162
1891,0.36681,0.31484,0.063438,-0.094418,-0.17497,-0.72844,-0.26722
1892,0.46393,0.40156,0.11476,-0.012892,-0.14899,-0.58001,-0.10676
1893,0.56689,0.48796,0.16413,0.065062,-0.042774,-0.35784,0.070909
1894,0.66693,0.56754,0.19986,0.12288,0.13652,-0.060638,0.24695
1895,0.74391,0.63315,0.21285,0.15016,0.32134,0.2947,0.40741
1896,0.78029,0.6744,0.20473,0.15309,0.40611,0.67473,0.53571
1897,0.77444,0.68252,0.18297,0.14269,0.31354,1.0599,0.61983
1898,0.73319,0.65361,0.15828,0.12483,0.044275,1.4163,0.65004
1899,0.6692,0.59255,0.13587,0.10501,-0.32471,1.6878,0.62438
1900,0.59937,0.50875,0.11541,0.08585,-0.68492,1.8229,0.56007
1901,0.53831,0.4204,0.097218,0.070259,-0.93989,1.8054,0.49283
1902,0.49251,0.35154,0.08585,0.059865,-1.0312,1.6595,0.45646
1903,0.4597,0.30672,0.082927,0.058241,-0.95483,1.439,0.46165
1904,0.4282,0.27651,0.088124,0.066037,-0.7528,1.2116,0.49641
1905,0.38565,0.24793,0.098842,0.074806,-0.48516,1.0223,0.53246
1906,0.32523,0.2096,0.10339,0.059216,-0.22044,0.88033,0.5422
1907,0.24403,0.15666,0.096569,-0.008669,-0.023285,0.75723,0.5042
1908,0.15016,0.089748,0.078704,-0.13047,0.074482,0.61464,0.40936
1909,0.053044,0.01894,0.055968,-0.26624,0.089748,0.43827,0.26125
1910,-0.034004,-0.040175,0.03518,-0.35264,0.066686,0.2502,0.081627
1911,-0.10579,-0.080127,0.016991,-0.32568,0.038428,0.089098,-0.09117
1912,-0.16035,-0.10806,-0.0024977,-0.16003,0.016991,-0.033679,-0.22239
1913,-0.2029,-0.13729,-0.027183,0.11118,0.022512,-0.14216,-0.2867
1914,-0.24091,-0.1753,-0.053168,0.40189,0.093645,-0.25975,-0.28346
1915,-0.27501,-0.21817,-0.074605,0.61951,0.24273,-0.38739,-0.24058
1916,-0.30327,-0.2539,-0.084349,0.71468,0.41488,-0.51667,-0.19024
1917,-0.32633,-0.27501,-0.082076,0.69032,0.52694,-0.6388,-0.16035
1918,-0.34679,-0.27891,-0.070058,0.5854,0.52954,-0.74403,-0.15841
1919,-0.36596,-0.27014,-0.05804,0.44671,0.4308,-0.82459,-0.18049
1920,-0.38285,-0.25487,-0.052518,0.31224,0.2895,-0.8811,-0.21525
1921,-0.39746,-0.24318,-0.05804,0.19563,0.1664,-0.92495,-0.25162
1922,-0.4137,-0.24903,-0.075579,0.094945,0.078704,-0.96685,-0.28183
1923,-0.43644,-0.27436,-0.10644,0.0033489,0.0033489,-1.012,-0.30457
1924,-0.46145,-0.30522,-0.13924,-0.071357,-0.084349,-1.0474,-0.31106
1925,-0.47639,-0.32373,-0.16295,-0.12138,-0.20323,-1.0542,-0.29515
1926,-0.47087,-0.32113,-0.1662,-0.14249,-0.36661,-1.0208,-0.25715
1927,-0.43904,-0.29775,-0.14574,-0.13632,-0.56376,-0.94769,-0.20258
1928,-0.38707,-0.26429,-0.10286,-0.11358,-0.76677,-0.85122,-0.15191
1929,-0.33348,-0.23474,-0.054142,-0.087272,-0.93372,-0.74306,-0.12203
1930,-0.29677,-0.21492,-0.020362,-0.076879,-1.0126,-0.61638,-0.1217
1931,-0.28443,-0.20583,-0.01549,-0.092145,-0.9662,-0.46405,-0.14736
1932,-0.28963,-0.2068,-0.036927,-0.12755,-0.80445,-0.28833,-0.18504
1933,-0.30002,-0.20875,-0.069733,-0.1675,-0.57481,-0.10091,-0.22077
1934,-0.2997,-0.20388,-0.092469,-0.19803,-0.33478,0.087799,-0.24221
1935,-0.27858,-0.18829,-0.096692,-0.20908,-0.12105,0.26319,-0.24221
1936,-0.23896,-0.1649,-0.084024,-0.19673,0.053044,0.40319,-0.22824
1937,-0.19089,-0.13729,-0.060963,-0.16847,0.16315,0.48764,-0.21395
1938,-0.14574,-0.10514,-0.039201,-0.13177,0.18816,0.5159,-0.20843
1939,-0.11131,-0.072981,-0.026533,-0.093119,0.18557,0.53441,-0.20745
1940,-0.089871,-0.046347,-0.027508,-0.05804,0.31841,0.61431,-0.19056
1941,-0.078827,-0.023285,-0.035303,-0.026858,0.74813,0.80075,-0.13989
1942,-0.070058,0.0020496,-0.034004,0.0023744,1.4828,1.0775,-0.050244
1943,-0.056091,0.032257,-0.019063,0.03518,2.3225,1.3695,0.061489
1944,-0.033354,0.061165,0.0088706,0.076106,2.9572,1.5728,0.1716
1945,-0.0050961,0.081627,0.043625,0.12548,3.114,1.5939,0.25572
1946,0.021213,0.094295,0.079679,0.1742,2.7032,1.3887,0.29827
1947,0.039727,0.10274,0.11703,0.2161,1.8707,0.98784,0.30022
1948,0.049796,0.11183,0.14984,0.24501,0.91963,0.48991,0.27976
1949,0.054019,0.11995,0.17322,0.2463,0.13652,0.014068,0.25962
1950,0.05142,0.12028,0.17972,0.19986,-0.34452,-0.35199,0.2515
1951,0.045899,0.10371,0.16738,0.10696,-0.55662,-0.57416,0.25767
1952,0.038428,0.071234,0.14139,-0.00087364,-0.59625,-0.65049,0.27586
1953,0.033556,0.031932,0.11476,-0.081751,-0.54752,-0.59657,0.296
1954,0.036154,0.0017248,0.098193,-0.10644,-0.44976,-0.44261,0.3051
1955,0.05272,-0.0063954,0.10177,-0.081426,-0.29288,-0.24091,0.29145
1956,0.080328,0.0065969,0.11963,-0.035953,-0.050244,-0.038227,0.24598
1957,0.10306,0.029009,0.13522,-0.0011985,0.29015,0.14561,0.17387
1958,0.10859,0.047198,0.13814,0.0072465,0.69324,0.30997,0.088124
1959,0.095919,0.055318,0.1284,-0.010293,1.0824,0.45386,0.0026992
1960,0.075781,0.055643,0.11541,-0.047321,1.3763,0.56397,-0.076554
1961,0.056292,0.050771,0.10079,-0.093119,1.5228,0.6403,-0.14541
1962,0.037129,0.039078,0.079679,-0.13372,1.4988,0.69292,-0.19966
1963,0.012119,0.012119,0.047847,-0.14899,1.2977,0.7215,-0.24026
1964,-0.021661,-0.027183,0.0043233,-0.13145,0.95146,0.70136,-0.27144
1965,-0.061613,-0.067134,-0.045372,-0.087597,0.54188,0.60684,-0.28995
1966,-0.094743,-0.096692,-0.087922,-0.035303,0.17712,0.44541,-0.28378
1967,-0.11586,-0.10579,-0.11033,0.0043233,-0.061937,0.24825,-0.24675
1968,-0.12138,-0.092145,-0.11066,0.020564,-0.15873,0.06084,-0.18244
1969,-0.11131,-0.057715,-0.091495,0.015692,-0.14834,-0.078827,-0.11196
1970,-0.086623,-0.0050961,-0.05804,0.0010752,-0.083375,-0.14087,-0.059664
1971,-0.052193,0.051745,-0.023285,-0.0047713,-0.010618,-0.10903,-0.033679
1972,-0.019388,0.091696,0.0091954,0.0078962,0.024461,0.0020496,-0.028807
1973,0.0039985,0.10534,0.039078,0.039727,-0.024909,0.14821,-0.03173
1974,0.013093,0.095919,0.067986,0.076431,-0.17887,0.27359,-0.027508
1975,0.01017,0.076431,0.091047,0.10144,-0.41208,0.3392,-0.0067202
1976,0.0072465,0.06084,0.10566,0.10599,-0.65634,0.32946,0.027709
1977,0.016666,0.057267,0.11183,0.090072,-0.82946,0.25313,0.061814
1978,0.038428,0.069934,0.11021,0.066037,-0.87883,0.12125,0.076755
1979,0.064737,0.093321,0.10339,0.048497,-0.82426,-0.062587,0.067011
1980,0.084876,0.11736,0.090397,0.051096,-0.75085,-0.2893,0.042651
1981,0.099492,0.1323,0.070909,0.079679,-0.74663,-0.53713,0.024461
1982,0.11248,0.13327,0.049147,0.13197,-0.84212,-0.75865,0.031607
1983,0.131,0.12353,0.033231,0.19141,-1.0175,-0.89507,0.071558
1984,0.15471,0.10242,0.027709,0.24533,-1.2257,-0.90579,0.13847
1985,0.17615,0.069934,0.034855,0.28333,-1.4148,-0.79925,0.21545
1986,0.18362,0.027709,0.053044,0.30867,-1.5496,-0.6284,0.27944
1987,0.1703,-0.018088,0.074806,0.32718,-1.6171,-0.4595,0.30964
1988,0.14042,-0.06551,0.091372,0.34082,-1.6181,-0.34484,0.29308
1989,0.10274,-0.10741,0.096569,0.34797,-1.5336,-0.30684,0.23559
1990,0.061814,-0.13697,0.08585,0.34277,-1.3271,-0.32698,0.16185
1991,0.021213,-0.15288,0.061814,0.31939,-0.99673,-0.35914,0.10144
1992,-0.021661,-0.14671,0.030957,0.27456,-0.6258,-0.37115,0.06019
1993,-0.068434,-0.11878,0.0020496,0.2161,-0.34614,-0.36206,0.030633
1994,-0.10676,-0.075255,-0.019388,0.15568,-0.2461,-0.35296,0.0075714
1995,-0.1217,-0.027508,-0.03173,0.10047,-0.31171,-0.36401,-0.011592
1996,-0.10644,0.015692,-0.039201,0.051096,-0.44456,-0.38902,-0.023935
1997,-0.066485,0.0433,-0.045697,0.009845,-0.53453,-0.40591,-0.025234
1998,-0.023285,0.048497,-0.054142,-0.020362,-0.52739,-0.39616,-0.013216
1999,0.0036737,0.030633,-0.065835,-0.037252,-0.44489,-0.36141,0.0049729
2000,0.0069217,0.0014,-0.077203,-0.044398,-0.34679,-0.32763,0.015042
2001,-0.0067202,-0.024585,-0.087922,-0.052518,-0.29482,-0.32731,0.0036737
2002,-0.026858,-0.039526,-0.097341,-0.068434,-0.32471,-0.38967,-0.025884
2003,-0.042774,-0.047646,-0.10254,-0.093119,-0.42572,-0.50757,-0.056416
2004,-0.045697,-0.054142,-0.10351,-0.11975,-0.54135,-0.63587,-0.07493
2005,-0.033679,-0.061937,-0.10124,-0.13762,-0.60112,-0.71448,-0.074605
2006,-0.012567,-0.067459,-0.096692,-0.14184,-0.55597,-0.69499,-0.052843
2007,0.011144,-0.068758,-0.094418,-0.12398,-0.38382,-0.55597,-0.011267
2008,0.03453,-0.061613,-0.089546,-0.092145,-0.092145,-0.30554,0.049472
2009,0.057592,-0.041799,-0.075904,-0.060313,0.26969,0.016016,0.11476
2010,0.080978,-0.007045,-0.051544,-0.039851,0.62211,0.35089,0.16608
2011,0.10794,0.04395,-0.020362,-0.029457,0.88877,0.62698,0.18232
2012,0.13782,0.10112,0.0065969,-0.02426,1.0314,0.79328,0.16121
2013,0.1664,0.14561,0.017965,-0.024909,1.0645,0.8381,0.11703
2014,0.18946,0.16738,0.014717,-0.032705,1.033,0.78581,0.065062
2015,0.20051,0.17192,0.0023744,-0.044723,0.98134,0.67375,0.01894
2016,0.19953,0.16933,-0.0099683,-0.051219,0.93425,0.5435,-0.018738
2017,0.19044,0.1677,-0.011917,-0.045047,0.8865,0.42852,-0.051219
2018,0.18134,0.16673,-0.0034721,-0.021337,0.81829,0.34667,-0.07493
2019,0.18004,0.1651,0.014392,0.015692,0.70396,0.30834,-0.080776
2020,0.18492,0.1677,0.032257,0.054668,0.52142,0.29957,-0.063237
2021,0.19563,0.1755,0.04395,0.086175,0.28138,0.29015,-0.022311
2022,0.21512,0.18914,0.046873,0.10274,0.041027,0.25702,0.028034
2023,0.23591,0.20376,0.042326,0.10047,-0.11618,0.19986,0.070909
2024,0.24988,0.21545,0.040702,0.080978,-0.1321,0.14074,0.090397
2025,0.24988,0.22032,0.047847,0.046223,-0.011917,0.091372,0.078379
2026,0.23331,0.21642,0.058566,0.0026992,0.17127,0.045574,0.038753
2027,0.20505,0.19369,0.064737,-0.037902,0.32426,-0.007045,-0.012567
2028,0.17062,0.15341,0.064413,-0.071682,0.39247,-0.070707,-0.057715
2029,0.13652,0.10274,0.057592,-0.093769,0.37201,-0.13469,-0.084674
2030,0.10729,0.047847,0.043625,-0.10806,0.30282,-0.18114,-0.096042
2031,0.080003,-0.0015233,0.021538,-0.12138,0.23818,-0.19478,-0.10286
2032,0.052395,-0.039851,-0.0076946,-0.13047,0.21155,-0.17172,-0.11293
2033,0.027385,-0.059014,-0.032055,-0.13145,0.23396,-0.1204,-0.12722
2034,0.0095202,-0.058365,-0.0405,-0.11845,0.28658,-0.058689,-0.13924
2035,-0.00054884,-0.042774,-0.027833,-0.094418,0.334,-0.00087364,-0.13534
2036,-0.0044465,-0.018413,0.0023744,-0.063237,0.34732,0.058566,-0.10449
2037,0.00042559,0.0065969,0.037129,-0.031081,0.30542,0.12548,-0.047971
2038,0.015692,0.032906,0.065712,0.00075039,0.20018,0.18816,0.026735
2039,0.034855,0.054019,0.080978,0.031932,0.036154,0.21577,0.099817
2040,0.048822,0.065712,0.087149,0.054668,-0.1623,0.17712,0.14919
2041,0.053694,0.067011,0.090397,0.068635,-0.3403,0.070909,0.16478
2042,0.052395,0.061489,0.097868,0.080003,-0.43027,-0.067784,0.15666
2043,0.048822,0.059216,0.11021,0.092346,-0.37798,-0.17854,0.14172
2044,0.047198,0.064088,0.12158,0.099492,-0.19154,-0.22856,0.13067
2045,0.042651,0.074482,0.12483,0.093321,0.048497,-0.22661,0.12158
2046,0.029009,0.080978,0.11703,0.064088,0.23656,-0.20323,0.097218
2047,0.0059473,0.07773,0.09462,0.016666,0.30769,-0.17497,0.044599
2048,-0.021986,0.066362,0.061165,-0.032055,0.26612,-0.14671,-0.038876
2049,-0.052518,0.05272,0.026085,-0.069408,0.15373,-0.12657,-0.14152
2050,-0.081751,0.037129,-0.0063954,-0.086948,0.014068,-0.1321,-0.23409
2051,-0.10481,0.018615,-0.026533,-0.081101,-0.11423,-0.15646,-0.28995
2052,-0.12008,-0.0024977,-0.035303,-0.056091,-0.19576,-0.1714,-0.29807
2053,-0.12592,-0.021986,-0.039201,-0.027833,-0.20388,-0.15516,-0.27046
2054,-0.12495,-0.034978,-0.042124,-0.015165,-0.11943,-0.10676,-0.22694
2055,-0.11975,-0.034654,-0.044398,-0.030756,0.051096,-0.038227,-0.17984
2056,-0.11001,-0.022311,-0.044073,-0.068758,0.25995,0.034855,-0.12885
2057,-0.092145,-0.00054884,-0.041475,-0.10806,0.4308,0.091696,-0.067784
2058,-0.057065,0.02706,-0.034978,-0.12755,0.50258,0.11703,0.0088706
2059,-0.0057458,0.06019,-0.022311,-0.11683,0.45613,0.10371,0.099492
2060,0.054019,0.10177,-0.0011985,-0.082725,0.32361,0.061165,0.18849
2061,0.10566,0.15471,0.023487,-0.042449,0.16185,0.0062721,0.25962
2062,0.14074,0.21285,0.041027,-0.0073698,0.034206,-0.040825,0.3051
2063,0.16088,0.26742,0.049472,0.025111,-0.0021729,-0.059989,0.3353
2064,0.17095,0.30542,0.051096,0.063763,0.087799,-0.030431,0.36129
2065,0.17485,0.31874,0.048822,0.10859,0.27814,0.066362,0.38078
2066,0.1755,0.30607,0.045249,0.14756,0.49901,0.23429,0.38597
2067,0.16998,0.27359,0.041027,0.1651,0.67862,0.46263,0.36551
2068,0.15341,0.22877,0.030308,0.14919,0.77704,0.72832,0.31549
2069,0.11768,0.1729,0.01017,0.10371,0.80173,0.98394,0.23624
2070,0.065387,0.10664,-0.015815,0.044924,0.76892,1.1632,0.14237
2071,0.0075714,0.039402,-0.04115,-0.0021729,0.69064,1.2155,0.04395
2072,-0.045047,-0.01549,-0.059989,-0.021012,0.57176,1.133,-0.054792
2073,-0.085973,-0.044398,-0.065186,-0.011592,0.42268,0.94919,-0.14606
2074,-0.10903,-0.044073,-0.055116,0.010819,0.25735,0.7241,-0.21362
2075,-0.11488,-0.027508,-0.036278,0.031932,0.085525,0.50972,-0.23993
2076,-0.10774,-0.015815,-0.019388,0.050446,-0.085324,0.32198,-0.21785
2077,-0.086948,-0.017439,-0.010293,0.078379,-0.24286,0.13555,-0.15223
2078,-0.050569,-0.026858,0.0026992,0.13522,-0.36823,-0.086298,-0.055766
2079,0.0017248,-0.038551,0.031607,0.21577,-0.47477,-0.36076,0.057267
2080,0.066686,-0.044723,0.076106,0.29795,-0.5891,-0.66218,0.17712
2081,0.13814,-0.043748,0.1206,0.35544,-0.69629,-0.92852,0.29178
2082,0.20473,-0.03238,0.15016,0.36908,-0.73137,-1.0935,0.38662
2083,0.25767,-0.011267,0.15633,0.33075,-0.64399,-1.1237,0.44184
2084,0.28918,0.01764,0.14334,0.25378,-0.44813,-1.0419,0.44184
2085,0.29762,0.048172,0.11866,0.16153,-0.21362,-0.88922,0.38597
2086,0.28431,0.071558,0.083901,0.083576,-0.020037,-0.68394,0.2934
2087,0.25183,0.082602,0.045899,0.036154,0.07773,-0.43189,0.19206
2088,0.20083,0.080328,0.013093,0.01829,0.079679,-0.16198,0.11086
2089,0.13652,0.06896,-0.0037969,0.023812,0.032257,0.062464,0.074806
2090,0.071883,0.058566,0.0043233,0.044924,-0.01614,0.18264,0.091372
2091,0.019914,0.061165,0.036479,0.065062,-0.046347,0.18069,0.15438
2092,-0.014516,0.075456,0.081303,0.075781,-0.069408,0.095594,0.24468
2093,-0.034654,0.092346,0.12093,0.079354,-0.11098,-0.01549,0.33173
2094,-0.055441,0.095594,0.14107,0.082602,-0.18049,-0.097666,0.3824
2095,-0.077203,0.071558,0.1323,0.088448,-0.26007,-0.12268,0.3785
2096,-0.093119,0.015367,0.091372,0.090397,-0.31789,-0.085973,0.32231
2097,-0.09929,-0.066485,0.024461,0.081303,-0.33932,-0.0031473,0.22519
2098,-0.10481,-0.1623,-0.051868,0.058241,-0.33672,0.095269,0.10761
2099,-0.11553,-0.24643,-0.11391,0.032257,-0.32925,0.18264,-0.015815
2100,-0.1295,-0.29028,-0.14444,0.0091954,-0.32795,0.24533,-0.13957
2101,-0.14184,-0.28118,-0.13859,-0.0041217,-0.31691,0.27067,-0.26494
2102,-0.14931,-0.22467,-0.11098,-0.0096434,-0.28768,0.22682,-0.40331
2103,-0.15223,-0.14379,-0.078827,-0.0063954,-0.26787,0.072208,-0.56799
2104,-0.1597,-0.069733,-0.058365,-0.0031473,-0.31431,-0.21037,-0.76157
2105,-0.17562,-0.024585,-0.054792,-0.011917,-0.46957,-0.58878,-0.94931
2106,-0.19673,-0.010618,-0.062587,-0.034329,-0.7096,-0.98536,-1.0747
2107,-0.21525,-0.018738,-0.068109,-0.057065,-0.95029,-1.3225,-1.0977
2108,-0.22012,-0.037252,-0.060963,-0.065835,-1.0672,-1.5414,-1.012
2109,-0.20063,-0.048945,-0.039851,-0.052843,-0.96653,-1.6035,-0.8431
2110,-0.15581,-0.046347,-0.0076946,-0.023935,-0.67095,-1.4986,-0.6284
2111,-0.094093,-0.030756,0.028034,0.013743,-0.31042,-1.2572,-0.41046
2112,-0.034978,-0.013541,0.059216,0.044924,-0.048945,-0.95971,-0.21817
2113,0.0043233,-0.0044465,0.081952,0.056617,-0.0018481,-0.70018,-0.070382
2114,0.020564,-0.0050961,0.090072,0.05142,-0.16295,-0.52804,0.027709
2115,0.021538,-0.018088,0.090722,0.038428,-0.41111,-0.40493,0.080978
2116,0.011144,-0.039851,0.09397,0.031282,-0.57059,-0.22207,0.10956
2117,-0.00054884,-0.061613,0.10631,0.042326,-0.4699,0.13425,0.14107
2118,-0.0034721,-0.072656,0.12905,0.080003,0.0043233,0.71987,0.19726
2119,0.00075039,-0.062587,0.15536,0.14172,0.80432,1.4822,0.28203
2120,0.012119,-0.03303,0.17647,0.20505,1.6988,2.2611,0.37818
2121,0.027385,0.0046481,0.18102,0.22519,2.3696,2.8487,0.46068
2122,0.040702,0.038428,0.16121,0.16803,2.5706,3.0864,0.51102
2123,0.047523,0.053044,0.11995,0.037129,2.264,2.923,0.51882
2124,0.047523,0.043625,0.069285,-0.11975,1.6189,2.4443,0.48536
2125,0.041676,0.012443,0.023812,-0.23798,0.90112,1.8268,0.42755
2126,0.035505,-0.031406,-0.0093186,-0.27339,0.34375,1.2402,0.35999
2127,0.033556,-0.079152,-0.026858,-0.22467,0.046548,0.79458,0.29697
2128,0.040052,-0.11521,-0.026209,-0.12755,-0.028157,0.51849,0.24111
2129,0.053694,-0.1243,-0.013541,-0.034329,0.0085458,0.38305,0.18979
2130,0.064413,-0.097991,0.0046481,0.013093,0.056292,0.33855,0.13457
2131,0.062789,-0.040825,0.021213,0.0052977,0.057917,0.33368,0.069934
2132,0.049147,0.029333,0.032257,-0.03173,-0.0021729,0.33498,0.0088706
2133,0.034206,0.083901,0.037129,-0.054142,-0.10189,0.32134,-0.031081
2134,0.030957,0.10599,0.032906,-0.037902,-0.20388,0.28268,-0.031406
2135,0.044599,0.096569,0.023487,0.011469,-0.25942,0.20603,0.0085458
2136,0.06831,0.067986,0.015042,0.071558,-0.23051,0.0852,0.075781
2137,0.092671,0.038753,0.011794,0.11801,-0.12235,-0.074605,0.14821
2138,0.11151,0.024137,0.015042,0.14367,0.0036737,-0.25065,0.207
2139,0.12288,0.030633,0.024137,0.14821,0.069285,-0.41338,0.24598
2140,0.13132,0.05207,0.037129,0.14042,0.032906,-0.53421,0.26709
2141,0.14107,0.081627,0.051096,0.1323,-0.090845,-0.59592,0.27846
2142,0.15081,0.10826,0.062789,0.1284,-0.25552,-0.60242,0.27814
2143,0.15568,0.12807,0.064737,0.12223,-0.41078,-0.57546,0.25995
2144,0.15179,0.13912,0.06084,0.10469,-0.53096,-0.53811,0.22617
2145,0.14399,0.13912,0.057267,0.075131,-0.61249,-0.50205,0.19109
2146,0.1323,0.12775,0.053694,0.034206,-0.65731,-0.46178,0.16088
2147,0.11768,0.10696,0.051745,-0.014516,-0.66283,-0.4137,0.14496
2148,0.10047,0.079679,0.048172,-0.059989,-0.63327,-0.3757,0.13847
2149,0.07773,0.050446,0.036804,-0.096042,-0.59202,-0.38707,0.1206
2150,0.050771,0.02706,0.014717,-0.11358,-0.56052,-0.47672,0.062139
2151,0.016991,0.016016,-0.012242,-0.10546,-0.53161,-0.65211,-0.045372
2152,-0.029132,0.015692,-0.038876,-0.080776,-0.48191,-0.88727,-0.19641
2153,-0.086298,0.019914,-0.062912,-0.061613,-0.40623,-1.1361,-0.36238
2154,-0.14769,0.021538,-0.081751,-0.06551,-0.3299,-1.3563,-0.50822
2155,-0.2016,0.014392,-0.097666,-0.093119,-0.30262,-1.5112,-0.60826
2156,-0.23798,-0.0060706,-0.11553,-0.13047,-0.35491,-1.5726,-0.64886
2157,-0.2539,-0.034004,-0.13632,-0.16328,-0.46957,-1.5099,-0.62743
2158,-0.25,-0.056416,-0.15256,-0.17789,-0.58325,-1.3066,-0.54687
2159,-0.22791,-0.060313,-0.15678,-0.16523,-0.60924,-0.98212,-0.4202
2160,-0.19283,-0.043423,-0.14671,-0.12982,-0.48776,-0.59917,-0.28118
2161,-0.15223,-0.011592,-0.13015,-0.086948,-0.21395,-0.23474,-0.16295
2162,-0.11163,0.022837,-0.11488,-0.053168,0.15114,0.055643,-0.0837
2163,-0.071682,0.053044,-0.10611,-0.040175,0.52759,0.24143,-0.044073
2164,-0.03238,0.076755,-0.09994,-0.046996,0.86734,0.32263,-0.03303
2165,0.0065969,0.091372,-0.087272,-0.059339,1.1476,0.30997,-0.032705
2166,0.047523,0.098842,-0.06681,-0.062262,1.3419,0.22162,-0.029782
2167,0.092021,0.11054,-0.037252,-0.044723,1.4062,0.10371,-0.0037969
2168,0.13944,0.13295,0.00042559,-0.0083442,1.3058,0.019914,0.055968
2169,0.18459,0.16478,0.040052,0.037778,1.0388,0.025111,0.14302
2170,0.22032,0.19823,0.073832,0.082602,0.65621,0.14756,0.23754
2171,0.23721,0.22389,0.096244,0.12418,0.22454,0.36746,0.31874
2172,0.22747,0.22779,0.10891,0.15341,-0.19543,0.61366,0.36908
2173,0.19271,0.2096,0.11151,0.17062,-0.54005,0.80432,0.38987
2174,0.14984,0.17127,0.10924,0.19011,-0.73461,0.89365,0.39409
2175,0.1219,0.11833,0.10924,0.22682,-0.72357,0.89235,0.39767
2176,0.1206,0.060515,0.11443,0.28203,-0.49068,0.84785,0.40871
2177,0.13782,0.011144,0.12125,0.33628,-0.087922,0.81212,0.42527
2178,0.15633,-0.02426,0.12807,0.36291,0.36453,0.82186,0.44054
2179,0.16445,-0.048945,0.13002,0.34375,0.7176,0.87935,0.44736
2180,0.16023,-0.062912,0.12483,0.28398,0.85824,0.95276,0.43957
2181,0.14237,-0.073306,0.11151,0.20635,0.75755,0.99401,0.41163
2182,0.11248,-0.081101,0.092346,0.14464,0.46587,0.96705,0.36453
2183,0.079354,-0.081426,0.071558,0.10729,0.095269,0.86539,0.30834
2184,0.054344,-0.072006,0.054344,0.082602,-0.23636,0.72215,0.25053
2185,0.037778,-0.055116,0.042975,0.059216,-0.4582,0.57339,0.19466
2186,0.024786,-0.030431,0.03583,0.031607,-0.56084,0.43404,0.13782
2187,0.0052977,-0.0063954,0.029333,-0.00054884,-0.57318,0.29892,0.071234
2188,-0.02361,0.010819,0.02641,-0.038227,-0.53518,0.15146,-0.010618
2189,-0.060313,0.019264,0.024786,-0.07428,-0.47379,-0.0021729,-0.10026
2190,-0.096042,0.022188,0.023487,-0.088572,-0.39227,-0.1334,-0.18179
2191,-0.123,0.023162,0.022837,-0.072006,-0.28995,-0.21297,-0.23571
2192,-0.13957,0.028034,0.024137,-0.041475,-0.17789,-0.23084,-0.25195
2193,-0.14964,0.037129,0.02706,-0.02426,-0.089546,-0.20485,-0.23668
2194,-0.15743,0.05142,0.028359,-0.038551,-0.052518,-0.17562,-0.2146
2195,-0.16945,0.064413,0.023487,-0.080451,-0.071682,-0.17335,-0.20843
2196,-0.18829,0.066686,0.010819,-0.12917,-0.12073,-0.19381,-0.22499
2197,-0.21005,0.054668,-0.0067202,-0.16685,-0.15646,-0.20225,-0.25098
2198,-0.22694,0.035505,-0.023935,-0.18439,-0.14281,-0.16815,-0.26462
2199,-0.23571,0.016666,-0.03173,-0.17367,-0.072981,-0.082725,-0.25098
2200,-0.23571,0.0026992,-0.024909,-0.13957,0.028359,0.024461,-0.2159
2201,-0.22856,-0.0041217,-0.0076946,-0.097991,0.12125,0.11248,-0.17887
2202,-0.21979,-0.0076946,0.0091954,-0.061937,0.19206,0.15763,-0.15613
2203,-0.21525,-0.013216,0.025111,-0.028482,0.25507,0.15568,-0.14606
2204,-0.2159,-0.02426,0.037778,0.0033489,0.30964,0.11151,-0.13729
2205,-0.21882,-0.039851,0.039402,0.030633,0.33693,0.032257,-0.12398
2206,-0.22109,-0.063561,0.029658,0.044924,0.31094,-0.070707,-0.11196
2207,-0.22109,-0.090521,0.01017,0.039727,0.22422,-0.1753,-0.11943
2208,-0.21752,-0.11066,-0.014516,0.016991,0.10469,-0.26754,-0.1597
2209,-0.20615,-0.11943,-0.040175,-0.018738,-0.0089938,-0.35102,-0.22726
2210,-0.19219,-0.1217,-0.061613,-0.059989,-0.090196,-0.43612,-0.30132
2211,-0.18439,-0.12333,-0.074605,-0.10221,-0.13697,-0.51537,-0.36141
2212,-0.18374,-0.12592,-0.080127,-0.14022,-0.15808,-0.56701,-0.38772
2213,-0.17887,-0.12917,-0.076554,-0.16328,-0.17659,-0.57513,-0.36661
2214,-0.15646,-0.12657,-0.064536,-0.16133,-0.21005,-0.53518,-0.30489
2215,-0.11293,-0.11488,-0.047321,-0.13599,-0.25715,-0.45366,-0.21785
2216,-0.059014,-0.094418,-0.028157,-0.09182,-0.30717,-0.34614,-0.12235
2217,-0.0034721,-0.067784,-0.0083442,-0.034978,-0.34809,-0.23214,-0.028157
2218,0.044275,-0.035303,0.0069217,0.021213,-0.36823,-0.12398,0.055643
2219,0.078704,-0.0034721,0.015042,0.062464,-0.36466,-0.028807,0.11378
2220,0.10144,0.024137,0.016016,0.083576,-0.35751,0.041027,0.13425
2221,0.11508,0.042975,0.012119,0.091047,-0.3848,0.079029,0.1219
2222,0.11963,0.05207,0.01017,0.092996,-0.46372,0.07773,0.095594
2223,0.11898,0.059865,0.015367,0.095919,-0.57676,0.032906,0.072858
2224,0.1206,0.070584,0.028684,0.10014,-0.68622,-0.049595,0.062464
2225,0.1297,0.083251,0.042975,0.10599,-0.76774,-0.14866,0.067336
2226,0.15016,0.097218,0.049472,0.10664,-0.82426,-0.24513,0.089098
2227,0.18329,0.11054,0.0433,0.099817,-0.86778,-0.32763,0.12223
2228,0.22324,0.1206,0.028034,0.088448,-0.90481,-0.40363,0.15536
2229,0.2619,0.12905,0.011794,0.075456,-0.91066,-0.47087,0.18004
2230,0.2934,0.14237,0.003024,0.073182,-0.83043,-0.52186,0.18979
2231,0.31906,0.16933,0.0069217,0.09462,-0.60437,-0.54558,0.18622
2232,0.33985,0.20863,0.020564,0.14107,-0.21882,-0.54265,0.17582
2233,0.36129,0.24793,0.036154,0.20116,0.28073,-0.50433,0.1729
2234,0.38142,0.27651,0.048172,0.2554,0.8368,-0.40818,0.19369
2235,0.39474,0.28333,0.057592,0.29633,1.4036,-0.23668,0.23721
2236,0.39702,0.26969,0.067011,0.32166,1.9392,-0.0054209,0.28106
2237,0.37883,0.23754,0.075131,0.32263,2.3741,0.24046,0.30315
2238,0.33075,0.19401,0.070584,0.27976,2.6047,0.44346,0.29405
2239,0.25832,0.14496,0.047523,0.18167,2.5381,0.55942,0.26255
2240,0.18297,0.098193,0.009845,0.028684,2.1718,0.57956,0.23006
2241,0.12385,0.06084,-0.035303,-0.14964,1.6144,0.52239,0.21675
2242,0.090072,0.033881,-0.077528,-0.30879,1.0187,0.43404,0.22844
2243,0.081627,0.012768,-0.10416,-0.40104,0.51362,0.37428,0.25865
2244,0.092346,-0.00054884,-0.10709,-0.39616,0.16478,0.38207,0.2947
2245,0.10989,-0.0028225,-0.086298,-0.29677,-0.015165,0.44801,0.32296
2246,0.11833,0.0026992,-0.054792,-0.13372,-0.054467,0.53051,0.32751
2247,0.10989,0.010819,-0.028482,0.040702,-0.01549,0.58703,0.30639
2248,0.091372,0.014717,-0.012892,0.17615,0.03453,0.58833,0.258
2249,0.075131,0.015692,-0.0080194,0.24403,0.046548,0.52759,0.18687
2250,0.072533,0.022837,-0.0073698,0.2476,0.011469,0.41001,0.10566
2251,0.088448,0.049796,-0.0015233,0.21025,-0.046671,0.2489,0.028359
2252,0.12645,0.10014,0.01894,0.1677,-0.10156,0.065062,-0.030756
2253,0.18134,0.1677,0.053044,0.14659,-0.13632,-0.11845,-0.069733
2254,0.24403,0.23981,0.093645,0.14561,-0.14736,-0.27793,-0.094093
2255,0.29925,0.30185,0.13067,0.15893,-0.13892,-0.39357,-0.10644
2256,0.33628,0.34927,0.15568,0.1729,-0.10026,-0.44359,-0.10091
2257,0.35154,0.38078,0.16088,0.17257,-0.0073698,-0.41598,-0.075255
2258,0.34505,0.38662,0.14724,0.15114,0.15861,-0.31464,-0.03303
2259,0.31939,0.36031,0.12645,0.11346,0.39929,-0.15321,0.012119
2260,0.27814,0.30217,0.10826,0.076106,0.66271,0.050771,0.044924
2261,0.22649,0.21902,0.094945,0.05142,0.8498,0.27034,0.057592
2262,0.16543,0.11703,0.084551,0.040377,0.87871,0.4649,0.049796
2263,0.091372,-0.00087364,0.072858,0.035505,0.72929,0.5919,0.026735
2264,0.0023744,-0.13307,0.055968,0.022837,0.44736,0.62373,-0.0031473
2265,-0.097991,-0.26657,0.037454,-0.0063954,0.10144,0.56039,-0.031081
2266,-0.20096,-0.38512,0.014392,-0.047321,-0.23896,0.43047,-0.051868
2267,-0.28768,-0.47249,-0.011267,-0.076879,-0.5079,0.27521,-0.055441
2268,-0.33802,-0.51342,-0.028807,-0.075579,-0.66283,0.14367,-0.036927
2269,-0.34355,-0.50433,-0.027183,-0.035303,-0.69239,0.080003,0.00075039
2270,-0.30879,-0.45885,-0.0057458,0.035505,-0.62288,0.094295,0.045899
2271,-0.2487,-0.39129,0.01829,0.11281,-0.51439,0.15244,0.076106
2272,-0.17854,-0.31269,0.03453,0.1677,-0.44683,0.18914,0.074806
2273,-0.10579,-0.23051,0.041351,0.18459,-0.49036,0.15049,0.044275
2274,-0.026533,-0.14996,0.046548,0.16998,-0.66575,0.019589,0.0052977
2275,0.063438,-0.070382,0.057917,0.14626,-0.93632,-0.17887,-0.018413
2276,0.16218,0.0088706,0.079029,0.13847,-1.2381,-0.39357,-0.017114
2277,0.26612,0.089748,0.10859,0.16088,-1.482,-0.56669,0.012768
2278,0.36941,0.16965,0.14886,0.21317,-1.5668,-0.65016,0.076431
2279,0.46523,0.24728,0.19921,0.27814,-1.4222,-0.62158,0.1716
2280,0.54123,0.31322,0.2515,0.33303,-1.0783,-0.51634,0.28008
2281,0.58216,0.35739,0.29243,0.36259,-0.64627,-0.40234,0.37038
2282,0.57956,0.36973,0.31354,0.36648,-0.25033,-0.32211,0.41683
2283,0.53506,0.35382,0.31646,0.35512,0.032257,-0.2552,0.41261
2284,0.4597,0.32069,0.30347,0.33498,0.17355,-0.15483,0.36486
2285,0.37103,0.27911,0.27164,0.30542,0.20181,-0.0076946,0.28496
2286,0.28203,0.23396,0.22194,0.26157,0.19369,0.15893,0.18427
2287,0.20051,0.19239,0.16088,0.20213,0.22,0.30639,0.081952
2288,0.13912,0.16088,0.10177,0.12775,0.30087,0.41391,-0.0021729
2289,0.10047,0.13749,0.055968,0.044924,0.40416,0.48666,-0.046671
2290,0.078379,0.11476,0.028034,-0.032055,0.47627,0.53733,-0.051219
2291,0.059541,0.0852,0.016016,-0.09117,0.47854,0.56786,-0.037252
2292,0.025436,0.048172,0.014068,-0.12592,0.39669,0.57046,-0.025884
2293,-0.029782,0.0085458,0.013093,-0.14639,0.2515,0.53279,-0.027183
2294,-0.10319,-0.025884,0.010819,-0.16685,0.086824,0.44411,-0.04115
2295,-0.17919,-0.054467,0.0062721,-0.19283,-0.050244,0.30802,-0.058365
2296,-0.24221,-0.078827,-0.00054884,-0.21427,-0.13047,0.14951,-0.06616
2297,-0.28573,-0.10156,-0.010943,-0.22012,-0.14996,-0.0024977,-0.065835
2298,-0.31399,-0.1282,-0.027183,-0.2133,-0.13404,-0.13177,-0.067784
2299,-0.33737,-0.16003,-0.052193,-0.19998,-0.12008,-0.24026,-0.082725
2300,-0.36206,-0.19089,-0.084674,-0.18991,-0.12333,-0.3338,-0.11488
2301,-0.38772,-0.20778,-0.11878,-0.19089,-0.14411,-0.41728,-0.1636
2302,-0.40883,-0.20875,-0.14671,-0.21102,-0.16263,-0.47412,-0.21979
2303,-0.42702,-0.19998,-0.16295,-0.26072,-0.15678,-0.48873,-0.27046
2304,-0.43936,-0.18764,-0.16458,-0.32698,-0.1256,-0.46372,-0.30782
2305,-0.44326,-0.1727,-0.15093,-0.36498,-0.089871,-0.4202,-0.32406
2306,-0.43189,-0.15093,-0.12268,-0.31464,-0.076879,-0.3718,-0.31821
2307,-0.40331,-0.12398,-0.085648,-0.13762,-0.090521,-0.30359,-0.29742
2308,-0.36271,-0.094418,-0.04992,0.14984,-0.10091,-0.2055,-0.27664
2309,-0.32048,-0.068109,-0.024585,0.45938,-0.071682,-0.086298,-0.26332
2310,-0.28898,-0.054792,-0.021661,0.67505,0.011469,0.032906,-0.26787
2311,-0.27079,-0.053817,-0.045697,0.72182,0.1323,0.13067,-0.28411
2312,-0.26332,-0.060638,-0.088247,0.60002,0.24955,0.20343,-0.29417
2313,-0.25487,-0.068434,-0.13567,0.36226,0.32556,0.26969,-0.28411
2314,-0.23928,-0.07493,-0.17854,0.086824,0.35252,0.35771,-0.25162
2315,-0.22012,-0.077528,-0.2146,-0.15678,0.347,0.46555,-0.20615
2316,-0.20225,-0.072981,-0.23993,-0.32438,0.31776,0.55325,-0.15548
2317,-0.18634,-0.059014,-0.25162,-0.40363,0.25865,0.57469,-0.10709
2318,-0.17367,-0.032705,-0.24675,-0.40363,0.16315,0.50485,-0.069733
2319,-0.1662,0.0020496,-0.22597,-0.35167,0.029658,0.34667,-0.047646
2320,-0.1675,0.040702,-0.19316,-0.28053,-0.13924,0.12515,-0.041799
2321,-0.174,0.076755,-0.15548,-0.21785,-0.32243,-0.12657,-0.045047
2322,-0.17627,0.097543,-0.12657,-0.17854,-0.47899,-0.36758,-0.048945
2323,-0.16588,0.10079,-0.10968,-0.16295,-0.57253,-0.57611,-0.048945
2324,-0.13989,0.094295,-0.097341,-0.16523,-0.57481,-0.74858,-0.043748
2325,-0.10189,0.092021,-0.079152,-0.1727,-0.48256,-0.88565,-0.031406
2326,-0.056091,0.097868,-0.04992,-0.1753,-0.32731,-0.98504,-0.011267
2327,-0.0083442,0.10599,-0.01614,-0.16912,-0.16653,-1.0507,0.011794
2328,0.029009,0.10436,0.010819,-0.15808,-0.071357,-1.0987,0.036804
2329,0.045899,0.082927,0.018615,-0.14769,-0.087922,-1.1526,0.057592
2330,0.038753,0.040702,0.0075714,-0.13892,-0.19933,-1.2273,0.067986
2331,0.014717,-0.011917,-0.014516,-0.12203,-0.31821,-1.303,0.067661
2332,-0.013216,-0.052518,-0.036278,-0.089546,-0.33737,-1.3319,0.065387
2333,-0.030756,-0.065835,-0.051868,-0.042449,-0.19413,-1.2576,0.075131
2334,-0.033679,-0.053492,-0.054142,0.01017,0.099492,-1.0354,0.088773
2335,-0.029132,-0.030431,-0.044723,0.049472,0.49738,-0.65731,0.078055
2336,-0.02361,-0.017439,-0.027508,0.067661,0.93327,-0.15093,0.020564
2337,-0.021012,-0.019712,-0.0099683,0.068635,1.3146,0.43372,-0.062262
2338,-0.021337,-0.03303,0.0049729,0.061165,1.5267,1.0197,-0.12625
2339,-0.022311,-0.046022,0.016991,0.056292,1.4877,1.516,-0.13242
2340,-0.02426,-0.050244,0.031282,0.06084,1.1925,1.834,-0.073306
2341,-0.028482,-0.038551,0.05142,0.078055,0.75008,1.9174,0.019589
2342,-0.029782,-0.0096434,0.076755,0.10631,0.33075,1.7774,0.10339
2343,-0.029782,0.029658,0.10274,0.1336,0.081303,1.4955,0.15179
2344,-0.025559,0.073182,0.12223,0.14464,0.050121,1.183,0.16445
2345,-0.014516,0.11216,0.12678,0.13327,0.18102,0.90794,0.14367
2346,-0.0015233,0.13392,0.11248,0.10306,0.35934,0.67148,0.09397
2347,0.012443,0.13067,0.085525,0.058241,0.48114,0.44054,0.019589
2348,0.027385,0.10696,0.055968,0.0065969,0.50485,0.20376,-0.072006
2349,0.042001,0.075131,0.031932,-0.045047,0.43989,-0.016464,-0.16328
2350,0.05207,0.046223,0.017965,-0.0837,0.32718,-0.19446,-0.23571
2351,0.055643,0.023812,0.016016,-0.10189,0.21188,-0.30847,-0.27891
2352,0.05272,0.0043233,0.023162,-0.10124,0.11898,-0.35621,-0.29288
2353,0.043625,-0.018088,0.03518,-0.088896,0.048497,-0.34712,-0.29612
2354,0.026735,-0.047646,0.045574,-0.072656,-0.0054209,-0.31074,-0.31106
2355,0.0010752,-0.082076,0.048172,-0.058689,-0.037902,-0.26981,-0.33932
2356,-0.03173,-0.11033,0.042326,-0.043099,-0.039851,-0.23279,-0.36076
2357,-0.062262,-0.12268,0.03583,-0.026533,-0.019063,-0.19251,-0.34679
2358,-0.080451,-0.11196,0.042001,-0.007045,-0.0015233,-0.13437,-0.28021
2359,-0.075579,-0.079152,0.066686,0.011144,-0.010943,-0.06681,-0.16685
2360,-0.044723,-0.03173,0.10177,0.028034,-0.054142,-0.014516,-0.028482
2361,0.0075714,0.020888,0.13197,0.039078,-0.12008,0.0039985,0.10079
2362,0.071558,0.064413,0.15244,0.045899,-0.17757,-0.020687,0.19628
2363,0.13522,0.093321,0.16218,0.044599,-0.20615,-0.085648,0.25085
2364,0.19011,0.11313,0.16348,0.030308,-0.21395,-0.18114,0.27132
2365,0.23331,0.13002,0.16348,0.010819,-0.21395,-0.28183,0.27002
2366,0.26514,0.14821,0.16803,0.0010752,-0.20713,-0.35914,0.26514
2367,0.28073,0.1651,0.17712,0.011144,-0.19413,-0.39422,0.26709
2368,0.27554,0.17192,0.18069,0.04395,-0.17887,-0.38739,0.27521
2369,0.25183,0.16056,0.17095,0.090722,-0.18049,-0.35459,0.27554
2370,0.21707,0.13392,0.14269,0.1349,-0.21752,-0.30814,0.2515
2371,0.18037,0.10047,0.097868,0.15828,-0.28833,-0.23506,0.20668
2372,0.15049,0.072533,0.048497,0.15633,-0.36628,-0.10189,0.16478
2373,0.13392,0.062464,0.010819,0.13944,-0.4189,0.096244,0.14951
2374,0.1297,0.073832,-0.0060706,0.11671,-0.43969,0.31581,0.16283
2375,0.13002,0.096893,-0.0044465,0.097218,-0.45885,0.48894,0.19011
2376,0.1219,0.11541,0.010819,0.087474,-0.52122,0.55162,0.21545
2377,0.10144,0.12385,0.029658,0.088448,-0.63035,0.4727,0.23234
2378,0.080328,0.12028,0.044275,0.096569,-0.74566,0.27944,0.24436
2379,0.076106,0.10989,0.056942,0.11508,-0.81939,0.050121,0.25995
2380,0.10371,0.10404,0.073507,0.14919,-0.82329,-0.13437,0.28593
2381,0.16153,0.11021,0.099492,0.20473,-0.74111,-0.22239,0.32556
2382,0.23136,0.12775,0.12775,0.26839,-0.56831,-0.2055,0.37071
2383,0.28658,0.15179,0.14496,0.30899,-0.31594,-0.11033,0.40416
2384,0.3051,0.16965,0.14237,0.3012,-0.02361,0.021538,0.40676
2385,0.28268,0.17745,0.11866,0.24111,0.24663,0.15081,0.37428
2386,0.23689,0.18264,0.082277,0.14302,0.42852,0.24403,0.32101
2387,0.19823,0.19661,0.045899,0.037454,0.47789,0.27781,0.26839
2388,0.18427,0.2187,0.016016,-0.052843,0.39442,0.23656,0.23331
2389,0.19953,0.24241,-0.008669,-0.11423,0.23721,0.12255,0.21805
2390,0.23689,0.25507,-0.029132,-0.14899,0.10696,-0.029132,0.21415
2391,0.28398,0.25507,-0.046022,-0.16847,0.078055,-0.1636,0.20993
2392,0.32393,0.24273,-0.060638,-0.18342,0.13977,-0.21687,0.20278
2393,0.34245,0.21545,-0.073955,-0.19316,0.22714,-0.15938,0.19174
2394,0.32978,0.16738,-0.0824,-0.18082,0.29373,-0.0015233,0.17615
2395,0.29178,0.095919,-0.079152,-0.12268,0.33563,0.2057,0.16445
2396,0.23494,0.0062721,-0.061937,-0.021337,0.35836,0.40936,0.16998
2397,0.16673,-0.081751,-0.042774,0.082927,0.34277,0.56624,0.19628
2398,0.097218,-0.14899,-0.034654,0.14886,0.25572,0.64809,0.23526
2399,0.033881,-0.19154,-0.042449,0.15991,0.10989,0.64809,0.27229
2400,-0.019388,-0.20908,-0.059339,0.13977,-0.022636,0.59645,0.2908
2401,-0.057715,-0.2016,-0.069408,0.12645,-0.064536,0.5474,0.27456
2402,-0.07428,-0.16912,-0.064536,0.13977,0.017316,0.53506,0.2135
2403,-0.074605,-0.11813,-0.045697,0.17842,0.19531,0.55844,0.11378
2404,-0.070058,-0.064861,-0.020037,0.22487,0.38954,0.59872,-0.0067202
2405,-0.069733,-0.021012,0.0033489,0.25865,0.51232,0.62146,-0.12268
2406,-0.075579,0.015042,0.020564,0.27196,0.50907,0.58995,-0.21102
2407,-0.082076,0.048172,0.029658,0.26612,0.38207,0.49056,-0.25617
2408,-0.077853,0.080328,0.030633,0.25183,0.18687,0.34764,-0.25422
2409,-0.061613,0.10534,0.026735,0.23786,-0.010618,0.19726,-0.22337
2410,-0.042774,0.10989,0.01894,0.22389,-0.16393,0.070584,-0.19024
2411,-0.032055,0.090722,0.014068,0.2057,-0.26234,-0.011592,-0.17172
2412,-0.027508,0.054668,0.01764,0.18557,-0.32243,-0.042774,-0.16685
2413,-0.026209,0.012119,0.030633,0.17355,-0.36401,-0.030756,-0.16393
2414,-0.024585,-0.021337,0.047523,0.16835,-0.40721,0.00042559,-0.15029
2415,-0.021337,-0.034329,0.062464,0.16121,-0.46437,0.022837,-0.12333
2416,-0.01484,-0.033354,0.071558,0.14399,-0.52966,0.022512,-0.090196
2417,-0.0096434,-0.030106,0.075781,0.11736,-0.57481,0.015692,-0.056741
2418,-0.0047713,-0.03238,0.07708,0.088448,-0.55662,0.028359,-0.026858
2419,-0.00087364,-0.044073,0.072858,0.057917,-0.44618,0.064413,-0.0076946
2420,0.00075039,-0.065186,0.059216,0.027385,-0.26657,0.088124,-0.0067202
2421,-0.00022403,-0.094743,0.03518,-0.0050961,-0.087597,0.049796,-0.023285
2422,-0.012567,-0.12625,0.0020496,-0.040825,0.023487,-0.069408,-0.053168
2423,-0.036602,-0.14899,-0.030431,-0.079152,0.048497,-0.24253,-0.090521
2424,-0.06616,-0.15256,-0.047321,-0.11033,0.0091954,-0.41825,-0.12203
2425,-0.085973,-0.13242,-0.042449,-0.12787,-0.053492,-0.56279,-0.13729
2426,-0.088247,-0.092145,-0.018738,-0.13307,-0.11878,-0.67128,-0.13437
2427,-0.07493,-0.045697,0.011794,-0.13372,-0.17659,-0.74501,-0.11845
2428,-0.058365,-0.0047713,0.033881,-0.14249,-0.22499,-0.78269,-0.09994
2429,-0.047321,0.02706,0.041676,-0.16198,-0.25455,-0.77489,-0.08305
2430,-0.042124,0.050446,0.038753,-0.17757,-0.24188,-0.70765,-0.060963
2431,-0.035628,0.070259,0.031607,-0.17724,-0.16165,-0.56506,-0.025559
2432,-0.023285,0.090397,0.033556,-0.15158,-0.011267,-0.35199,0.020564
2433,-0.0021729,0.11086,0.046548,-0.10351,0.1742,-0.097341,0.072858
2434,0.024461,0.1284,0.06831,-0.040825,0.32783,0.1297,0.1232
2435,0.050771,0.13977,0.090722,0.019264,0.3837,0.26482,0.16218
2436,0.070584,0.13782,0.10761,0.061489,0.32491,0.28658,0.18134
2437,0.080653,0.12385,0.11638,0.081952,0.20213,0.22487,0.1716
2438,0.080978,0.098193,0.12028,0.081952,0.088773,0.13197,0.13847
2439,0.075781,0.06831,0.1245,0.071558,0.042975,0.050446,0.093645
2440,0.071883,0.045574,0.12678,0.063763,0.070909,0.0036737,0.054993
2441,0.070909,0.042975,0.12223,0.063438,0.13392,0.0033489,0.032257
2442,0.071234,0.050771,0.10794,0.058566,0.17745,0.042975,0.024137
2443,0.06961,0.062464,0.087474,0.039727,0.16575,0.099817,0.020239
2444,0.063113,0.071234,0.063763,0.011469,0.099492,0.14886,0.0075714
2445,0.05142,0.07773,0.043625,-0.0096434,0.0091954,0.19011,-0.011917
2446,0.036479,0.079354,0.033231,-0.014191,-0.066485,0.23754,-0.021337
2447,0.022512,0.074482,0.032257,-0.0044465,-0.094743,0.2973,-0.010943
2448,0.017965,0.064413,0.033231,0.0085458,-0.061937,0.36941,0.01894
2449,0.025111,0.054993,0.027709,0.01829,0.02706,0.44379,0.054668
2450,0.039402,0.048172,0.014717,0.021213,0.12807,0.50355,0.088124
2451,0.059541,0.042001,-0.0024977,0.01894,0.19499,0.52044,0.11281
2452,0.077405,0.038428,-0.016789,0.012443,0.2057,0.47367,0.11898
2453,0.084226,0.037129,-0.027508,0.0026992,0.1716,0.35771,0.099817
2454,0.078055,0.041027,-0.027833,-0.0073698,0.12125,0.19271,0.062464
2455,0.061814,0.051096,-0.022636,-0.01614,0.082927,0.0046481,0.018615
2456,0.044924,0.065712,-0.01484,-0.023285,0.079029,-0.17302,-0.008669
2457,0.036479,0.083251,-0.0041217,-0.025234,0.12028,-0.31139,-0.008669
2458,0.038428,0.10112,0.0088706,-0.021661,0.19726,-0.39162,0.013093
2459,0.045899,0.10924,0.017316,-0.015165,0.29957,-0.40818,0.045574
2460,0.048497,0.10112,0.015042,-0.0073698,0.41098,-0.36661,0.070584
2461,0.037778,0.074482,0.00075039,-0.0054209,0.49965,-0.28021,0.07708
2462,0.013743,0.036804,-0.023285,-0.011917,0.52824,-0.1701,0.067336
2463,-0.018413,-0.00087364,-0.052518,-0.023935,0.48731,-0.051868,0.048172
2464,-0.046347,-0.026858,-0.078503,-0.036927,0.41293,0.064413,0.036479
2465,-0.056741,-0.032055,-0.093444,-0.044398,0.36161,0.18102,0.046223
2466,-0.046671,-0.014191,-0.086298,-0.045697,0.36843,0.29633,0.082277
2467,-0.029782,0.018615,-0.060313,-0.043748,0.41391,0.38954,0.1336
2468,-0.026858,0.052395,-0.024585,-0.044398,0.45061,0.4282,0.17387
2469,-0.047971,0.075456,0.0026992,-0.050894,0.44086,0.38337,0.17874
2470,-0.086623,0.082927,0.010495,-0.069408,0.36453,0.24371,0.14237
2471,-0.12625,0.071883,-0.0044465,-0.10026,0.22162,0.025761,0.074482
2472,-0.15353,0.041351,-0.034978,-0.14022,0.039727,-0.22954,-0.0041217
2473,-0.16425,-0.0076946,-0.072981,-0.18991,-0.14346,-0.47314,-0.076554
2474,-0.16133,-0.072981,-0.11033,-0.23798,-0.30197,-0.65926,-0.14346
2475,-0.14964,-0.14509,-0.13924,-0.27046,-0.43579,-0.7658,-0.20583
2476,-0.13794,-0.20778,-0.15938,-0.27631,-0.55272,-0.79113,-0.26527
2477,-0.12885,-0.24708,-0.17172,-0.2565,-0.66023,-0.76027,-0.32178
2478,-0.12268,-0.25487,-0.17497,-0.21687,-0.73949,-0.70311,-0.36985
2479,-0.11651,-0.22921,-0.16945,-0.161,-0.73039,-0.62256,-0.39389
2480,-0.099615,-0.17302,-0.15386,-0.091495,-0.54687,-0.49458,-0.37538
2481,-0.063886,-0.092794,-0.1243,-0.013541,-0.13534,-0.29385,-0.31204
2482,-0.014191,-0.0063954,-0.081751,0.062139,0.44021,-0.043423,-0.21979
2483,0.03518,0.071558,-0.030431,0.12678,0.99141,0.18654,-0.13307
2484,0.071234,0.12775,0.021538,0.17517,1.3188,0.31776,-0.075579
2485,0.092346,0.15633,0.059216,0.207,1.325,0.30737,-0.051868
2486,0.10436,0.15276,0.073507,0.22097,1.0483,0.16835,-0.046671
2487,0.11573,0.12645,0.064737,0.22324,0.6299,-0.04862,-0.038876
2488,0.13035,0.096244,0.042975,0.2109,0.22357,-0.27566,-0.01614
2489,0.14496,0.075131,0.023162,0.17907,-0.080776,-0.4608,0.021538
2490,0.15471,0.069285,0.010495,0.1336,-0.28118,-0.57773,0.066037
2491,0.15438,0.078055,0.0069217,0.083251,-0.43384,-0.62093,0.10436
2492,0.14756,0.096244,0.015042,0.036154,-0.60664,-0.59202,0.1362
2493,0.13814,0.11606,0.028684,-0.00054884,-0.83108,-0.48061,0.16413
2494,0.1232,0.12905,0.0433,-0.020037,-1.0708,-0.28248,0.18849
2495,0.098842,0.12775,0.059865,-0.016464,-1.253,-0.033679,0.20148
2496,0.064737,0.10794,0.071234,0.014717,-1.3238,0.19109,0.19044
2497,0.013418,0.072533,0.074806,0.057592,-1.267,0.31029,0.14919
2498,-0.050244,0.030633,0.071558,0.086824,-1.0935,0.27261,0.074806
2499,-0.11456,-0.008669,0.057592,0.083251,-0.82199,0.088124,-0.021337
2500,-0.16003,-0.039526,0.03583,0.054668,-0.4975,-0.18764,-0.11066
2501,-0.17335,-0.063237,0.013743,0.027709,-0.19446,-0.47379,-0.16685
2502,-0.15776,-0.086298,0.0020496,0.023487,0.016666,-0.69661,-0.18569
2503,-0.12982,-0.11586,0.0043233,0.047847,0.10729,-0.82588,-0.19056
2504,-0.10936,-0.15029,0.017316,0.098517,0.11476,-0.85577,-0.20583
2505,-0.10221,-0.17724,0.036154,0.1625,0.12678,-0.78333,-0.23214
2506,-0.10384,-0.18601,0.053694,0.22324,0.23429,-0.61443,-0.25747
2507,-0.10189,-0.17465,0.067336,0.26352,0.47172,-0.37083,-0.26787
2508,-0.091495,-0.14834,0.079679,0.27749,0.80335,-0.090196,-0.25617
2509,-0.073955,-0.11813,0.096244,0.27294,1.1476,0.19076,-0.21687
2510,-0.052518,-0.085973,0.11801,0.2619,1.4114,0.44379,-0.15646
2511,-0.032705,-0.04862,0.14074,0.25118,1.5238,0.63477,-0.086948
2512,-0.015165,-0.0076946,0.15926,0.23883,1.4624,0.73417,-0.024909
2513,0.0010752,0.028684,0.16705,0.22324,1.2691,0.74423,0.023162
2514,0.016991,0.056617,0.15861,0.20668,1.0369,0.70493,0.06019
2515,0.029658,0.071558,0.13522,0.18362,0.84557,0.66108,0.088448
2516,0.036804,0.072208,0.10599,0.14984,0.71175,0.63932,0.10534
2517,0.036804,0.067011,0.081303,0.10209,0.58735,0.63997,0.10891
2518,0.029333,0.067661,0.064088,0.046548,0.41748,0.6351,0.095594
2519,0.016666,0.081627,0.054993,-0.0054209,0.19921,0.59287,0.071558
2520,0.0059473,0.11378,0.053369,-0.040175,-0.010943,0.50777,0.044275
2521,0.0043233,0.16283,0.055318,-0.046671,-0.15061,0.39442,0.023162
2522,0.017965,0.2161,0.059865,-0.028807,-0.19771,0.27424,0.012768
2523,0.038428,0.25118,0.067336,0.0036737,-0.1714,0.16933,0.013418
2524,0.056292,0.25053,0.074806,0.041027,-0.097017,0.098842,0.026735
2525,0.064737,0.21058,0.082927,0.081303,0.0095202,0.063438,0.058241
2526,0.069285,0.14886,0.095269,0.12905,0.13425,0.033881,0.11638
2527,0.080328,0.093645,0.11866,0.19791,0.25345,-0.027508,0.20376
2528,0.10501,0.06961,0.15633,0.2973,0.33205,-0.13534,0.30737
2529,0.1362,0.082602,0.20018,0.40773,0.33433,-0.26299,0.40416
2530,0.15438,0.11476,0.23624,0.47952,0.22747,-0.35881,0.47107
2531,0.14496,0.13002,0.25053,0.47205,0.01894,-0.36563,0.49608
2532,0.11248,0.10794,0.23201,0.3746,-0.23733,-0.25845,0.48147
2533,0.071234,0.050121,0.18232,0.21447,-0.47217,-0.060313,0.44736
2534,0.037129,-0.017114,0.11476,0.04395,-0.63685,0.1677,0.41456
2535,0.01894,-0.079477,0.048822,-0.089221,-0.72682,0.36226,0.38565
2536,0.014392,-0.1295,-0.0031473,-0.15938,-0.7502,0.48601,0.34862
2537,0.013093,-0.1688,-0.040825,-0.17627,-0.72519,0.51914,0.28528
2538,0.003024,-0.19998,-0.067134,-0.16912,-0.67128,0.45418,0.18069
2539,-0.023935,-0.22402,-0.084349,-0.16133,-0.61573,0.29438,0.038103
2540,-0.063237,-0.23376,-0.090845,-0.15743,-0.59397,0.062789,-0.12268
2541,-0.10449,-0.22434,-0.086623,-0.15061,-0.61573,-0.20193,-0.27339
2542,-0.13664,-0.19673,-0.071682,-0.13567,-0.66186,-0.44716,-0.38837
2543,-0.14996,-0.15841,-0.056416,-0.11456,-0.70018,-0.61541,-0.45203
2544,-0.14054,-0.11326,-0.051544,-0.098965,-0.71155,-0.65731,-0.4608
2545,-0.11033,-0.06551,-0.055116,-0.10546,-0.69401,-0.5459,-0.41533
2546,-0.06551,-0.018413,-0.066485,-0.1308,-0.66446,-0.29417,-0.3299
2547,-0.011592,0.018615,-0.080451,-0.15905,-0.64529,0.036479,-0.22499
2548,0.0433,0.045574,-0.090845,-0.17237,-0.65731,0.34082,-0.12527
2549,0.093321,0.067336,-0.095068,-0.16653,-0.70246,0.52272,-0.054467
2550,0.13262,0.094945,-0.092145,-0.15093,-0.76287,0.53116,-0.018738
2551,0.15861,0.13262,-0.086623,-0.13599,-0.79763,0.38045,-0.0089938
2552,0.17062,0.18134,-0.083375,-0.13112,-0.77814,0.14107,-0.0080194
2553,0.17095,0.22877,-0.086948,-0.14411,-0.70506,-0.086298,-0.0054209
2554,0.16673,0.25637,-0.097991,-0.16912,-0.60274,-0.21525,0.0091954
2555,0.16445,0.2502,-0.11326,-0.19121,-0.50303,-0.21687,0.040702
2556,0.15763,0.20993,-0.12592,-0.19673,-0.42994,-0.13469,0.081627
2557,0.14172,0.14626,-0.13242,-0.17562,-0.40104,-0.030756,0.11313
2558,0.11801,0.073507,-0.12917,-0.12333,-0.42182,0.048172,0.12353
2559,0.087799,0.0078962,-0.11358,-0.036927,-0.48061,0.10371,0.11151
2560,0.063113,-0.036602,-0.087597,0.084876,-0.51959,0.1781,0.094945
2561,0.053044,-0.051219,-0.054467,0.22617,-0.45723,0.31549,0.09397
2562,0.059216,-0.042774,-0.024585,0.34212,-0.24415,0.52726,0.11541
2563,0.071883,-0.023285,-0.0093186,0.3811,0.075131,0.78289,0.14464
2564,0.078704,-0.007045,-0.014516,0.31419,0.37688,1.0265,0.15893
2565,0.075456,0.0020496,-0.036602,0.14984,0.5435,1.2081,0.14432
2566,0.065712,0.0088706,-0.069083,-0.054792,0.52791,1.2958,0.10339
2567,0.054344,0.023487,-0.099615,-0.23311,0.36356,1.2928,0.053044
2568,0.047198,0.048172,-0.11715,-0.33867,0.16056,1.2392,0.019914
2569,0.049472,0.081303,-0.11391,-0.35426,0.056942,1.1951,0.022837
2570,0.064737,0.11703,-0.086948,-0.29612,0.13587,1.2006,0.063438
2571,0.090072,0.15406,-0.037902,-0.19511,0.3785,1.247,0.12937
2572,0.12515,0.19109,0.022188,-0.086298,0.69194,1.2727,0.19206
2573,0.16348,0.22714,0.075781,-0.0028225,0.96088,1.1993,0.21935
2574,0.19174,0.2567,0.11313,0.042975,1.0924,0.9781,0.19206
2575,0.19758,0.26644,0.13197,0.053044,1.0528,0.61951,0.11411
2576,0.17485,0.24468,0.13392,0.033556,0.88195,0.19109,0.0091954
2577,0.12288,0.19141,0.12093,-0.0024977,0.65556,-0.22921,-0.089546
2578,0.051096,0.11833,0.097543,-0.039851,0.44086,-0.58715,-0.15321
2579,-0.027508,0.043625,0.067661,-0.065186,0.27359,-0.85739,-0.17562
2580,-0.097341,-0.017764,0.032257,-0.07428,0.16283,-1.0295,-0.1688
2581,-0.14346,-0.05739,-0.0015233,-0.066485,0.10729,-1.0968,-0.14834
2582,-0.16003,-0.069083,-0.027833,-0.031406,0.10014,-1.0757,-0.12625
2583,-0.14736,-0.055766,-0.042774,0.031932,0.12548,-1.0062,-0.098316
2584,-0.11456,-0.021012,-0.043099,0.11151,0.13912,-0.9321,-0.06551
2585,-0.077528,0.029658,-0.031081,0.18687,0.0852,-0.87266,-0.024909
2586,-0.042124,0.088448,-0.0093186,0.23948,-0.050894,-0.81029,0.026085
2587,-0.0050961,0.14984,0.024786,0.26222,-0.24156,-0.72584,0.092671
2588,0.038428,0.2109,0.071883,0.25897,-0.43157,-0.6245,0.17874
2589,0.084226,0.26644,0.1258,0.24306,-0.56474,-0.53063,0.27684
2590,0.12288,0.2986,0.1755,0.22324,-0.60047,-0.47444,0.36583
2591,0.14496,0.28983,0.20765,0.20798,-0.53193,-0.45788,0.42008
2592,0.14561,0.22877,0.21545,0.20181,-0.3783,-0.45171,0.4217
2593,0.12743,0.1258,0.20603,0.20083,-0.17919,-0.4137,0.37168
2594,0.099817,0.0069217,0.18622,0.19953,0.014717,-0.31724,0.28496
2595,0.070259,-0.10189,0.16348,0.18751,0.19011,-0.16555,0.17777
2596,0.042651,-0.18082,0.14074,0.15861,0.3746,0.01894,0.058891
2597,0.016341,-0.22369,0.11866,0.11541,0.58475,0.19953,-0.062912
2598,-0.0083442,-0.22889,0.098193,0.079679,0.80238,0.33823,-0.17042
2599,-0.031406,-0.20908,0.082602,0.060515,0.96218,0.40936,-0.23928
2600,-0.053817,-0.18309,0.073832,0.052395,1.0021,0.41358,-0.25812
2601,-0.071682,-0.1662,0.067011,0.049147,0.93067,0.37395,-0.23084
2602,-0.083375,-0.16425,0.06019,0.045899,0.80887,0.31679,-0.17594
2603,-0.096042,-0.17107,0.053044,0.036804,0.69421,0.24306,-0.1191
2604,-0.11521,-0.17562,0.049472,0.023812,0.61106,0.11995,-0.086298
2605,-0.14119,-0.16945,0.045574,0.011794,0.54708,-0.097991,-0.089546
2606,-0.16653,-0.15093,0.041027,0.0014,0.48017,-0.4202,-0.12787
2607,-0.18536,-0.12235,0.03583,-0.0034721,0.40579,-0.79308,-0.18342
2608,-0.18634,-0.09117,0.032582,0.0020496,0.35641,-1.1215,-0.22824
2609,-0.16523,-0.068434,0.033881,0.01894,0.385,-1.316,-0.23571
2610,-0.12625,-0.059339,0.039402,0.04395,0.50875,-1.3362,-0.19348
2611,-0.0824,-0.058689,0.050446,0.070584,0.66173,-1.203,-0.11163
2612,-0.041475,-0.057715,0.064088,0.094945,0.73287,-0.98861,-0.01484
2613,-0.0044465,-0.052518,0.080003,0.12288,0.62893,-0.77262,0.073507
2614,0.028684,-0.044723,0.098842,0.15861,0.34017,-0.60209,0.14139
2615,0.057592,-0.038227,0.11736,0.19141,-0.039851,-0.48224,0.18946
2616,0.085525,-0.029782,0.12905,0.20635,-0.36563,-0.40071,0.22682
2617,0.11378,-0.017439,0.13067,0.19726,-0.52479,-0.35361,0.2606
2618,0.14042,0.0023744,0.131,0.16023,-0.4962,-0.32763,0.29373
2619,0.16153,0.032257,0.13522,0.096244,-0.3338,-0.28735,0.32718
2620,0.17777,0.067986,0.14334,-0.0031473,-0.13794,-0.19251,0.3457
2621,0.18492,0.099492,0.14302,-0.13924,-0.021012,-0.03303,0.33368
2622,0.17712,0.11963,0.12775,-0.28086,-0.062912,0.1625,0.27814
2623,0.15081,0.12385,0.098193,-0.36173,-0.25975,0.35739,0.18167
2624,0.11151,0.11476,0.06019,-0.31951,-0.53811,0.51622,0.063763
2625,0.06896,0.09462,0.015367,-0.15711,-0.80022,0.61626,-0.046347
2626,0.030308,0.069934,-0.03238,0.061814,-0.96068,0.65037,-0.12657
2627,-0.00087364,0.045899,-0.079477,0.26579,-0.97724,0.62471,-0.1675
2628,-0.029457,0.023162,-0.12203,0.39702,-0.85609,0.55974,-0.1714
2629,-0.056091,0.0039985,-0.15581,0.42722,-0.64464,0.47984,-0.15646
2630,-0.074605,-0.010618,-0.1753,0.36486,-0.40981,0.39994,-0.14216
2631,-0.077853,-0.016789,-0.18049,0.24078,-0.20778,0.32751,-0.13827
2632,-0.065186,-0.0096434,-0.174,0.10306,-0.06551,0.26514,-0.13957
2633,-0.042124,0.012768,-0.16035,-0.01549,0.011469,0.20538,-0.13534
2634,-0.018413,0.0433,-0.14541,-0.10059,0.038753,0.14172,-0.11813
2635,0.0014,0.076106,-0.1295,-0.14476,0.031932,0.073182,-0.091495
2636,0.016016,0.10859,-0.11261,-0.15126,0.0052977,-0.00054884,-0.060313
2637,0.023162,0.13944,-0.097341,-0.1308,-0.034329,-0.077528,-0.032055
2638,0.025111,0.1638,-0.085648,-0.09929,-0.10059,-0.15841,-0.015165
2639,0.027385,0.18167,-0.079477,-0.071682,-0.20713,-0.24156,-0.012567
2640,0.029658,0.19141,-0.079152,-0.04927,-0.34582,-0.32276,-0.022636
2641,0.033231,0.19401,-0.078827,-0.03303,-0.47607,-0.37538,-0.037577
2642,0.038103,0.18914,-0.074605,-0.025884,-0.53291,-0.36336,-0.048945
2643,0.042651,0.1729,-0.068758,-0.030106,-0.45398,-0.26364,-0.051868
2644,0.043625,0.14399,-0.063561,-0.043423,-0.21752,-0.078178,-0.041799
2645,0.041027,0.10339,-0.060963,-0.063561,0.11476,0.15536,-0.017764
2646,0.037129,0.057917,-0.058365,-0.087272,0.41488,0.37785,0.019589
2647,0.034206,0.020239,-0.055441,-0.11228,0.56689,0.52986,0.061165
2648,0.031932,-0.0034721,-0.058689,-0.14249,0.52824,0.58151,0.093645
2649,0.029333,-0.013541,-0.067784,-0.17757,0.34115,0.54091,0.10794
2650,0.030957,-0.011917,-0.078503,-0.21525,0.10404,0.44314,0.10371
2651,0.039727,0.00075039,-0.086623,-0.24545,-0.095068,0.34212,0.091047
2652,0.056617,0.01764,-0.090845,-0.25552,-0.19933,0.28268,0.082602
2653,0.079354,0.033556,-0.088572,-0.23831,-0.19089,0.28236,0.090397
2654,0.10306,0.045899,-0.080127,-0.19803,-0.084999,0.32686,0.1206
2655,0.12158,0.056617,-0.070382,-0.14671,0.074806,0.38825,0.16868
2656,0.131,0.066037,-0.062587,-0.093444,0.22552,0.43957,0.2174
2657,0.12743,0.067011,-0.055116,-0.043423,0.30282,0.461,0.24078
2658,0.10859,0.054344,-0.051219,-0.0067202,0.25995,0.43145,0.21772
2659,0.076431,0.02706,-0.046671,0.014068,0.11281,0.35219,0.14529
2660,0.039727,-0.0073698,-0.036927,0.039078,-0.042124,0.25118,0.048497
2661,0.013743,-0.033354,-0.017439,0.091372,-0.092469,0.16868,-0.037902
2662,0.0052977,-0.046671,0.0088706,0.15601,-0.0073698,0.13457,-0.088247
2663,0.0069217,-0.052193,0.030633,0.18557,0.1284,0.14659,-0.10026
2664,0.0091954,-0.057715,0.037778,0.15309,0.19044,0.17485,-0.082725
2665,0.008221,-0.064861,0.025111,0.067661,0.11378,0.18751,-0.053168
2666,0.0023744,-0.069083,0.0017248,-0.026209,-0.075255,0.16543,-0.028157
2667,-0.010293,-0.064536,-0.015815,-0.086948,-0.26559,0.10761,-0.017114
2668,-0.022636,-0.046347,-0.012242,-0.090521,-0.32893,0.022512,-0.02426
2669,-0.028807,-0.013866,0.014717,-0.033679,-0.20648,-0.077528,-0.047321
2670,-0.025559,0.026085,0.057267,0.059865,0.06084,-0.16685,-0.075255
2671,-0.013541,0.061814,0.10242,0.14334,0.36259,-0.19901,-0.086298
2672,0.0010752,0.088124,0.13912,0.17842,0.59742,-0.13729,-0.062912
2673,0.012768,0.10306,0.16185,0.16218,0.7241,0.014392,-0.0057458
2674,0.018615,0.10956,0.17095,0.1219,0.7556,0.20603,0.067661
2675,0.01894,0.10794,0.17225,0.0865,0.72962,0.36453,0.13555
2676,0.017965,0.10242,0.169,0.06961,0.67927,0.42982,0.1781
2677,0.015042,0.088448,0.16315,0.061165,0.62048,0.37525,0.17842
2678,0.0069217,0.067336,0.15373,0.050446,0.53766,0.22162,0.1349
2679,-0.0050961,0.039402,0.14237,0.039402,0.40773,0.03453,0.070259
2680,-0.019388,0.011469,0.12872,0.038753,0.23559,-0.11618,0.01017
2681,-0.030431,-0.0054209,0.11898,0.067011,0.053369,-0.18471,-0.027833
2682,-0.029457,-0.0047713,0.11703,0.13165,-0.10059,-0.15873,-0.036927
2683,-0.010293,0.010819,0.12353,0.22065,-0.19673,-0.061288,-0.020362
2684,0.022837,0.029333,0.1362,0.3025,-0.22856,0.06084,0.011469
2685,0.057267,0.039727,0.14594,0.35024,-0.21687,0.1638,0.0433
2686,0.076755,0.031932,0.14951,0.35544,-0.18796,0.21577,0.058891
2687,0.064413,0.0023744,0.14399,0.32134,-0.16555,0.21447,0.054344
2688,0.013418,-0.044723,0.1271,0.25962,-0.16328,0.19271,0.032906
2689,-0.062912,-0.10026,0.10112,0.18394,-0.19543,0.19044,0.0072465
2690,-0.14022,-0.14541,0.076431,0.11346,-0.2867,0.23396,-0.0073698
2691,-0.18861,-0.16685,0.060515,0.063113,-0.4556,0.31192,-0.0031473
2692,-0.19089,-0.15711,0.059216,0.039078,-0.69109,0.3876,0.024137
2693,-0.14639,-0.1191,0.070909,0.035505,-0.95386,0.42105,0.06831
2694,-0.074605,-0.064536,0.083251,0.038428,-1.1932,0.38695,0.11313
2695,-0.0041217,-0.010943,0.0852,0.031607,-1.3618,0.27879,0.13197
2696,0.037454,0.022512,0.070909,-0.0063954,-1.4138,0.10989,0.10664
2697,0.034855,0.022512,0.040702,-0.07428,-1.2988,-0.088572,0.038428
2698,-0.0063954,-0.011267,-0.0028225,-0.15646,-0.98634,-0.28476,-0.053817
2699,-0.06616,-0.063561,-0.050569,-0.23214,-0.51472,-0.46307,-0.14996
2700,-0.12398,-0.11618,-0.094743,-0.2867,0.016666,-0.63003,-0.24091
2701,-0.17075,-0.14996,-0.12625,-0.31626,0.50453,-0.80055,-0.32698
2702,-0.19706,-0.15548,-0.14541,-0.32341,0.89397,-0.97335,-0.40234
2703,-0.19576,-0.1321,-0.15353,-0.30847,1.1723,-1.1231,-0.4543
2704,-0.1636,-0.081101,-0.15029,-0.27079,1.3432,-1.2202,-0.46925
2705,-0.097991,-0.0021729,-0.13372,-0.20972,1.4156,-1.2504,-0.43969
2706,-0.0041217,0.10112,-0.10416,-0.12333,1.4094,-1.2286,-0.37343
2707,0.10664,0.21935,-0.062912,-0.01549,1.3464,-1.19,-0.28476
2708,0.2148,0.33985,-0.014516,0.097543,1.2444,-1.1588,-0.18601
2709,0.30737,0.44606,0.034206,0.19596,1.1301,-1.1192,-0.082076
2710,0.38337,0.53149,0.080653,0.26677,1.0252,-1.0256,0.031932
2711,0.45386,0.59417,0.1219,0.30867,0.9375,-0.83953,0.15991
2712,0.52986,0.6338,0.15438,0.32946,0.83973,-0.55435,0.29633
2713,0.60229,0.65296,0.17452,0.33595,0.67278,-0.18569,0.42852
2714,0.65069,0.64647,0.18784,0.3379,0.39084,0.21935,0.54155
2715,0.65199,0.60229,0.19986,0.34245,-0.0080194,0.58086,0.62698
2716,0.59775,0.52239,0.21642,0.34959,-0.47022,0.82121,0.67667
2717,0.49446,0.42073,0.23039,0.34894,-0.90059,0.90761,0.69194
2718,0.36843,0.32004,0.23136,0.33368,-1.201,0.87416,0.67213
2719,0.24858,0.24176,0.2148,0.29827,-1.3095,0.79945,0.62178
2720,0.15601,0.18849,0.18589,0.24241,-1.2316,0.75495,0.54773
2721,0.10436,0.14659,0.14821,0.17874,-1.0198,0.76762,0.4636
2722,0.089748,0.092021,0.11021,0.12613,-0.73884,0.81602,0.37915
2723,0.088448,0.010819,0.075131,0.088448,-0.44618,0.84947,0.28723
2724,0.071234,-0.10189,0.036804,0.05272,-0.19316,0.83161,0.1703
2725,0.024137,-0.23116,-0.0060706,0.0075714,-0.021661,0.76567,0.025111
2726,-0.046022,-0.34842,-0.046671,-0.0405,0.059541,0.69909,-0.1243
2727,-0.12657,-0.4241,-0.075255,-0.077203,0.072208,0.6835,-0.23279
2728,-0.19998,-0.44326,-0.086623,-0.094093,0.057917,0.72962,-0.26657
2729,-0.24708,-0.40948,-0.082725,-0.088572,0.078055,0.80205,-0.22272
2730,-0.2552,-0.34225,-0.071682,-0.066485,0.18849,0.84915,-0.12852
2731,-0.22824,-0.26851,-0.058689,-0.044073,0.38175,0.83421,-0.025559
2732,-0.18179,-0.2094,-0.046022,-0.031081,0.56949,0.74911,0.061489
2733,-0.13827,-0.1753,-0.036927,-0.030756,0.64874,0.61399,0.1271
2734,-0.10903,-0.1636,-0.030431,-0.040825,0.57209,0.461,0.17517
2735,-0.091495,-0.16393,-0.031406,-0.052843,0.37103,0.30834,0.20668
2736,-0.080451,-0.1623,-0.040175,-0.060313,0.12613,0.15406,0.21642
2737,-0.072006,-0.15126,-0.055441,-0.061613,-0.072981,-0.0028225,0.20148
2738,-0.068758,-0.13145,-0.073306,-0.056741,-0.17952,-0.15548,0.17095
2739,-0.070058,-0.10968,-0.086948,-0.04927,-0.19543,-0.2854,0.14204
2740,-0.073306,-0.09117,-0.096692,-0.045372,-0.15548,-0.36888,0.12743
2741,-0.07428,-0.0837,-0.10254,-0.048945,-0.10351,-0.40591,0.12678
2742,-0.075904,-0.085648,-0.10351,-0.062587,-0.065186,-0.4163,0.1245
2743,-0.080776,-0.090521,-0.096367,-0.085648,-0.04862,-0.4267,0.095269
2744,-0.098965,-0.087272,-0.08305,-0.11326,-0.050894,-0.45008,0.021863
2745,-0.12982,-0.065835,-0.069083,-0.13762,-0.067134,-0.48679,-0.097341
2746,-0.16588,-0.023935,-0.058365,-0.15776,-0.092794,-0.53291,-0.24903
2747,-0.19089,0.030633,-0.045697,-0.1688,-0.1321,-0.58942,-0.41013
2748,-0.19446,0.086175,-0.026209,-0.16425,-0.19024,-0.66316,-0.55435
2749,-0.17919,0.13132,-0.0018481,-0.14606,-0.25845,-0.73981,-0.65179
2750,-0.15516,0.15861,0.022188,-0.11488,-0.31659,-0.78723,-0.67907
2751,-0.13112,0.16315,0.040052,-0.078503,-0.35459,-0.78074,-0.6349
2752,-0.11326,0.14789,0.049796,-0.04927,-0.3835,-0.73949,-0.54785
2753,-0.10319,0.11736,0.049796,-0.040175,-0.43644,-0.69986,-0.45268
2754,-0.10189,0.072208,0.042651,-0.050894,-0.54525,-0.68232,-0.36628
2755,-0.10741,0.014068,0.036154,-0.06616,-0.71123,-0.67712,-0.28605
2756,-0.11196,-0.051868,0.03583,-0.070058,-0.91683,-0.66673,-0.2068
2757,-0.10968,-0.12105,0.039727,-0.059664,-1.1283,-0.64464,-0.13307
2758,-0.10416,-0.18244,0.041351,-0.042124,-1.3021,-0.61996,-0.077203
2759,-0.10189,-0.22759,0.041027,-0.026533,-1.4125,-0.59982,-0.042124
2760,-0.10546,-0.25162,0.037454,-0.011267,-1.4489,-0.58423,-0.029782
2761,-0.11423,-0.25585,0.031282,0.0095202,-1.392,-0.55564,-0.045697
2762,-0.12592,-0.24383,0.022188,0.037129,-1.2244,-0.48451,-0.088572
2763,-0.13632,-0.22077,0.015367,0.071558,-0.93469,-0.34257,-0.13957
2764,-0.14022,-0.19056,0.010495,0.11021,-0.51634,-0.12268,-0.18114
2765,-0.13632,-0.16068,0.0059473,0.14204,-0.0015233,0.15991,-0.20225
2766,-0.12787,-0.14087,-0.0028225,0.15471,0.52629,0.45256,-0.19966
2767,-0.1217,-0.13697,-0.012567,0.14204,0.95666,0.69227,-0.18666
2768,-0.12527,-0.14574,-0.019712,0.11183,1.1957,0.81504,-0.18569
2769,-0.13729,-0.14639,-0.024585,0.073507,1.2042,0.78224,-0.2172
2770,-0.15093,-0.12105,-0.024909,0.031607,1.0034,0.59645,-0.27956
2771,-0.15386,-0.063561,-0.016464,-0.0080194,0.67148,0.31711,-0.35361
2772,-0.13599,0.016016,-0.0018481,-0.028807,0.3392,0.042326,-0.40688
2773,-0.098316,0.099817,0.013093,-0.025884,0.1349,-0.13697,-0.41403
2774,-0.048296,0.1677,0.025436,-0.0089938,0.12028,-0.17075,-0.36303
2775,0.0069217,0.20733,0.03518,0.011144,0.27002,-0.069083,-0.26657
2776,0.057592,0.21512,0.041027,0.032257,0.50323,0.11118,-0.14671
2777,0.092346,0.19563,0.042651,0.049147,0.72897,0.3038,-0.029782
2778,0.10404,0.1651,0.038753,0.055643,0.88618,0.45581,0.063763
2779,0.092346,0.13717,0.028684,0.046223,0.95763,0.54545,0.12613
2780,0.063438,0.12093,0.013743,0.029658,0.96348,0.57339,0.1651
2781,0.024786,0.11183,-0.0018481,0.017316,0.94139,0.55747,0.19856
2782,-0.0054209,0.10242,-0.01614,0.0062721,0.91313,0.51232,0.23981
2783,-0.011917,0.084226,-0.027833,-0.0063954,0.88,0.45808,0.2973
2784,0.014392,0.053694,-0.032055,-0.015165,0.83226,0.41683,0.37688
2785,0.067011,0.017316,-0.026209,-0.012567,0.75528,0.40319,0.46847
2786,0.1297,-0.011917,-0.011592,0.0036737,0.63575,0.423,0.55292
2787,0.18654,-0.019063,0.0072465,0.029983,0.47075,0.48894,0.61886
2788,0.22584,0.0049729,0.022512,0.058566,0.27944,0.60619,0.65686
2789,0.24566,0.054993,0.031932,0.083576,0.082602,0.75983,0.66563
2790,0.25085,0.11118,0.038103,0.10501,-0.10026,0.92125,0.64907
2791,0.2515,0.15406,0.039078,0.12223,-0.24253,1.0645,0.62211
2792,0.25637,0.17355,0.035505,0.13295,-0.31691,1.1769,0.59385
2793,0.26677,0.1703,0.027385,0.13197,-0.31042,1.2503,0.57111
2794,0.27619,0.15244,0.015367,0.12353,-0.22726,1.2759,0.55747
2795,0.27846,0.13392,0.0017248,0.11541,-0.087272,1.225,0.54545
2796,0.26677,0.12385,-0.0080194,0.11183,0.067661,1.0651,0.52044
2797,0.24566,0.12548,-0.01614,0.10339,0.19888,0.79036,0.46912
2798,0.22129,0.13944,-0.02361,0.085525,0.28301,0.44379,0.3889
2799,0.20278,0.16056,-0.028157,0.059541,0.31841,0.095919,0.29633
2800,0.19823,0.18589,-0.025559,0.032906,0.30607,-0.18504,0.21902
2801,0.21025,0.2135,-0.017114,0.013093,0.23916,-0.35686,0.17647
2802,0.23461,0.23429,-0.0047713,0.00010078,0.10794,-0.42085,0.16413
2803,0.25605,0.23526,0.0014,-0.019712,-0.080776,-0.40753,0.15698
2804,0.26222,0.20895,-0.0028225,-0.054467,-0.29742,-0.3718,0.12937
2805,0.24598,0.15991,-0.012567,-0.097017,-0.49393,-0.36498,0.081952
2806,0.20928,0.10371,-0.022961,-0.13437,-0.61833,-0.4189,0.029983
2807,0.16218,0.059216,-0.031081,-0.14379,-0.64432,-0.53811,-0.010618
2808,0.11768,0.030633,-0.034654,-0.123,-0.59007,-0.70311,-0.035628
2809,0.079354,0.014717,-0.030106,-0.080776,-0.5001,-0.8811,-0.05804
2810,0.044275,0.0049729,-0.02426,-0.027833,-0.40201,-1.0351,-0.09182
2811,0.009845,-0.0021729,-0.02361,0.01894,-0.28151,-1.1458,-0.13827
2812,-0.025559,-0.0067202,-0.029782,0.054344,-0.12105,-1.1988,-0.18959
2813,-0.056416,-0.010618,-0.034654,0.079679,0.064088,-1.1825,-0.22564
2814,-0.078827,-0.018413,-0.034004,0.10177,0.21902,-1.0922,-0.22954
2815,-0.092145,-0.031081,-0.026858,0.11963,0.28593,-0.94931,-0.20096
2816,-0.10124,-0.045372,-0.01614,0.13295,0.23981,-0.78788,-0.15321
2817,-0.10774,-0.059014,0.0014,0.14042,0.10209,-0.6336,-0.10124
2818,-0.11098,-0.062587,0.024461,0.13944,-0.072656,-0.51082,-0.059014
2819,-0.11261,-0.051219,0.050121,0.1271,-0.23246,-0.44846,-0.043099
2820,-0.11586,-0.027508,0.069934,0.10664,-0.34387,-0.46113,-0.067784
2821,-0.1282,-0.007045,0.073507,0.083576,-0.39941,-0.53778,-0.14152
2822,-0.15256,-0.0057458,0.058891,0.058241,-0.41565,-0.64757,-0.26007
2823,-0.18374,-0.027183,0.032582,0.026735,-0.42637,-0.75475,-0.40493
2824,-0.21005,-0.062262,0.00075039,-0.021661,-0.4608,-0.83238,-0.53908
2825,-0.21785,-0.095068,-0.035628,-0.087597,-0.51894,-0.86356,-0.62353
2826,-0.19966,-0.11586,-0.066485,-0.15678,-0.56864,-0.83563,-0.63392
2827,-0.15548,-0.11293,-0.078178,-0.20518,-0.55824,-0.73819,-0.56409
2828,-0.087272,-0.082076,-0.064211,-0.21979,-0.44261,-0.57253,-0.42929
2829,-0.0099683,-0.028807,-0.028482,-0.20063,-0.20518,-0.33478,-0.26592
2830,0.063438,0.032582,0.01894,-0.15483,0.14334,-0.035303,-0.11163
2831,0.1232,0.087149,0.061814,-0.093444,0.56234,0.29762,0.014717
2832,0.1664,0.1271,0.088773,-0.022636,0.9794,0.62665,0.11508
2833,0.19726,0.15341,0.10242,0.050771,1.298,0.90339,0.19661
2834,0.21707,0.17322,0.11183,0.12353,1.4315,1.0596,0.25995
2835,0.22389,0.18687,0.12483,0.19076,1.3224,1.0307,0.29535
2836,0.21577,0.19531,0.14561,0.24923,0.98232,0.81017,0.29243
2837,0.19206,0.19661,0.17062,0.29438,0.51135,0.4623,0.25637
2838,0.16315,0.19336,0.19726,0.32231,0.049472,0.091047,0.20505
2839,0.14367,0.19109,0.21935,0.3366,-0.29807,-0.20096,0.1651
2840,0.14529,0.18849,0.23754,0.34212,-0.49815,-0.36173,0.15049
2841,0.1677,0.18492,0.25248,0.33985,-0.56929,-0.40981,0.16185
2842,0.19596,0.18102,0.26222,0.32978,-0.55824,-0.40363,0.18459
2843,0.21188,0.1781,0.26319,0.31419,-0.50043,-0.38252,0.20473
2844,0.20798,0.1768,0.25248,0.296,-0.41728,-0.35037,0.21805
2845,0.18069,0.17647,0.23331,0.27002,-0.31561,-0.27728,0.22552
2846,0.13782,0.16965,0.20863,0.23006,-0.18666,-0.13567,0.22519
2847,0.086175,0.15373,0.18589,0.17874,-0.025884,0.079354,0.22389
2848,0.033556,0.1258,0.16965,0.12613,0.15861,0.34017,0.22649
2849,-0.013541,0.088448,0.15731,0.081952,0.35219,0.61139,0.23526
2850,-0.051868,0.045574,0.14204,0.053369,0.52239,0.86636,0.2476
2851,-0.082076,0.0091954,0.12158,0.03583,0.61301,1.0915,0.25735
2852,-0.10676,-0.017114,0.092996,0.028034,0.56721,1.2717,0.25865
2853,-0.12625,-0.040175,0.063113,0.026735,0.37753,1.3968,0.24988
2854,-0.13664,-0.065835,0.039727,0.025111,0.098517,1.4741,0.23526
2855,-0.13599,-0.096692,0.029009,0.02706,-0.18504,1.5095,0.2174
2856,-0.12333,-0.12463,0.035505,0.042326,-0.40136,1.4887,0.19986
2857,-0.10026,-0.13827,0.054993,0.071558,-0.51699,1.3747,0.18557
2858,-0.075904,-0.13469,0.075131,0.091696,-0.54817,1.1564,0.17062
2859,-0.058689,-0.12203,0.083576,0.07708,-0.53226,0.88163,0.15406
2860,-0.050244,-0.10936,0.074157,0.01829,-0.48386,0.64225,0.13684
2861,-0.047321,-0.10124,0.042326,-0.067134,-0.39454,0.51719,0.11866
2862,-0.042774,-0.10221,-0.0096434,-0.15353,-0.26267,0.52499,0.095919
2863,-0.033679,-0.10838,-0.070058,-0.22077,-0.10514,0.61853,0.059216
2864,-0.019063,-0.10741,-0.12463,-0.26397,0.040052,0.70883,0.0049729
2865,-0.0028225,-0.088247,-0.1597,-0.27664,0.14951,0.71825,-0.058365
2866,0.020888,-0.045047,-0.16685,-0.25487,0.23526,0.61334,-0.12365
2867,0.06019,0.015692,-0.14606,-0.19901,0.33173,0.40968,-0.17822
2868,0.11541,0.078379,-0.10546,-0.11326,0.46977,0.14367,-0.2159
2869,0.17745,0.13392,-0.058689,-0.018738,0.64842,-0.14964,-0.23798
2870,0.23071,0.18167,-0.018738,0.057267,0.81147,-0.42312,-0.24805
2871,0.26742,0.22552,0.0088706,0.094295,0.87383,-0.6323,-0.23993
2872,0.29048,0.26449,0.024786,0.090722,0.77509,-0.758,-0.2081
2873,0.30412,0.28756,0.028359,0.060515,0.52272,-0.81517,-0.15256
2874,0.31159,0.28885,0.021213,0.030308,0.18524,-0.84667,-0.084674
2875,0.30542,0.26547,0.0065969,0.019264,-0.13859,-0.90351,-0.030431
2876,0.27554,0.21545,-0.010293,0.031607,-0.37505,-1.0065,-0.012242
2877,0.21967,0.14139,-0.024909,0.056617,-0.49491,-1.1306,-0.036927
2878,0.14789,0.057917,-0.033354,0.078055,-0.51082,-1.229,-0.094743
2879,0.079029,-0.014516,-0.034978,0.082927,-0.4608,-1.2647,-0.16003
2880,0.029009,-0.060313,-0.033354,0.06961,-0.38545,-1.2244,-0.20583
2881,0.0017248,-0.077203,-0.036278,0.045249,-0.31269,-1.1189,-0.21752
2882,-0.010293,-0.073631,-0.04862,0.020239,-0.25292,-0.97237,-0.19868
2883,-0.016789,-0.063237,-0.068109,0.0020496,-0.21102,-0.80575,-0.16458
2884,-0.02426,-0.054467,-0.086623,-0.0063954,-0.18959,-0.6323,-0.1334
2885,-0.036278,-0.051544,-0.098316,-0.0096434,-0.18926,-0.45398,-0.11228
2886,-0.047321,-0.055441,-0.10124,-0.014191,-0.20128,-0.26267,-0.10384
2887,-0.056416,-0.06616,-0.09929,-0.022311,-0.21297,-0.05739,-0.10156
2888,-0.066485,-0.086298,-0.10124,-0.03303,-0.21232,0.13782,-0.10059
2889,-0.083375,-0.10838,-0.11033,-0.0405,-0.19283,0.28073,-0.098641
2890,-0.10286,-0.12495,-0.1256,-0.038876,-0.15126,0.33173,-0.097017
2891,-0.11618,-0.12592,-0.14022,-0.030431,-0.092145,0.28171,-0.094743
2892,-0.1178,-0.10968,-0.14379,-0.019712,-0.034654,0.15406,-0.089546
2893,-0.11098,-0.077853,-0.13372,-0.010293,-0.011917,-0.010293,-0.079477
2894,-0.098965,-0.032055,-0.11131,0.0010752,-0.061613,-0.16815,-0.067134
2895,-0.085324,0.021863,-0.084024,0.010495,-0.19901,-0.2854,-0.059989
2896,-0.077528,0.075456,-0.05804,0.012119,-0.39064,-0.34647,-0.063886
2897,-0.0837,0.11833,-0.034004,0.0039985,-0.57286,-0.35589,-0.084024
2898,-0.098965,0.14172,-0.01614,-0.011267,-0.68752,-0.33055,-0.11683
2899,-0.11748,0.14432,-0.00087364,-0.034978,-0.70895,-0.27988,-0.14866
2900,-0.13404,0.12483,0.011794,-0.063237,-0.64951,-0.19478,-0.16263
2901,-0.15451,0.081303,0.01829,-0.085973,-0.53518,-0.069408,-0.15776
2902,-0.18342,0.0069217,0.014392,-0.093444,-0.41046,0.082602,-0.14574
2903,-0.22304,-0.095717,-0.00022403,-0.079802,-0.31724,0.21642,-0.13664
2904,-0.26559,-0.20225,-0.017114,-0.050569,-0.26949,0.28203,-0.13924
2905,-0.30652,-0.28053,-0.027833,-0.016789,-0.24545,0.25507,-0.15613
2906,-0.33672,-0.31236,-0.022636,0.017965,-0.18536,0.15601,-0.174
2907,-0.34225,-0.29417,-0.00054884,0.056942,-0.01614,0.044924,-0.17367
2908,-0.30814,-0.22889,0.037778,0.10274,0.2986,-0.01549,-0.14054
2909,-0.23376,-0.12917,0.081952,0.14854,0.72897,0.011469,-0.075904
2910,-0.13307,-0.014516,0.11541,0.18329,1.1934,0.12872,0.0078962
2911,-0.028482,0.092021,0.1336,0.19856,1.5829,0.32134,0.093645
2912,0.059541,0.169,0.14074,0.19304,1.7911,0.54578,0.16835
2913,0.11963,0.20408,0.14367,0.17939,1.7667,0.74229,0.22324
2914,0.15146,0.19693,0.14724,0.1703,1.5332,0.86734,0.26125
2915,0.16315,0.16218,0.14756,0.16998,1.1697,0.91346,0.2908
2916,0.16575,0.11898,0.14204,0.17485,0.77054,0.89365,0.31451
2917,0.1651,0.083576,0.12807,0.169,0.40871,0.83486,0.33043
2918,0.15958,0.065062,0.10891,0.15114,0.12385,0.75463,0.33855
2919,0.14107,0.061814,0.089098,0.12743,-0.069733,0.66563,0.33595
2920,0.10761,0.059865,0.078704,0.10664,-0.1753,0.57923,0.32036
2921,0.065062,0.049796,0.082602,0.08585,-0.20745,0.50128,0.29535
2922,0.027709,0.028684,0.092021,0.05207,-0.19219,0.42722,0.26937
2923,0.0062721,-0.0024977,0.093645,-0.0034721,-0.1636,0.34992,0.2476
2924,0.00042559,-0.038227,0.081627,-0.066485,-0.14964,0.26482,0.22779
2925,0.0023744,-0.068109,0.061814,-0.10741,-0.15743,0.1729,0.20181
2926,0.00042559,-0.086623,0.044599,-0.10806,-0.17789,0.083576,0.15991
2927,-0.013216,-0.10091,0.031607,-0.075904,-0.2042,0.0026992,0.099167
2928,-0.039851,-0.11943,0.021213,-0.037577,-0.22791,-0.059989,0.031282
2929,-0.069408,-0.14281,0.009845,-0.014516,-0.24545,-0.09929,-0.026858
2930,-0.092145,-0.16068,-0.0047713,-0.010618,-0.25292,-0.13177,-0.077853
2931,-0.10124,-0.16718,-0.024585,-0.017439,-0.25715,-0.19056,-0.14022
2932,-0.10156,-0.16003,-0.048945,-0.033354,-0.27274,-0.30912,-0.23181
2933,-0.097666,-0.14184,-0.073631,-0.055116,-0.31171,-0.4962,-0.34452
2934,-0.091495,-0.10936,-0.090845,-0.07493,-0.37115,-0.71513,-0.44489
2935,-0.077853,-0.066485,-0.095068,-0.085973,-0.43482,-0.90579,-0.49945
2936,-0.055116,-0.021986,-0.086623,-0.089221,-0.48094,-1.0123,-0.49003
2937,-0.026858,0.010819,-0.072656,-0.092469,-0.49393,-1.0149,-0.42182
2938,0.00042559,0.02641,-0.063561,-0.10449,-0.4686,-0.92203,-0.31756
2939,0.024461,0.026735,-0.065835,-0.12463,-0.42897,-0.76547,-0.20063
2940,0.042975,0.016991,-0.074605,-0.14574,-0.41533,-0.5839,-0.096367
2941,0.052395,0.0052977,-0.079477,-0.15386,-0.46048,-0.41468,-0.017764
2942,0.053694,-0.00054884,-0.076554,-0.14444,-0.56571,-0.27988,0.033556
2943,0.044924,0.0065969,-0.067134,-0.12235,-0.69564,-0.17854,0.065062
2944,0.028684,0.023812,-0.05739,-0.10254,-0.78886,-0.090521,0.086824
2945,0.011144,0.047198,-0.052518,-0.093444,-0.78041,0.0049729,0.10599
2946,-0.0044465,0.066686,-0.051219,-0.096367,-0.62873,0.11118,0.12223
2947,-0.016789,0.078379,-0.053817,-0.10806,-0.32373,0.21772,0.12385
2948,-0.02361,0.084226,-0.059664,-0.12657,0.087474,0.31484,0.098193
2949,-0.018088,0.088448,-0.063886,-0.14606,0.52856,0.38922,0.051745
2950,0.0036737,0.093321,-0.06551,-0.16523,0.91703,0.41813,0.009845
2951,0.037454,0.097868,-0.065186,-0.17854,1.1701,0.3772,-0.00022403
2952,0.078055,0.10112,-0.064211,-0.17919,1.2211,0.25313,0.03453
2953,0.11768,0.10794,-0.062587,-0.1623,1.0561,0.063438,0.10209
2954,0.14432,0.11638,-0.058365,-0.13015,0.72734,-0.15093,0.18199
2955,0.14886,0.12515,-0.044723,-0.086948,0.35252,-0.33867,0.25475
2956,0.1349,0.13457,-0.018088,-0.036927,0.075781,-0.45625,0.31029
2957,0.12385,0.14821,0.023162,0.021213,0.015367,-0.48029,0.35674
2958,0.13392,0.17192,0.072858,0.087799,0.18557,-0.40883,0.40416
2959,0.16445,0.207,0.11703,0.16315,0.45256,-0.26624,0.44606
2960,0.20083,0.24111,0.14204,0.24695,0.61821,-0.096042,0.4688
2961,0.22714,0.2619,0.14496,0.33693,0.55942,0.054344,0.46068
2962,0.23656,0.2619,0.13132,0.41813,0.29633,0.15828,0.4269
2963,0.23006,0.24436,0.11151,0.46782,-0.037577,0.22974,0.38175
2964,0.2109,0.21415,0.094295,0.4701,-0.27793,0.31451,0.3431
2965,0.18687,0.17745,0.081627,0.42625,-0.32731,0.45483,0.32718
2966,0.1677,0.14042,0.073182,0.35544,-0.18407,0.66043,0.33952
2967,0.15958,0.10989,0.064413,0.28496,0.067336,0.90144,0.37038
2968,0.16283,0.090722,0.057267,0.24143,0.32101,1.133,0.40189
2969,0.1664,0.084551,0.055968,0.23234,0.51817,1.3126,0.41326
2970,0.16445,0.090397,0.067011,0.25572,0.67408,1.4153,0.38142
2971,0.15309,0.10826,0.094945,0.29892,0.81797,1.4325,0.29697
2972,0.13717,0.1349,0.131,0.3431,0.93944,1.3604,0.17615
2973,0.12418,0.16445,0.16056,0.36746,0.99434,1.2064,0.056942
2974,0.12223,0.19141,0.17322,0.36161,0.95861,0.99856,-0.019388
2975,0.13132,0.20668,0.1651,0.33011,0.84265,0.7686,-0.03303
2976,0.14237,0.19499,0.14399,0.28431,0.67603,0.54578,0.0039985
2977,0.14334,0.15114,0.11898,0.23039,0.48017,0.33433,0.065387
2978,0.12515,0.084551,0.095919,0.17485,0.25897,0.12515,0.11963
2979,0.087474,0.015367,0.075131,0.11963,0.0072465,-0.085324,0.14626
2980,0.030957,-0.038876,0.058891,0.062464,-0.26202,-0.28216,0.13457
2981,-0.040175,-0.082076,0.045574,0.0052977,-0.5027,-0.44326,0.087799
2982,-0.11456,-0.11813,0.032906,-0.04927,-0.65276,-0.55175,0.013418
2983,-0.17432,-0.14996,0.015367,-0.098965,-0.67485,-0.59917,-0.067784
2984,-0.20258,-0.16945,-0.0024977,-0.13469,-0.58163,-0.57871,-0.1308
2985,-0.19381,-0.16653,-0.011917,-0.15516,-0.43482,-0.48938,-0.15223
2986,-0.15223,-0.1308,-0.0073698,-0.16295,-0.30944,-0.34095,-0.1295
2987,-0.09117,-0.072656,0.0078962,-0.15646,-0.26137,-0.17594,-0.084024
2988,-0.033354,-0.011592,0.028034,-0.13827,-0.30814,-0.059014,-0.048945
2989,0.008221,0.032257,0.045899,-0.10936,-0.4202,-0.034978,-0.043423
2990,0.028034,0.047847,0.054993,-0.071682,-0.54687,-0.093769,-0.061613
2991,0.033556,0.037454,0.054668,-0.034004,-0.63977,-0.19608,-0.0837
2992,0.032257,0.010819,0.054019,-0.0018481,-0.68037,-0.30652,-0.09929
2993,0.032257,-0.019712,0.061165,0.020239,-0.68589,-0.4124,-0.11553
2994,0.036804,-0.044398,0.076106,0.030633,-0.68914,-0.5118,-0.14509
2995,0.039078,-0.063237,0.09462,0.029009,-0.71058,-0.60339,-0.19381
2996,0.031932,-0.077853,0.11054,0.012119,-0.75995,-0.68622,-0.2513
2997,0.009845,-0.093769,0.11801,-0.02361,-0.81744,-0.75573,-0.30327
2998,-0.027508,-0.10968,0.11931,-0.063561,-0.83595,-0.79275,-0.33867
2999,-0.072006,-0.12398,0.11833,-0.086623,-0.75443,-0.78106,-0.34809
3000,-0.10774,-0.13112,0.11638,-0.080451,-0.53063,-0.70408,-0.32601
3001,-0.12592,-0.12592,0.11086,-0.048296,-0.18536,-0.56279,-0.27696
3002,-0.12625,-0.11196,0.10112,-0.0063954,0.18946,-0.38285,-0.212
3003,-0.11423,-0.093119,0.080978,0.02706,0.46815,-0.22044,-0.14704
3004,-0.10091,-0.071032,0.050446,0.038103,0.56527,-0.12495,-0.10709
3005,-0.095068,-0.045047,0.016666,0.025436,0.47432,-0.11001,-0.10189
3006,-0.096367,-0.023285,-0.011917,0.0014,0.25865,-0.14704,-0.12138
3007,-0.097017,-0.013541,-0.031081,-0.017439,0.015042,-0.19024,-0.15061
3008,-0.09182,-0.018413,-0.037577,-0.023285,-0.1753,-0.20615,-0.17497
3009,-0.080451,-0.034329,-0.03173,-0.020037,-0.27501,-0.18959,-0.18829
3010,-0.063237,-0.04862,-0.022961,-0.031081,-0.31724,-0.1623,-0.18764
3011,-0.040825,-0.047646,-0.017439,-0.088247,-0.34744,-0.14801,-0.17497
3012,-0.007045,-0.024909,-0.017764,-0.19381,-0.38057,-0.16133,-0.14996
3013,0.044924,0.013743,-0.019712,-0.32438,-0.38122,-0.19836,-0.11066
3014,0.11898,0.062139,-0.01484,-0.44099,-0.30684,-0.23506,-0.054467
3015,0.20798,0.11378,0.0014,-0.50692,-0.15256,-0.24026,0.015042
3016,0.2947,0.16315,0.022188,-0.5027,0.015367,-0.20518,0.09397
3017,0.35869,0.20505,0.037129,-0.42637,0.092671,-0.14899,0.1677
3018,0.3863,0.23266,0.039727,-0.28443,0.0085458,-0.10221,0.2161
3019,0.37753,0.23981,0.031932,-0.087922,-0.23246,-0.088896,0.23136
3020,0.3431,0.22974,0.019589,0.1258,-0.54103,-0.12008,0.21772
3021,0.29892,0.21025,0.008221,0.30997,-0.79275,-0.18277,0.18849
3022,0.25507,0.18459,-0.00087364,0.4269,-0.89702,-0.2552,0.15601
3023,0.2174,0.15211,-0.0047713,0.46555,-0.83888,-0.31496,0.131
3024,0.18557,0.11801,-0.0050961,0.43404,-0.66575,-0.33835,0.11638
3025,0.15081,0.08585,-0.0054209,0.35252,-0.44294,-0.31529,0.10501
3026,0.10404,0.052395,-0.013866,0.25215,-0.2107,-0.23896,0.092346
3027,0.043625,0.014392,-0.032705,0.15373,0.028034,-0.10676,0.078055
3028,-0.019388,-0.026533,-0.059014,0.070584,0.29145,0.072858,0.06961
3029,-0.068109,-0.050894,-0.084349,0.0023744,0.56949,0.26612,0.073507
3030,-0.086948,-0.047321,-0.10026,-0.04992,0.81342,0.4308,0.089748
3031,-0.070707,-0.017114,-0.10156,-0.083375,0.96283,0.53246,0.10989
3032,-0.029457,0.028359,-0.088896,-0.093444,0.99174,0.55942,0.12613
3033,0.023487,0.079354,-0.066485,-0.088896,0.92223,0.52629,0.13457
3034,0.074482,0.12743,-0.039526,-0.09117,0.79913,0.46133,0.1323
3035,0.11378,0.16608,-0.020362,-0.12592,0.65426,0.39669,0.1245
3036,0.13879,0.18492,-0.020037,-0.19511,0.49446,0.35284,0.11963
3037,0.14302,0.1742,-0.038551,-0.2591,0.32134,0.3366,0.11801
3038,0.12288,0.13067,-0.069408,-0.25325,0.14334,0.33465,0.11443
3039,0.079679,0.067661,-0.10091,-0.14249,-0.017114,0.33628,0.099167
3040,0.017965,0.0033489,-0.1243,0.048172,-0.13112,0.33498,0.067661
3041,-0.050894,-0.044723,-0.13567,0.24338,-0.17952,0.32588,0.024137
3042,-0.12073,-0.072006,-0.13015,0.37883,-0.1662,0.30185,-0.021337
3043,-0.18017,-0.078178,-0.11033,0.42625,-0.11488,0.25702,-0.059664
3044,-0.2146,-0.067134,-0.081751,0.39409,-0.054792,0.19401,-0.085648
3045,-0.21427,-0.046671,-0.051868,0.30899,-0.010293,0.12807,-0.096692
3046,-0.18342,-0.019712,-0.030106,0.2083,0.014717,0.08585,-0.088572
3047,-0.13762,0.012443,-0.015815,0.1245,0.026085,0.0865,-0.06551
3048,-0.092145,0.048497,-0.0011985,0.070909,0.023487,0.12613,-0.031081
3049,-0.058365,0.0852,0.019589,0.043625,0.0017248,0.17192,0.0036737
3050,-0.040825,0.11086,0.040702,0.034206,-0.045372,0.18102,0.026735
3051,-0.036278,0.10956,0.053369,0.033231,-0.10514,0.14756,0.037129
3052,-0.042124,0.078055,0.054993,0.041351,-0.13275,0.091696,0.04395
3053,-0.053492,0.023812,0.048822,0.048822,-0.075904,0.047198,0.054019
3054,-0.064211,-0.044073,0.036804,0.045899,0.091696,0.046873,0.06896
3055,-0.064861,-0.11098,0.021213,0.028034,0.3418,0.10306,0.091372
3056,-0.047971,-0.15905,0.0046481,-0.0028225,0.5958,0.20116,0.12158
3057,-0.011592,-0.17692,-0.0060706,-0.036927,0.77249,0.30867,0.15146
3058,0.036479,-0.16393,-0.010293,-0.062262,0.83518,0.38305,0.17517
3059,0.075781,-0.12885,-0.0080194,-0.072656,0.80562,0.40091,0.17712
3060,0.08585,-0.093444,0.0014,-0.064861,0.73482,0.35576,0.14009
3061,0.057592,-0.073306,0.018615,-0.039526,0.65849,0.26125,0.058241
3062,-0.00022403,-0.068434,0.036804,-0.0041217,0.57598,0.14042,-0.053168
3063,-0.068109,-0.071682,0.051745,0.023812,0.47075,0.021863,-0.1636
3064,-0.13145,-0.075255,0.062139,0.037778,0.32686,-0.084999,-0.24578
3065,-0.18601,-0.075579,0.066362,0.039402,0.14724,-0.18407,-0.28995
3066,-0.23149,-0.070382,0.067011,0.033881,-0.035953,-0.27176,-0.29093
3067,-0.26267,-0.059339,0.06896,0.028684,-0.16782,-0.32795,-0.2565
3068,-0.27858,-0.044073,0.073832,0.023812,-0.18374,-0.32341,-0.20193
3069,-0.27761,-0.027183,0.076755,0.017965,-0.045697,-0.24253,-0.14314
3070,-0.26169,-0.019063,0.073507,0.0052977,0.21058,-0.09994,-0.098965
3071,-0.23701,-0.02361,0.059541,-0.019712,0.48666,0.075456,-0.088572
3072,-0.21395,-0.037577,0.038103,-0.052518,0.68967,0.25702,-0.11618
3073,-0.19641,-0.051219,0.01829,-0.079477,0.78516,0.41391,-0.17172
3074,-0.18407,-0.062262,0.0056225,-0.084674,0.8053,0.51297,-0.23409
3075,-0.17107,-0.068434,0.0039985,-0.061613,0.79231,0.53376,-0.27696
3076,-0.15418,-0.068109,0.0095202,-0.026533,0.7582,0.47659,-0.2867
3077,-0.12917,-0.060963,0.016666,0.00042559,0.67375,0.37103,-0.26462
3078,-0.088896,-0.045697,0.01829,0.0095202,0.5081,0.24825,-0.22824
3079,-0.037252,-0.025234,0.017965,0.0017248,0.26384,0.11801,-0.19706
3080,0.019914,0.0052977,0.017316,-0.010618,-0.0089938,-0.019063,-0.17497
3081,0.076106,0.048172,0.017965,-0.021337,-0.22954,-0.15646,-0.15451
3082,0.12775,0.095919,0.022837,-0.024909,-0.33997,-0.2893,-0.12495
3083,0.17582,0.14302,0.032906,-0.019712,-0.33802,-0.4124,-0.085973
3084,0.22714,0.18654,0.050446,-0.0037969,-0.27664,-0.52316,-0.035628
3085,0.28918,0.23429,0.074157,0.021538,-0.22174,-0.61638,0.024786
3086,0.36486,0.29015,0.10209,0.062139,-0.2055,-0.6742,0.095919
3087,0.44216,0.34992,0.13165,0.10631,-0.21817,-0.66933,0.17582
3088,0.49998,0.39702,0.15666,0.13717,-0.23798,-0.57903,0.2554
3089,0.52044,0.41423,0.16998,0.13944,-0.2578,-0.40883,0.32198
3090,0.49836,0.39214,0.17062,0.1219,-0.27923,-0.19024,0.36811
3091,0.44704,0.33563,0.16153,0.10306,-0.301,0.042651,0.39507
3092,0.38857,0.26677,0.14951,0.092671,-0.31139,0.2554,0.41261
3093,0.33952,0.20668,0.13782,0.087474,-0.29125,0.41196,0.42268
3094,0.30282,0.16478,0.12548,0.084876,-0.22304,0.48861,0.41456
3095,0.27164,0.14107,0.11378,0.084876,-0.10644,0.47659,0.37655
3096,0.23981,0.13457,0.10696,0.092346,0.037129,0.3863,0.30672
3097,0.20213,0.13977,0.10306,0.11411,0.17192,0.24825,0.21545
3098,0.15991,0.14496,0.099817,0.14529,0.26319,0.097868,0.12418
3099,0.11736,0.14269,0.09397,0.17355,0.27391,-0.031081,0.050446
3100,0.08585,0.13067,0.080978,0.18589,0.169,-0.12657,0.009845
3101,0.066037,0.11183,0.056292,0.1664,-0.059664,-0.20193,0.0039985
3102,0.05207,0.087149,0.017316,0.10371,-0.36726,-0.27566,0.010495
3103,0.03583,0.055318,-0.029782,0.0056225,-0.66803,-0.35654,0.0043233
3104,0.009845,0.022188,-0.077853,-0.098316,-0.88922,-0.45106,-0.021661
3105,-0.024585,-0.0060706,-0.11521,-0.17627,-1.0062,-0.56084,-0.060638
3106,-0.060313,-0.021986,-0.1308,-0.2081,-1.0416,-0.66998,-0.093769
3107,-0.088572,-0.016789,-0.12008,-0.18829,-1.0464,-0.74988,-0.10514
3108,-0.10806,0.0075714,-0.087597,-0.12917,-1.0601,-0.78333,-0.095717
3109,-0.11878,0.046873,-0.04115,-0.054467,-1.0802,-0.78139,-0.073306
3110,-0.12203,0.089098,0.0062721,0.014068,-1.0688,-0.76807,-0.041475
3111,-0.11586,0.10989,0.044924,0.070909,-0.98959,-0.75183,0.0014
3112,-0.10286,0.082927,0.069934,0.11638,-0.83563,-0.73202,0.056617
3113,-0.086298,0.0039985,0.078055,0.15666,-0.64334,-0.70441,0.11963
3114,-0.075904,-0.10416,0.070259,0.19206,-0.46178,-0.66998,0.18069
3115,-0.077528,-0.2042,0.05142,0.2135,-0.32081,-0.62191,0.22065
3116,-0.094418,-0.26299,0.024461,0.21447,-0.19154,-0.51699,0.23201
3117,-0.1243,-0.27014,-0.0067202,0.19466,-0.017439,-0.30522,0.22649
3118,-0.15516,-0.23571,-0.036927,0.15763,0.22032,0.040052,0.22
3119,-0.17627,-0.18082,-0.061288,0.11411,0.49024,0.48861,0.22454
3120,-0.18082,-0.1269,-0.07493,0.073832,0.74846,0.95276,0.23981
3121,-0.17075,-0.088896,-0.075579,0.037129,0.97225,1.3276,0.24793
3122,-0.15418,-0.072006,-0.071357,0.0039985,1.1424,1.5384,0.22584
3123,-0.14444,-0.073955,-0.067784,-0.034004,1.2415,1.5696,0.15796
3124,-0.15061,-0.086623,-0.069733,-0.079152,1.2545,1.4546,0.043625
3125,-0.17724,-0.10384,-0.078827,-0.12755,1.186,1.2474,-0.10124
3126,-0.21817,-0.12852,-0.095068,-0.1662,1.072,1.0025,-0.24513
3127,-0.25975,-0.16588,-0.11456,-0.18634,0.95731,0.76632,-0.35167
3128,-0.28411,-0.21395,-0.13404,-0.18666,0.8524,0.56949,-0.39811
3129,-0.27956,-0.25812,-0.14541,-0.16782,0.7228,0.43404,-0.37603
3130,-0.25,-0.28248,-0.14444,-0.13892,0.5146,0.37915,-0.29775
3131,-0.20745,-0.27664,-0.13307,-0.10709,0.21382,0.40384,-0.19251
3132,-0.16393,-0.23798,-0.11293,-0.070707,-0.14184,0.47594,-0.093119
3133,-0.12527,-0.17854,-0.0837,-0.025234,-0.47802,0.54091,-0.020687
3134,-0.089871,-0.11553,-0.046671,0.025761,-0.74046,0.55227,0.024786
3135,-0.057065,-0.068109,-0.010618,0.067661,-0.91033,0.48959,0.042326
3136,-0.031081,-0.034329,0.01829,0.089098,-0.98699,0.36973,0.03583
3137,-0.013541,-0.010618,0.037778,0.084876,-0.97724,0.23364,0.014392
3138,-0.0044465,0.0052977,0.042651,0.066686,-0.89799,0.10729,-0.013866
3139,0.0020496,0.010495,0.033231,0.044924,-0.76904,-0.0034721,-0.0405
3140,0.0075714,0.011144,0.015042,0.028684,-0.60242,-0.10059,-0.050244
3141,0.019589,0.014717,0.0033489,0.026735,-0.40363,-0.16945,-0.025234
3142,0.044275,0.029983,0.0088706,0.044924,-0.17335,-0.18536,0.042651
3143,0.079354,0.060515,0.033556,0.082927,0.084226,-0.14704,0.13879
3144,0.11541,0.098842,0.06831,0.13002,0.34829,-0.076879,0.23494
3145,0.14496,0.14237,0.10469,0.17907,0.57306,-0.00022403,0.31386
3146,0.16933,0.18687,0.13587,0.22909,0.7111,0.066362,0.36843
3147,0.19336,0.22714,0.15893,0.27684,0.73189,0.10144,0.39961
3148,0.21447,0.258,0.17225,0.31419,0.63835,0.085525,0.40221
3149,0.22324,0.27294,0.17582,0.33238,0.45938,0.0078962,0.37623
3150,0.2148,0.27229,0.17355,0.32296,0.23461,-0.12787,0.33303
3151,0.19076,0.2593,0.16835,0.28593,-0.0028225,-0.31594,0.28333
3152,0.15568,0.23786,0.16413,0.23201,-0.22564,-0.53713,0.22259
3153,0.11411,0.2057,0.16543,0.18264,-0.428,-0.75378,0.15081
3154,0.073507,0.16478,0.1742,0.15373,-0.60924,-0.91326,0.080328
3155,0.046223,0.11995,0.18622,0.14724,-0.75897,-0.97075,0.028684
3156,0.039402,0.076431,0.19369,0.15438,-0.86324,-0.90027,0.0078962
3157,0.054344,0.040702,0.18914,0.16673,-0.90254,-0.7096,0.015692
3158,0.07708,0.013743,0.17257,0.17225,-0.86356,-0.44456,0.032906
3159,0.089098,0.00010078,0.14756,0.16153,-0.76807,-0.16977,0.038428
3160,0.0865,0.0039985,0.12125,0.13425,-0.66348,0.045249,0.028684
3161,0.078704,0.027385,0.10209,0.095269,-0.58618,0.15438,0.011144
3162,0.078704,0.066686,0.090397,0.050446,-0.53193,0.14367,-0.011592
3163,0.098842,0.11476,0.079354,0.0033489,-0.47769,0.019264,-0.040825
3164,0.14204,0.15763,0.064413,-0.042449,-0.4124,-0.19251,-0.079802
3165,0.19336,0.18524,0.049796,-0.086298,-0.34355,-0.43514,-0.11845
3166,0.23559,0.18946,0.038103,-0.12203,-0.2867,-0.6349,-0.13372
3167,0.25475,0.17355,0.026735,-0.14704,-0.25942,-0.74241,-0.10838
3168,0.24273,0.13749,0.01017,-0.15808,-0.26169,-0.75118,-0.047321
3169,0.20343,0.083901,-0.010618,-0.15613,-0.27469,-0.68752,0.02641
3170,0.14691,0.01829,-0.030106,-0.14184,-0.27891,-0.58683,0.083251
3171,0.0865,-0.050894,-0.04115,-0.11586,-0.24838,-0.46925,0.09397
3172,0.030308,-0.10903,-0.042124,-0.079477,-0.15743,-0.33088,0.054019
3173,-0.016464,-0.14054,-0.032055,-0.034654,0.024461,-0.15191,-0.018738
3174,-0.047321,-0.13404,-0.013541,0.012768,0.32978,0.093321,-0.09117
3175,-0.056741,-0.089546,0.0075714,0.050771,0.77217,0.40546,-0.13697
3176,-0.043748,-0.028157,0.021538,0.069934,1.3126,0.74651,-0.16003
3177,-0.014191,0.027709,0.020239,0.069285,1.8561,1.0512,-0.17659
3178,0.021538,0.064737,0.0059473,0.054668,2.2796,1.2493,-0.2068
3179,0.050771,0.075456,-0.020037,0.041676,2.4979,1.2938,-0.26267
3180,0.061814,0.058566,-0.04862,0.0433,2.4924,1.1779,-0.34387
3181,0.046548,0.022188,-0.073631,0.053044,2.2679,0.93262,-0.43709
3182,0.0039985,-0.02361,-0.094093,0.044599,1.8421,0.60749,-0.52479
3183,-0.059014,-0.071357,-0.1191,-0.0063954,1.2639,0.25215,-0.60372
3184,-0.13047,-0.11033,-0.14931,-0.10059,0.62113,-0.087922,-0.6703
3185,-0.18926,-0.12917,-0.17822,-0.21037,0.020564,-0.3796,-0.71513
3186,-0.21914,-0.12008,-0.19576,-0.29775,-0.44099,-0.60469,-0.72097
3187,-0.2146,-0.079477,-0.19738,-0.3338,-0.70993,-0.75865,-0.67095
3188,-0.17465,-0.014516,-0.18114,-0.31431,-0.80087,-0.85284,-0.55792
3189,-0.10514,0.06084,-0.15256,-0.25162,-0.77294,-0.89377,-0.39746
3190,-0.021012,0.12905,-0.11748,-0.16945,-0.6794,-0.87331,-0.21525
3191,0.053369,0.1755,-0.082076,-0.090521,-0.54363,-0.78496,-0.038551
3192,0.10209,0.18816,-0.052843,-0.029457,-0.38155,-0.63132,0.11118
3193,0.12223,0.1651,-0.028157,0.011794,-0.22921,-0.43806,0.22324
3194,0.11931,0.12093,-0.0060706,0.040702,-0.11456,-0.21655,0.29243
3195,0.10501,0.076106,0.012443,0.058566,-0.018413,0.029333,0.32653
3196,0.092996,0.046223,0.025761,0.065062,0.10209,0.2895,0.34829
3197,0.092671,0.03518,0.033231,0.067986,0.26774,0.53149,0.37948
3198,0.10891,0.039402,0.03518,0.078379,0.43177,0.71045,0.42982
3199,0.13717,0.055643,0.037454,0.099167,0.51557,0.79523,0.49316
3200,0.16056,0.078379,0.0433,0.12385,0.46458,0.78386,0.54643
3201,0.1638,0.10177,0.052395,0.14464,0.28268,0.70201,0.56981
3202,0.14594,0.11573,0.055968,0.14756,0.013743,0.57858,0.5526
3203,0.11736,0.11476,0.049796,0.12807,-0.27696,0.43469,0.49413
3204,0.094945,0.10014,0.033556,0.090072,-0.52381,0.28203,0.40643
3205,0.089098,0.079029,0.0088706,0.046548,-0.67842,0.13684,0.31419
3206,0.099817,0.058241,-0.018413,0.0049729,-0.73721,0.023162,0.23883
3207,0.11411,0.0433,-0.043099,-0.030756,-0.73202,-0.034654,0.18914
3208,0.11866,0.031282,-0.060313,-0.060963,-0.69921,-0.023285,0.15958
3209,0.10761,0.020239,-0.068434,-0.078827,-0.64886,0.054019,0.14432
3210,0.087149,0.0078962,-0.062912,-0.079477,-0.54915,0.17842,0.13912
3211,0.060515,-0.0047713,-0.046671,-0.06681,-0.37278,0.31257,0.14302
3212,0.031282,-0.013541,-0.022961,-0.050569,-0.14931,0.41845,0.14854
3213,0.0020496,-0.011267,0.0039985,-0.035953,0.059541,0.47594,0.14594
3214,-0.027508,0.0039985,0.028684,-0.025559,0.18622,0.48341,0.12743
3215,-0.054142,0.01894,0.040377,-0.019388,0.20863,0.44574,0.087799
3216,-0.07493,0.019264,0.034855,-0.01484,0.16575,0.39052,0.038753
3217,-0.083375,-0.00054884,0.017316,-0.011592,0.13035,0.35122,-0.0050961
3218,-0.077528,-0.031406,-0.0060706,-0.014516,0.15536,0.33725,-0.03173
3219,-0.06551,-0.060313,-0.027508,-0.026209,0.25248,0.33498,-0.037902
3220,-0.055116,-0.075255,-0.042774,-0.044398,0.3785,0.31062,-0.027508
3221,-0.04992,-0.071682,-0.04862,-0.067459,0.45905,0.23266,-0.011592
3222,-0.047646,-0.056416,-0.047971,-0.092469,0.45223,0.10242,0.00010078
3223,-0.044398,-0.035628,-0.043748,-0.11293,0.36031,-0.04862,0.0046481
3224,-0.036927,-0.017114,-0.032705,-0.12138,0.21902,-0.18244,0.010495
3225,-0.027833,-0.0015233,-0.01614,-0.11228,0.064413,-0.27664,0.02641
3226,-0.019712,0.0075714,0.0069217,-0.080127,-0.089546,-0.3325,0.058566
3227,-0.011592,0.015367,0.038103,-0.022961,-0.25325,-0.36433,0.10047
3228,0.0072465,0.031282,0.076431,0.047198,-0.42702,-0.38577,0.13814
3229,0.042001,0.065387,0.11736,0.11768,-0.58325,-0.40104,0.15698
3230,0.084226,0.11541,0.15373,0.18037,-0.68459,-0.40493,0.15438
3231,0.12158,0.16543,0.18362,0.22097,-0.71772,-0.39681,0.13555
3232,0.14237,0.19661,0.19953,0.23136,-0.70441,-0.39194,0.10501
3233,0.14496,0.19791,0.20083,0.2148,-0.67258,-0.40656,0.073182
3234,0.13944,0.1755,0.19141,0.18394,-0.64237,-0.42929,0.051096
3235,0.13749,0.14269,0.17712,0.16023,-0.61249,-0.43124,0.051096
3236,0.14594,0.11151,0.1638,0.15601,-0.55727,-0.3861,0.083901
3237,0.16315,0.090397,0.15926,0.16835,-0.45268,-0.29417,0.14919
3238,0.18459,0.084551,0.16413,0.18654,-0.31042,-0.19738,0.22227
3239,0.20148,0.090722,0.17225,0.19563,-0.17887,-0.13437,0.27034
3240,0.20635,0.10371,0.17615,0.18914,-0.10514,-0.11261,0.27781
3241,0.19888,0.12418,0.17062,0.1651,-0.089871,-0.10611,0.24923
3242,0.18297,0.15081,0.15666,0.13327,-0.076229,-0.087597,0.19628
3243,0.16803,0.18719,0.14042,0.11151,0.014068,-0.035953,0.13977
3244,0.16056,0.22812,0.12937,0.11313,0.22097,0.06019,0.10859
3245,0.16056,0.26352,0.12872,0.1362,0.51135,0.18492,0.11638
3246,0.16088,0.27521,0.13977,0.16283,0.79133,0.30217,0.15179
3247,0.15731,0.2476,0.15244,0.1729,0.96673,0.37395,0.18654
3248,0.14204,0.17517,0.15341,0.15503,0.98979,0.39344,0.19369
3249,0.11313,0.070909,0.13977,0.11736,0.87513,0.3746,0.1625
3250,0.073182,-0.046022,0.11866,0.073507,0.6692,0.3366,0.098842
3251,0.030633,-0.15223,0.10112,0.039727,0.42008,0.30282,0.015692
3252,-0.008669,-0.23279,0.092996,0.027709,0.16315,0.30022,-0.068758
3253,-0.0405,-0.28443,0.089748,0.03583,-0.075579,0.35966,-0.13404
3254,-0.067134,-0.31171,0.0852,0.047847,-0.26689,0.48634,-0.16847
3255,-0.090521,-0.31854,0.06831,0.049472,-0.38122,0.65134,-0.1727
3256,-0.11131,-0.31009,0.041351,0.031932,-0.40591,0.78938,-0.15711
3257,-0.1282,-0.2919,0.0059473,0.00010078,-0.34679,0.8485,-0.14639
3258,-0.14509,-0.26657,-0.029782,-0.031406,-0.22791,0.80725,-0.16523
3259,-0.1597,-0.23506,-0.059989,-0.051219,-0.080127,0.66855,-0.22337
3260,-0.16815,-0.19933,-0.0824,-0.051544,0.067011,0.45321,-0.30392
3261,-0.16977,-0.16003,-0.097666,-0.029782,0.19174,0.19434,-0.37733
3262,-0.16295,-0.1217,-0.10384,0.010819,0.28008,-0.073631,-0.41663
3263,-0.14346,-0.081751,-0.096042,0.061814,0.33465,-0.30814,-0.40688
3264,-0.11196,-0.044398,-0.076554,0.10404,0.37233,-0.46892,-0.35232
3265,-0.076554,-0.014516,-0.053168,0.11378,0.39214,-0.54233,-0.28183
3266,-0.057065,0.0059473,-0.038876,0.06961,0.37428,-0.54752,-0.22759
3267,-0.06551,0.019914,-0.038876,-0.026209,0.3025,-0.51992,-0.21005
3268,-0.10059,0.03453,-0.052193,-0.14119,0.18784,-0.48451,-0.22921
3269,-0.14184,0.048497,-0.076554,-0.23538,0.059865,-0.45106,-0.26624
3270,-0.16815,0.057917,-0.10124,-0.27761,-0.044398,-0.42994,-0.30229
3271,-0.17367,0.056942,-0.12463,-0.25942,-0.10611,-0.43157,-0.31854
3272,-0.1623,0.043625,-0.14314,-0.19771,-0.12235,-0.45138,-0.30554
3273,-0.14184,0.021538,-0.15223,-0.12463,-0.10611,-0.4699,-0.26429
3274,-0.12008,0.00010078,-0.15061,-0.069408,-0.073955,-0.45528,-0.20323
3275,-0.10351,-0.010943,-0.13632,-0.046671,-0.04862,-0.36238,-0.13632
3276,-0.087922,-0.0050961,-0.11878,-0.051544,-0.047321,-0.17205,-0.076554
3277,-0.073306,0.015042,-0.10481,-0.073955,-0.072981,0.097543,-0.026209
3278,-0.056416,0.034855,-0.098641,-0.09994,-0.10968,0.40514,0.020239
3279,-0.043748,0.039402,-0.10221,-0.12268,-0.13827,0.69681,0.06831
3280,-0.038227,0.023487,-0.11066,-0.14314,-0.15126,0.91573,0.11801
3281,-0.042124,-0.014516,-0.12008,-0.16588,-0.15678,1.0232,0.1651
3282,-0.051544,-0.06681,-0.13015,-0.19413,-0.17367,1.0021,0.20116
3283,-0.06616,-0.12105,-0.13567,-0.22012,-0.20843,0.86246,0.22
3284,-0.080451,-0.15483,-0.12885,-0.22272,-0.25325,0.64289,0.22162
3285,-0.085648,-0.14736,-0.10871,-0.19186,-0.2919,0.39539,0.21155
3286,-0.077203,-0.092145,-0.074605,-0.12787,-0.31106,0.16348,0.18946
3287,-0.056416,0.0017248,-0.037577,-0.050894,-0.30814,-0.039526,0.15601
3288,-0.033354,0.10631,-0.012242,0.01894,-0.27728,-0.23376,0.11118
3289,-0.013541,0.18979,-0.0063954,0.075131,-0.20713,-0.44294,0.056617
3290,0.0026992,0.22747,-0.01484,0.12515,-0.092469,-0.68232,-0.0015233
3291,0.016666,0.21642,-0.027508,0.16835,0.033231,-0.94801,-0.061937
3292,0.027709,0.17485,-0.042124,0.19693,0.11054,-1.2345,-0.123
3293,0.032906,0.12418,-0.054792,0.20278,0.092021,-1.5343,-0.17952
3294,0.028684,0.075781,-0.060638,0.18557,-0.021986,-1.8464,-0.23571
3295,0.012119,0.036154,-0.057715,0.15633,-0.19089,-2.1569,-0.29872
3296,-0.01549,0.0088706,-0.051868,0.12743,-0.35556,-2.4233,-0.36726
3297,-0.045047,-0.0047713,-0.044073,0.11054,-0.44911,-2.5766,-0.42605
3298,-0.062912,-0.007045,-0.031081,0.11671,-0.43352,-2.5366,-0.44099
3299,-0.063237,0.0017248,-0.0073698,0.14659,-0.31431,-2.2554,-0.38285
3300,-0.045372,0.01764,0.028034,0.19076,-0.14022,-1.7542,-0.24903
3301,-0.0089938,0.033556,0.06896,0.23006,0.028684,-1.1244,-0.060963
3302,0.038428,0.047847,0.10956,0.2502,0.14756,-0.49166,0.13717
3303,0.083901,0.062789,0.14691,0.24825,0.20635,0.048822,0.30639
3304,0.11541,0.080003,0.17452,0.23591,0.22292,0.46263,0.41975
3305,0.1258,0.095919,0.19011,0.22584,0.22584,0.75755,0.46815
3306,0.11768,0.11054,0.19466,0.22552,0.23656,0.95471,0.45743
3307,0.098842,0.12028,0.19336,0.23494,0.25735,1.0739,0.40903
3308,0.082927,0.12807,0.18979,0.24598,0.27196,1.1298,0.34537
3309,0.079354,0.13814,0.18914,0.25313,0.26287,1.1259,0.2921
3310,0.094945,0.14854,0.19336,0.2554,0.22324,1.0548,0.26644
3311,0.12548,0.15666,0.19693,0.2515,0.16121,0.91054,0.26319
3312,0.15828,0.15828,0.19466,0.23494,0.09397,0.71273,0.26904
3313,0.18199,0.15179,0.18589,0.19531,0.03518,0.50388,0.27294
3314,0.19206,0.13555,0.1742,0.13457,-0.00087364,0.33628,0.27294
3315,0.19239,0.11216,0.15926,0.074157,-0.017114,0.23234,0.26937
3316,0.18297,0.088124,0.14529,0.040377,-0.029457,0.1664,0.25053
3317,0.16218,0.06831,0.13847,0.040377,-0.045047,0.10242,0.20505
3318,0.1362,0.054019,0.13717,0.065387,-0.052193,0.032257,0.14074
3319,0.11054,0.047523,0.14204,0.097543,-0.027508,-0.010293,0.074806
3320,0.084226,0.047523,0.14789,0.12028,0.064413,0.025761,0.026085
3321,0.057267,0.044275,0.15049,0.12515,0.25118,0.16868,0.0046481
3322,0.030957,0.027709,0.14432,0.10989,0.52337,0.39994,0.0078962
3323,0.0039985,0.00075039,0.13327,0.073507,0.82544,0.65719,0.024786
3324,-0.01549,-0.026209,0.12223,0.023812,1.0742,0.87611,0.042975
3325,-0.020037,-0.036927,0.11183,-0.020037,1.2025,1.0242,0.053044
3326,-0.007045,-0.020037,0.10339,-0.04927,1.1801,1.1096,0.063113
3327,0.027385,0.028359,0.10014,-0.064536,1.0203,1.1714,0.090072
3328,0.077405,0.097868,0.098517,-0.082076,0.77184,1.2347,0.14204
3329,0.1349,0.16835,0.092671,-0.11845,0.50258,1.2893,0.21285
3330,0.19044,0.22162,0.080328,-0.1675,0.27911,1.2993,0.28528
3331,0.23331,0.2528,0.064413,-0.20453,0.14204,1.2344,0.34667
3332,0.25313,0.26157,0.05142,-0.19056,0.093645,1.0944,0.39117
3333,0.2463,0.25443,0.046548,-0.11261,0.10534,0.90729,0.41488
3334,0.21447,0.23071,0.045899,-0.0050961,0.11021,0.71078,0.41261
3335,0.16705,0.18492,0.047847,0.063763,0.051745,0.53376,0.39961
3336,0.11736,0.11898,0.05207,0.056942,-0.081101,0.37558,0.39637
3337,0.07708,0.037454,0.054344,-0.017764,-0.25585,0.19758,0.40481
3338,0.05272,-0.046996,0.050446,-0.11845,-0.42475,-0.052193,0.39799
3339,0.036479,-0.12463,0.03583,-0.19478,-0.55435,-0.38804,0.33368
3340,0.011794,-0.19186,0.011469,-0.21102,-0.6323,-0.75962,0.19271
3341,-0.030431,-0.24708,-0.022961,-0.16035,-0.6664,-1.0656,0.00010078
3342,-0.084349,-0.28573,-0.060313,-0.063886,-0.6677,-1.2144,-0.18309
3343,-0.13372,-0.30619,-0.094093,0.038103,-0.66088,-1.1822,-0.29775
3344,-0.1649,-0.30717,-0.11715,0.10826,-0.66413,-1.0052,-0.32016
3345,-0.16945,-0.29028,-0.13015,0.13002,-0.67128,-0.73656,-0.27144
3346,-0.15158,-0.26332,-0.1334,0.11151,-0.64432,-0.42052,-0.19121
3347,-0.12073,-0.22629,-0.12592,0.078704,-0.55759,-0.088572,-0.12235
3348,-0.092469,-0.17854,-0.11131,0.055968,-0.41403,0.22454,-0.098641
3349,-0.083375,-0.12527,-0.089546,0.050446,-0.24675,0.47367,-0.13957
3350,-0.10611,-0.076879,-0.059664,0.057592,-0.092794,0.62406,-0.24286
3351,-0.15808,-0.042449,-0.028157,0.066686,0.023162,0.66336,-0.38707
3352,-0.22597,-0.026533,-0.0089938,0.073507,0.095594,0.61301,-0.53031
3353,-0.28443,-0.026858,-0.010943,0.073832,0.13165,0.50842,-0.63392
3354,-0.30977,-0.033354,-0.035628,0.063763,0.14496,0.39409,-0.67258
3355,-0.2893,-0.036278,-0.072981,0.037778,0.15471,0.30445,-0.63295
3356,-0.22986,-0.030106,-0.11001,-0.0031473,0.18199,0.25475,-0.52381
3357,-0.14769,-0.01484,-0.13599,-0.051868,0.24663,0.24013,-0.36953
3358,-0.059014,0.0052977,-0.14411,-0.094743,0.3392,0.24403,-0.2055
3359,0.019914,0.026735,-0.13469,-0.11521,0.42722,0.23851,-0.069733
3360,0.073507,0.047198,-0.11358,-0.11521,0.46198,0.20505,0.0069217
3361,0.099817,0.070584,-0.090521,-0.10514,0.41326,0.15179,0.018615
3362,0.10696,0.097868,-0.074605,-0.10026,0.28853,0.10209,-0.016789
3363,0.10631,0.12385,-0.071032,-0.10514,0.12125,0.082602,-0.067134
3364,0.10989,0.14107,-0.077853,-0.11358,-0.042449,0.098517,-0.10091
3365,0.12028,0.14659,-0.087272,-0.11521,-0.16458,0.14074,-0.10189
3366,0.13814,0.14334,-0.092469,-0.10546,-0.24513,0.19726,-0.069083
3367,0.1651,0.13717,-0.0837,-0.081101,-0.31659,0.25637,-0.012242
3368,0.19953,0.13392,-0.057065,-0.037577,-0.38772,0.28918,0.053044
3369,0.23818,0.13944,-0.021986,0.014717,-0.41695,0.2567,0.10956
3370,0.27716,0.15503,0.012443,0.054668,-0.35621,0.14367,0.14561
3371,0.31094,0.18102,0.040702,0.06896,-0.21265,-0.023935,0.16283
3372,0.3327,0.21415,0.063763,0.059865,-0.051219,-0.19186,0.17355
3373,0.3366,0.2502,0.084551,0.039727,0.035505,-0.32243,0.18524
3374,0.32134,0.28008,0.10079,0.024137,-0.038876,-0.41046,0.19693
3375,0.28366,0.28983,0.10664,0.022837,-0.2919,-0.47867,0.19693
3376,0.22552,0.26807,0.094945,0.040052,-0.63652,-0.5537,0.1755
3377,0.15179,0.21512,0.065712,0.077405,-0.93112,-0.64789,0.13132
3378,0.069934,0.13912,0.029333,0.1336,-1.0653,-0.74533,0.073182
3379,-0.0093186,0.055643,-0.0054209,0.19044,-1.023,-0.81906,0.015042
3380,-0.080451,-0.016464,-0.030756,0.22032,-0.86064,-0.84732,-0.03238
3381,-0.14119,-0.064861,-0.045047,0.20148,-0.66835,-0.82134,-0.060638
3382,-0.19056,-0.082076,-0.043099,0.14594,-0.49101,-0.73266,-0.061613
3383,-0.22726,-0.072331,-0.021986,0.089748,-0.29353,-0.57091,-0.034654
3384,-0.24675,-0.043423,0.014392,0.063763,-0.0096434,-0.33867,0.021863
3385,-0.24091,-0.0041217,0.051096,0.073832,0.38532,-0.052518,0.10566
3386,-0.20388,0.042651,0.073182,0.10112,0.83388,0.2476,0.20538
3387,-0.13957,0.096244,0.076106,0.11898,1.223,0.5042,0.30542
3388,-0.064211,0.15406,0.063763,0.11086,1.4419,0.66141,0.38142
3389,-0.0034721,0.19856,0.046548,0.080003,1.4367,0.68642,0.41488
3390,0.023162,0.21577,0.038428,0.042001,1.2285,0.58833,0.39961
3391,0.020888,0.20213,0.050121,0.02641,0.89267,0.41683,0.33595
3392,0.013093,0.16283,0.083901,0.051745,0.52499,0.22812,0.23591
3393,0.013743,0.10566,0.12645,0.099817,0.19856,0.063763,0.11768
3394,0.029009,0.045899,0.16478,0.14204,-0.047646,-0.035628,0.009845
3395,0.053694,-0.0015233,0.18946,0.15309,-0.2029,-0.044073,-0.062262
3396,0.078704,-0.025884,0.19758,0.1258,-0.28248,0.028684,-0.090521
3397,0.098193,-0.035628,0.18751,0.066686,-0.32341,0.14042,-0.082076
3398,0.11443,-0.040825,0.16575,0.0046481,-0.35621,0.23526,-0.046347
3399,0.13847,-0.042449,0.14074,-0.038227,-0.38252,0.27424,0.0052977
3400,0.17745,-0.037577,0.1245,-0.054142,-0.39097,0.25345,0.065062
3401,0.22454,-0.026858,0.11638,-0.050569,-0.377,0.20181,0.12028
3402,0.26514,-0.014191,0.10826,-0.046347,-0.34842,0.14594,0.15698
3403,0.28593,-0.0028225,0.095919,-0.054467,-0.31983,0.090722,0.16445
3404,0.29015,0.0078962,0.07773,-0.075255,-0.29612,0.030957,0.14074
3405,0.28821,0.023812,0.055643,-0.095068,-0.27923,-0.046022,0.095919
3406,0.28885,0.046223,0.038428,-0.10156,-0.2552,-0.15353,0.045899
3407,0.29438,0.068635,0.032582,-0.09182,-0.20615,-0.28248,0.0069217
3408,0.28918,0.081627,0.038103,-0.070382,-0.14769,-0.41793,-0.018738
3409,0.25313,0.074157,0.044924,-0.053817,-0.13112,-0.55629,-0.047971
3410,0.17777,0.042326,0.040702,-0.055441,-0.18894,-0.71383,-0.10903
3411,0.073507,-0.0057458,0.021213,-0.074605,-0.31009,-0.91391,-0.21297
3412,-0.031081,-0.04927,-0.0063954,-0.097991,-0.41338,-1.1413,-0.339
3413,-0.10449,-0.075904,-0.027833,-0.10644,-0.37343,-1.3261,-0.44326
3414,-0.1321,-0.081751,-0.030431,-0.081101,-0.10968,-1.38,-0.48451
3415,-0.11715,-0.072331,-0.016789,-0.017114,0.33693,-1.2657,-0.45171
3416,-0.078827,-0.053492,0.0020496,0.066037,0.8001,-1.0159,-0.36141
3417,-0.037577,-0.032055,0.014068,0.13002,1.0801,-0.71772,-0.2448
3418,-0.0034721,-0.012892,0.0095202,0.14464,1.0801,-0.4647,-0.13242
3419,0.019589,0.0026992,-0.01484,0.099492,0.85694,-0.30619,-0.041475
3420,0.028684,0.016991,-0.053168,0.014392,0.56267,-0.22207,0.025436
3421,0.023812,0.028034,-0.092145,-0.073631,0.34732,-0.15808,0.06961
3422,0.008221,0.037129,-0.11943,-0.1334,0.30185,-0.055441,0.10274
3423,-0.0057458,0.047198,-0.12625,-0.14964,0.42462,0.11866,0.13197
3424,-0.0093186,0.062789,-0.10871,-0.11943,0.64257,0.34797,0.15731
3425,-0.00022403,0.082277,-0.072656,-0.051544,0.86246,0.57014,0.17322
3426,0.01829,0.10501,-0.031406,0.031282,1.021,0.74034,0.17972
3427,0.039727,0.12223,0.0033489,0.098517,1.0746,0.85564,0.18362
3428,0.057592,0.13132,0.027385,0.13425,1.0018,0.9349,0.18816
3429,0.061165,0.12807,0.037454,0.12678,0.81504,0.97712,0.18654
3430,0.041351,0.11281,0.032582,0.07708,0.57241,0.95601,0.17062
3431,-0.00087364,0.0852,0.013743,-0.0060706,0.36129,0.85175,0.13749
3432,-0.059339,0.047523,-0.011917,-0.094743,0.26255,0.6822,0.089098
3433,-0.12105,0.0014,-0.039201,-0.16523,0.30087,0.48536,0.030633
3434,-0.17432,-0.047646,-0.062587,-0.20355,0.423,0.31029,-0.024585
3435,-0.20745,-0.092469,-0.072331,-0.21362,0.55195,0.19856,-0.056416
3436,-0.21297,-0.12755,-0.060963,-0.20388,0.62925,0.17939,-0.052518
3437,-0.19381,-0.14184,-0.024585,-0.16653,0.64095,0.2528,-0.013541
3438,-0.16198,-0.13827,0.021213,-0.079477,0.61139,0.39312,0.046873
3439,-0.13242,-0.123,0.05272,0.064737,0.55974,0.56657,0.10794
3440,-0.11878,-0.11163,0.051745,0.23916,0.46587,0.73936,0.15958
3441,-0.12398,-0.10968,0.01764,0.39507,0.28041,0.87253,0.19693
3442,-0.14346,-0.11586,-0.035953,0.49348,-0.030106,0.92028,0.22227
3443,-0.16263,-0.12495,-0.09182,0.50907,-0.43644,0.8485,0.23526
3444,-0.16718,-0.12657,-0.13015,0.45516,-0.847,0.66791,0.23624
3445,-0.15678,-0.11423,-0.13892,0.36324,-1.1533,0.42105,0.22779
3446,-0.13502,-0.087597,-0.12203,0.26352,-1.2735,0.16933,0.2161
3447,-0.10968,-0.053492,-0.089221,0.17874,-1.1906,-0.03303,0.20051
3448,-0.090521,-0.021661,-0.055441,0.12093,-0.95873,-0.1714,0.17452
3449,-0.085324,-0.0031473,-0.031081,0.081627,-0.6781,-0.26234,0.13717
3450,-0.095068,-0.0034721,-0.020687,0.048497,-0.44554,-0.32828,0.089098
3451,-0.11261,-0.020037,-0.024909,0.014717,-0.31171,-0.3809,0.03453
3452,-0.13112,-0.043748,-0.037252,-0.01484,-0.28021,-0.4163,-0.01484
3453,-0.14346,-0.064211,-0.052193,-0.035628,-0.31789,-0.42312,-0.046996
3454,-0.13697,-0.076554,-0.063561,-0.039851,-0.38057,-0.37733,-0.046347
3455,-0.10644,-0.075255,-0.063561,-0.022636,-0.43482,-0.24318,-0.0073698
3456,-0.056416,-0.059664,-0.046671,0.013418,-0.4673,0.0043233,0.063438
3457,0.0026992,-0.029132,-0.014516,0.054344,-0.48711,0.34115,0.14626
3458,0.052395,0.012119,0.020888,0.087799,-0.50985,0.69259,0.22227
3459,0.079679,0.056942,0.045574,0.10144,-0.53908,0.98297,0.27976
3460,0.078379,0.09397,0.054344,0.088448,-0.5813,1.1746,0.31419
3461,0.05272,0.11508,0.047523,0.050446,-0.63425,1.2591,0.32588
3462,0.014392,0.11703,0.03518,-0.0011985,-0.68557,1.2451,0.31939
3463,-0.018738,0.10014,0.020239,-0.050244,-0.71253,1.1386,0.30055
3464,-0.034329,0.067011,0.0075714,-0.086623,-0.68979,0.94821,0.27521
3465,-0.033679,0.026085,-0.0037969,-0.10254,-0.57708,0.70169,0.2463
3466,-0.025559,-0.018088,-0.012567,-0.096692,-0.3325,0.44606,0.19953
3467,-0.025234,-0.061613,-0.018088,-0.078827,0.046223,0.23201,0.1206
3468,-0.043748,-0.097666,-0.018413,-0.062912,0.47594,0.079029,-0.0021729
3469,-0.085648,-0.12852,-0.01549,-0.057065,0.80952,-0.045372,-0.16425
3470,-0.13437,-0.15386,-0.012892,-0.058365,0.93262,-0.21167,-0.34614
3471,-0.16588,-0.1714,-0.0057458,-0.053492,0.82446,-0.48516,-0.52122
3472,-0.16458,-0.17594,0.0085458,-0.038227,0.56039,-0.88045,-0.66348
3473,-0.13502,-0.1636,0.031932,-0.021986,0.25378,-1.3401,-0.74923
3474,-0.089221,-0.12722,0.057267,-0.010943,0.014717,-1.7675,-0.76807
3475,-0.034329,-0.07428,0.07773,-0.0050961,-0.10059,-2.0757,-0.72325
3476,0.019914,-0.013216,0.090397,0.0033489,-0.10774,-2.2404,-0.63555
3477,0.064088,0.048172,0.10339,0.024461,-0.073955,-2.2843,-0.53616
3478,0.095594,0.10274,0.12158,0.058241,-0.083375,-2.2453,-0.44001
3479,0.11248,0.14334,0.14626,0.098193,-0.19836,-2.1362,-0.34907
3480,0.11638,0.16543,0.17745,0.14399,-0.41078,-1.9432,-0.2552
3481,0.11963,0.17615,0.2096,0.19466,-0.63425,-1.6483,-0.15678
3482,0.13035,0.18427,0.24013,0.25053,-0.76904,-1.2592,-0.056741
3483,0.14854,0.19596,0.26709,0.30477,-0.77521,-0.82459,0.03518
3484,0.16803,0.2122,0.28983,0.33823,-0.70928,-0.42085,0.10404
3485,0.18394,0.22422,0.29762,0.33043,-0.67063,-0.11293,0.14204
3486,0.19369,0.22162,0.28333,0.27684,-0.70246,0.076106,0.15211
3487,0.19271,0.19336,0.24825,0.19141,-0.77294,0.17322,0.14984
3488,0.17874,0.13782,0.19921,0.090072,-0.80867,0.22714,0.14594
3489,0.15471,0.064088,0.14691,-0.0076946,-0.73526,0.28236,0.14432
3490,0.12385,-0.007045,0.10534,-0.078178,-0.5105,0.3746,0.15211
3491,0.094945,-0.05804,0.082602,-0.10189,-0.16847,0.51265,0.1716
3492,0.081627,-0.080127,0.075456,-0.081426,0.18492,0.67375,0.19758
3493,0.08585,-0.072656,0.074806,-0.04115,0.44086,0.80627,0.21545
3494,0.099492,-0.046996,0.069285,0.00075039,0.55974,0.85662,0.21545
3495,0.11443,-0.015165,0.054668,0.031282,0.58346,0.79101,0.19823
3496,0.12288,0.012119,0.031932,0.048172,0.5854,0.61983,0.16413
3497,0.11995,0.031282,0.0039985,0.056617,0.61529,0.39474,0.11346
3498,0.10274,0.044599,-0.020037,0.061814,0.69194,0.17972,0.055318
3499,0.080328,0.057267,-0.034004,0.06831,0.80335,0.022512,0.0017248
3500,0.06084,0.06961,-0.034654,0.080003,0.90859,-0.067134,-0.034004
3501,0.047847,0.081952,-0.02426,0.085525,0.94789,-0.10579,-0.046022
3502,0.041676,0.092671,-0.01484,0.065712,0.87286,-0.11651,-0.036927
3503,0.045249,0.10014,-0.015815,0.0088706,0.68512,-0.11131,-0.010943
3504,0.056942,0.10404,-0.029132,-0.078178,0.4308,-0.087597,0.026085
3505,0.073832,0.10501,-0.047646,-0.16847,0.18069,-0.047971,0.064737
3506,0.090397,0.10274,-0.060963,-0.22759,-0.00054884,-0.0083442,0.091696
3507,0.10014,0.098193,-0.06616,-0.23928,-0.094418,0.011794,0.099817
3508,0.095594,0.091047,-0.064536,-0.20193,-0.12138,-0.0050961,0.089748
3509,0.080978,0.079679,-0.064211,-0.13242,-0.11358,-0.055116,0.070584
3510,0.063763,0.067986,-0.068434,-0.055116,-0.095068,-0.11098,0.052395
3511,0.045249,0.056942,-0.077528,0.01017,-0.07428,-0.14314,0.040702
3512,0.031932,0.049796,-0.085973,0.042326,-0.059014,-0.14314,0.034855
3513,0.028684,0.046873,-0.09117,0.038753,-0.05804,-0.12333,0.03453
3514,0.03583,0.054019,-0.09117,0.013093,-0.071032,-0.10059,0.045249
3515,0.05142,0.067986,-0.087922,-0.014191,-0.094418,-0.086623,0.065712
3516,0.069934,0.086175,-0.084349,-0.032055,-0.11975,-0.083375,0.083901
3517,0.083251,0.10339,-0.0824,-0.037902,-0.14574,-0.082076,0.088773
3518,0.090072,0.11508,-0.080451,-0.034978,-0.16718,-0.06616,0.081627
3519,0.089748,0.11768,-0.079152,-0.029782,-0.1753,-0.018413,0.076755
3520,0.083251,0.11086,-0.077528,-0.019712,-0.16458,0.057267,0.081627
3521,0.06896,0.09397,-0.073631,-0.0083442,-0.14087,0.13912,0.09397
3522,0.049147,0.072208,-0.063237,0.00075039,-0.1217,0.2135,0.10599
3523,0.027385,0.05207,-0.045697,0.0072465,-0.11521,0.29113,0.11638
3524,0.011144,0.041027,-0.025234,0.014068,-0.11326,0.39669,0.13197
3525,0.0078962,0.041027,-0.008669,0.019914,-0.10351,0.55065,0.15568
3526,0.019914,0.050446,0.0036737,0.024137,-0.072656,0.75268,0.18719
3527,0.042001,0.066362,0.016016,0.031932,-0.0034721,0.97192,0.22974
3528,0.065062,0.084551,0.025436,0.039078,0.10696,1.171,0.28593
3529,0.088124,0.10242,0.030308,0.036154,0.22292,1.3201,0.33985
3530,0.11151,0.11313,0.02641,0.015692,0.28885,1.3799,0.36356
3531,0.12613,0.11541,0.019914,-0.011917,0.28171,1.3172,0.32556
3532,0.12223,0.10729,0.015367,-0.038551,0.2096,1.1288,0.22454
3533,0.095919,0.091372,0.0095202,-0.055766,0.10729,0.85922,0.0852
3534,0.055968,0.071234,-0.0011985,-0.059664,0.013093,0.57988,-0.059664
3535,0.014717,0.050771,-0.014516,-0.046347,-0.057065,0.35739,-0.18991
3536,-0.016789,0.030633,-0.027833,-0.020362,-0.10546,0.22649,-0.29158
3537,-0.028482,0.0072465,-0.035953,0.0088706,-0.14281,0.18134,-0.35589
3538,-0.018088,-0.013541,-0.032705,0.036804,-0.18179,0.18427,-0.37635
3539,0.0036737,-0.026533,-0.015815,0.057917,-0.23181,0.18784,-0.35914
3540,0.019914,-0.035953,0.0085458,0.072533,-0.28963,0.14367,-0.32795
3541,0.017965,-0.046022,0.029009,0.079029,-0.3364,0.020564,-0.30847
3542,0.00042559,-0.056416,0.034855,0.076106,-0.35296,-0.16523,-0.30912
3543,-0.024585,-0.061613,0.029009,0.063438,-0.33835,-0.36791,-0.32243
3544,-0.046022,-0.057065,0.018615,0.043625,-0.29937,-0.54135,-0.33315
3545,-0.05804,-0.039201,0.013093,0.023162,-0.22986,-0.66023,-0.33055
3546,-0.057065,-0.007045,0.016991,0.0091954,-0.11586,-0.72195,-0.30782
3547,-0.042124,0.029658,0.034206,0.0059473,0.051745,-0.72162,-0.25975
3548,-0.014516,0.055968,0.061814,0.016666,0.26482,-0.65439,-0.18666
3549,0.021538,0.066037,0.091696,0.039402,0.48959,-0.52966,-0.095717
3550,0.057267,0.067661,0.11508,0.071234,0.68707,-0.377,-0.0011985
3551,0.089423,0.07708,0.13035,0.10436,0.82576,-0.23344,0.082277
3552,0.11768,0.099817,0.13814,0.13555,0.86961,-0.11943,0.14334
3553,0.14302,0.13067,0.14107,0.16023,0.79588,-0.045047,0.1781
3554,0.16218,0.16088,0.14269,0.17225,0.60554,-0.013866,0.19011
3555,0.17095,0.1742,0.14432,0.169,0.33335,-0.019712,0.18427
3556,0.16803,0.16218,0.14529,0.15438,0.03518,-0.047971,0.16965
3557,0.15114,0.1284,0.14139,0.14107,-0.24318,-0.0837,0.15179
3558,0.12288,0.088448,0.1336,0.12807,-0.4647,-0.11293,0.13067
3559,0.088773,0.047198,0.12515,0.11216,-0.58293,-0.10774,0.10014
3560,0.053369,0.0033489,0.11216,0.092996,-0.55142,-0.041475,0.064737
3561,0.021863,-0.038227,0.094295,0.073182,-0.36109,0.094295,0.034855
3562,-0.00054884,-0.07428,0.07773,0.058241,-0.051219,0.26774,0.029333
3563,-0.0060706,-0.093769,0.070909,0.050121,0.28333,0.4178,0.06084
3564,0.0046481,-0.085648,0.074482,0.041027,0.52954,0.47562,0.12028
3565,0.028684,-0.050569,0.0865,0.033556,0.62633,0.40384,0.18719
3566,0.053694,-0.0011985,0.10079,0.038428,0.58508,0.21935,0.24176
3567,0.072208,0.050446,0.11313,0.061165,0.47107,-0.0050961,0.26872
3568,0.082602,0.095919,0.11898,0.087474,0.35057,-0.17075,0.27261
3569,0.092996,0.1297,0.11248,0.088773,0.26612,-0.18666,0.26937
3570,0.10826,0.15114,0.096893,0.055968,0.24306,-0.016464,0.27944
3571,0.12937,0.15926,0.082927,0.010819,0.2895,0.29762,0.31159
3572,0.15633,0.15796,0.075781,-0.022961,0.3889,0.65394,0.35317
3573,0.18232,0.14464,0.072533,-0.031081,0.48926,0.94204,0.38272
3574,0.19823,0.12645,0.069285,-0.015165,0.53571,1.0882,0.37688
3575,0.19109,0.10339,0.059865,0.012443,0.50388,1.0791,0.33433
3576,0.15633,0.075781,0.042001,0.033881,0.40546,0.95471,0.26872
3577,0.095269,0.04395,0.01764,0.038103,0.27716,0.77964,0.19466
3578,0.015692,0.0078962,-0.010293,0.020888,0.14854,0.61918,0.12288
3579,-0.067134,-0.030431,-0.038876,-0.01614,0.031607,0.50225,0.06084
3580,-0.14152,-0.072656,-0.069733,-0.059014,-0.078178,0.41098,0.011794
3581,-0.2029,-0.11943,-0.10384,-0.095717,-0.19446,0.29503,-0.033354
3582,-0.2565,-0.17302,-0.13827,-0.1269,-0.31756,0.12905,-0.084674
3583,-0.29807,-0.22304,-0.16945,-0.15646,-0.42702,-0.072656,-0.13827
3584,-0.32016,-0.25162,-0.18959,-0.18342,-0.49426,-0.27631,-0.18894
3585,-0.31594,-0.24675,-0.19413,-0.20323,-0.50465,-0.44683,-0.22889
3586,-0.28898,-0.20713,-0.18114,-0.20908,-0.47249,-0.56019,-0.2578
3587,-0.25098,-0.13924,-0.15646,-0.20485,-0.43384,-0.60631,-0.28151
3588,-0.21525,-0.061288,-0.13404,-0.19511,-0.43417,-0.59137,-0.31594
3589,-0.19641,0.00010078,-0.12722,-0.19121,-0.51407,-0.54135,-0.3718
3590,-0.19803,0.031932,-0.13534,-0.19998,-0.67907,-0.48256,-0.43222
3591,-0.21135,0.040377,-0.14801,-0.20745,-0.86551,-0.41793,-0.45983
3592,-0.22044,0.03583,-0.15581,-0.19446,-0.92625,-0.33445,-0.4267
3593,-0.2107,0.025111,-0.14931,-0.15386,-0.70441,-0.22012,-0.3325
3594,-0.18082,0.014717,-0.12755,-0.09929,-0.14964,-0.069083,-0.19868
3595,-0.13502,0.0010752,-0.094743,-0.037252,0.59482,0.12385,-0.050894
3596,-0.087272,-0.019712,-0.056416,0.029009,1.2448,0.34375,0.088448
3597,-0.053168,-0.052518,-0.019063,0.098517,1.5647,0.54383,0.20311
3598,-0.041475,-0.091495,0.015367,0.16153,1.4634,0.64289,0.28496
3599,-0.048296,-0.11845,0.037778,0.20376,1.0044,0.57339,0.33108
3600,-0.058365,-0.11391,0.047523,0.22714,0.35414,0.33043,0.347
3601,-0.051544,-0.054467,0.054668,0.24923,-0.27371,-0.018413,0.35349
3602,-0.0047713,0.066037,0.079029,0.2908,-0.70181,-0.37343,0.37785
3603,0.092671,0.22714,0.12515,0.35576,-0.84083,-0.65276,0.42917
3604,0.22747,0.38695,0.18037,0.42105,-0.68784,-0.81841,0.49121
3605,0.36681,0.50095,0.22097,0.44931,-0.33737,-0.87428,0.52791
3606,0.4636,0.54123,0.22844,0.40254,0.050121,-0.85739,0.51135
3607,0.48634,0.50907,0.19758,0.27651,0.32523,-0.81289,0.4269
3608,0.42755,0.42592,0.14367,0.11931,0.41098,-0.77619,0.28106
3609,0.30964,0.31874,0.091047,-0.0024977,0.33595,-0.74793,0.095594
3610,0.17355,0.20538,0.06084,-0.033679,0.20473,-0.70506,-0.092145
3611,0.055968,0.096569,0.059541,0.037454,0.12385,-0.63295,-0.24188
3612,-0.020037,-0.0067202,0.079029,0.17225,0.1362,-0.55402,-0.3325
3613,-0.05804,-0.10319,0.10729,0.31062,0.20051,-0.52089,-0.37668
3614,-0.07428,-0.19478,0.12548,0.40319,0.24176,-0.56052,-0.39194
3615,-0.084674,-0.27534,0.12353,0.4256,0.21642,-0.64984,-0.39292
3616,-0.09929,-0.33543,0.098842,0.37785,0.15211,-0.72325,-0.3835
3617,-0.12495,-0.36953,0.061814,0.28853,0.11086,-0.72065,-0.36693
3618,-0.15873,-0.37668,0.021538,0.19239,0.11898,-0.6362,-0.35134
3619,-0.19056,-0.35719,-0.013866,0.11281,0.14724,-0.51374,-0.34127
3620,-0.20778,-0.31042,-0.032705,0.057592,0.14139,-0.39389,-0.32503
3621,-0.19836,-0.24123,-0.026533,0.022512,0.072208,-0.28346,-0.28508
3622,-0.16133,-0.15711,0.003024,0.0017248,-0.050569,-0.17075,-0.20908
3623,-0.10286,-0.069408,0.042001,-0.0067202,-0.19186,-0.052843,-0.10481
3624,-0.032705,0.0036737,0.068635,-0.01484,-0.31431,0.056617,0.0046481
3625,0.03518,0.052395,0.071234,-0.033679,-0.40428,0.13327,0.09397
3626,0.083901,0.071883,0.050121,-0.063886,-0.4673,0.16608,0.14854
3627,0.099817,0.067011,0.017316,-0.097341,-0.504,0.1625,0.16023
3628,0.078055,0.048822,-0.016464,-0.12885,-0.50205,0.14237,0.13522
3629,0.031932,0.032906,-0.042124,-0.15029,-0.4543,0.12548,0.09397
3630,-0.0096434,0.025761,-0.052518,-0.15451,-0.36141,0.13327,0.06084
3631,-0.023935,0.030308,-0.045697,-0.13957,-0.23636,0.1703,0.049796
3632,-0.0080194,0.043625,-0.023285,-0.10936,-0.10644,0.22357,0.061814
3633,0.019589,0.054668,0.0069217,-0.07493,0.0056225,0.27424,0.084226
3634,0.039078,0.054019,0.036154,-0.04992,0.09462,0.3051,0.10112
3635,0.037454,0.038103,0.053369,-0.042774,0.17777,0.30899,0.10729
3636,0.012443,0.012768,0.060515,-0.054467,0.26839,0.28658,0.10534
3637,-0.02361,-0.01484,0.059541,-0.072656,0.35252,0.24078,0.10242
3638,-0.053492,-0.040825,0.05207,-0.084674,0.39312,0.17939,0.10079
3639,-0.072656,-0.064861,0.039078,-0.088247,0.35934,0.11411,0.099492
3640,-0.080127,-0.091495,0.022188,-0.080776,0.24403,0.058891,0.098193
3641,-0.072006,-0.11845,0.0091954,-0.059989,0.066686,0.01764,0.10079
3642,-0.050244,-0.13989,0.0052977,-0.023285,-0.1295,-0.0044465,0.11378
3643,-0.017764,-0.14379,0.012119,0.022837,-0.2919,-0.0083442,0.14854
3644,0.019914,-0.12398,0.028684,0.061814,-0.38122,0.0059473,0.20635
3645,0.058891,-0.085324,0.05142,0.084551,-0.38902,0.040052,0.27261
3646,0.087799,-0.037577,0.072208,0.092346,-0.33932,0.090722,0.32621
3647,0.099167,0.011144,0.087474,0.087474,-0.27858,0.14529,0.34635
3648,0.087799,0.054019,0.096893,0.071234,-0.25325,0.18524,0.32231
3649,0.064413,0.085525,0.097218,0.049147,-0.29417,0.19986,0.2567
3650,0.039402,0.10014,0.089098,0.025436,-0.40818,0.19109,0.15958
3651,0.022512,0.093321,0.070259,0.00010078,-0.56344,0.16835,0.051096
3652,0.016016,0.064088,0.039727,-0.027183,-0.70278,0.14724,-0.046022
3653,0.014717,0.020239,0.00010078,-0.055766,-0.77002,0.13717,-0.11456
3654,0.015042,-0.028482,-0.042449,-0.085973,-0.74273,0.13262,-0.15061
3655,0.016341,-0.070382,-0.078827,-0.11391,-0.64334,0.12093,-0.15776
3656,0.017965,-0.092794,-0.096367,-0.1308,-0.52089,0.097218,-0.14054
3657,0.022188,-0.088247,-0.093769,-0.1334,-0.415,0.067336,-0.10741
3658,0.031282,-0.052193,-0.075255,-0.11813,-0.33283,0.04395,-0.065186
3659,0.051096,0.0069217,-0.04992,-0.087272,-0.25552,0.031282,-0.025559
3660,0.077405,0.072858,-0.022961,-0.051219,-0.16588,0.020888,0.003024
3661,0.10696,0.12743,-0.0018481,-0.023935,-0.06551,0.003024,0.017965
3662,0.13425,0.16575,0.0049729,-0.0076946,0.028034,-0.021986,0.022188
3663,0.15796,0.19693,-0.0015233,-0.0044465,0.095919,-0.048296,0.021213
3664,0.17842,0.22584,-0.017439,-0.015815,0.11573,-0.067134,0.022188
3665,0.19726,0.25313,-0.0405,-0.041475,0.078379,-0.065835,0.024461
3666,0.2161,0.27911,-0.06551,-0.079802,0.00075039,-0.037902,0.025436
3667,0.23429,0.29925,-0.087272,-0.11586,-0.058689,0.017316,0.029658
3668,0.25248,0.32069,-0.10644,-0.13242,-0.037902,0.099167,0.040702
3669,0.26774,0.34862,-0.11651,-0.12203,0.0865,0.21317,0.055968
3670,0.28496,0.3863,-0.11033,-0.090521,0.27619,0.36486,0.072208
3671,0.30639,0.43372,-0.085648,-0.045697,0.44606,0.53343,0.090722
3672,0.32913,0.48536,-0.047971,-0.0011985,0.5159,0.66953,0.11118
3673,0.34277,0.52694,-0.0096434,0.028684,0.44054,0.7163,0.12645
3674,0.334,0.54188,0.018615,0.028684,0.24598,0.64127,0.12807
3675,0.30282,0.51947,0.032906,0.0062721,0.026735,0.47497,0.12483
3676,0.25832,0.4584,0.034855,-0.020037,-0.11358,0.29178,0.12483
3677,0.2161,0.36421,0.028684,-0.034654,-0.12982,0.15893,0.12905
3678,0.19109,0.25085,0.020888,-0.030106,-0.045047,0.10566,0.13262
3679,0.18622,0.13197,0.014068,-0.0073698,0.098517,0.12678,0.1362
3680,0.19174,0.021213,0.0072465,0.022837,0.28723,0.20733,0.14204
3681,0.18816,-0.076554,-0.0011985,0.05142,0.50713,0.31451,0.15081
3682,0.15763,-0.15483,-0.0089938,0.073182,0.73287,0.40936,0.15763
3683,0.095269,-0.20583,-0.014516,0.083576,0.93814,0.46198,0.15503
3684,0.011144,-0.22759,-0.01549,0.078055,1.0989,0.45646,0.13132
3685,-0.077853,-0.22402,-0.013866,0.056617,1.2032,0.40059,0.080653
3686,-0.15776,-0.20972,-0.013541,0.02641,1.2522,0.31451,0.0088706
3687,-0.21785,-0.19543,-0.015165,0.0026992,1.2431,0.21252,-0.064536
3688,-0.25975,-0.18536,-0.021661,-0.00022403,1.1779,0.099492,-0.11878
3689,-0.28508,-0.17724,-0.032705,0.028034,1.0759,-0.021012,-0.14931
3690,-0.2945,-0.1623,-0.043748,0.084876,0.97485,-0.14314,-0.1623
3691,-0.28476,-0.14249,-0.047971,0.15796,0.90307,-0.2552,-0.1675
3692,-0.26202,-0.12235,-0.044723,0.22292,0.87221,-0.34517,-0.16847
3693,-0.23928,-0.10871,-0.035628,0.2567,0.86701,-0.39974,-0.17205
3694,-0.22889,-0.10514,-0.026858,0.2476,0.84395,-0.41955,-0.19348
3695,-0.23214,-0.11456,-0.021337,0.2096,0.75203,-0.40981,-0.23506
3696,-0.23831,-0.13275,-0.017764,0.15731,0.57826,-0.38122,-0.28573
3697,-0.23896,-0.15353,-0.020037,0.10306,0.36226,-0.34192,-0.32243
3698,-0.22694,-0.16912,-0.028157,0.057267,0.15731,-0.29223,-0.32178
3699,-0.20193,-0.17822,-0.035628,0.029983,-0.012892,-0.23376,-0.27501
3700,-0.17042,-0.17465,-0.037577,0.01829,-0.15516,-0.18017,-0.19543
3701,-0.14119,-0.15808,-0.032705,0.013418,-0.28313,-0.15093,-0.11001
3702,-0.11845,-0.13437,-0.019712,0.0072465,-0.41176,-0.15256,-0.038551
3703,-0.10351,-0.11196,0.0010752,-0.00022403,-0.5537,-0.17952,0.0072465
3704,-0.095068,-0.093769,0.026735,-0.012242,-0.70798,-0.2029,0.032582
3705,-0.089546,-0.076879,0.053694,-0.027508,-0.86194,-0.18471,0.047847
3706,-0.08305,-0.056416,0.081303,-0.036278,-0.98569,-0.10059,0.059865
3707,-0.071357,-0.028807,0.10924,-0.021012,-1.0445,0.041351,0.070909
3708,-0.052518,0.0014,0.13392,0.02641,-1.0217,0.207,0.078704
3709,-0.028482,0.029983,0.15211,0.10047,-0.92365,0.34894,0.082602
3710,-0.0060706,0.05142,0.15731,0.18069,-0.75053,0.43372,0.086824
3711,0.009845,0.06831,0.14594,0.24273,-0.51472,0.44931,0.092671
3712,0.023162,0.078055,0.1245,0.27132,-0.23116,0.40838,0.10371
3713,0.038753,0.07708,0.10371,0.26482,0.062789,0.33693,0.12483
3714,0.066362,0.075131,0.09462,0.23591,0.32978,0.2593,0.16543
3715,0.11216,0.080328,0.10501,0.2057,0.53019,0.19856,0.23494
3716,0.17647,0.10079,0.13295,0.18979,0.60619,0.16933,0.33335
3717,0.25118,0.13555,0.16705,0.19531,0.5133,0.17062,0.44704
3718,0.31614,0.17355,0.20181,0.22032,0.26839,0.18654,0.54773
3719,0.35544,0.19888,0.23266,0.2515,-0.053168,0.18362,0.60359
3720,0.35901,0.19921,0.25507,0.26904,-0.36206,0.13262,0.58865
3721,0.32783,0.17225,0.26417,0.258,-0.58325,0.0433,0.49413
3722,0.27099,0.13067,0.25702,0.21252,-0.67387,-0.038551,0.33823
3723,0.20473,0.087474,0.23526,0.14464,-0.64074,-0.066485,0.16185
3724,0.14691,0.053369,0.20733,0.075456,-0.53323,-0.030431,-0.0063954
3725,0.10306,0.032257,0.17972,0.027385,-0.43189,0.041351,-0.15905
3726,0.06896,0.026735,0.15633,0.0069217,-0.39519,0.11346,-0.2958
3727,0.037778,0.036154,0.1336,0.0020496,-0.43482,0.15731,-0.41143
3728,0.0056225,0.054668,0.11086,-0.011917,-0.51699,0.16153,-0.49393
3729,-0.03238,0.064737,0.089423,-0.04992,-0.59852,0.13165,-0.53226
3730,-0.080776,0.059865,0.067661,-0.10221,-0.64497,0.083251,-0.52251
3731,-0.13372,0.037454,0.044924,-0.15158,-0.64204,0.031607,-0.47834
3732,-0.17627,0.00075039,0.017965,-0.18179,-0.59982,-0.025234,-0.4189
3733,-0.19608,-0.043099,-0.011267,-0.19024,-0.53811,-0.093444,-0.36336
3734,-0.18699,-0.079802,-0.037252,-0.18212,-0.47249,-0.16425,-0.31821
3735,-0.15613,-0.097666,-0.050569,-0.16133,-0.41663,-0.23214,-0.2867
3736,-0.11715,-0.096367,-0.04927,-0.13242,-0.37798,-0.30229,-0.26916
3737,-0.084349,-0.0837,-0.037902,-0.09929,-0.35232,-0.37538,-0.26299
3738,-0.065186,-0.072006,-0.025559,-0.063561,-0.32763,-0.43287,-0.25975
3739,-0.05804,-0.069733,-0.019712,-0.021661,-0.28508,-0.44748,-0.24903
3740,-0.060313,-0.072331,-0.016464,0.021213,-0.19803,-0.4124,-0.22499
3741,-0.06551,-0.070058,-0.014191,0.059865,-0.052518,-0.35069,-0.19121
3742,-0.068109,-0.059339,-0.013216,0.094295,0.13165,-0.30359,-0.15905
3743,-0.062912,-0.039851,-0.010293,0.12613,0.30769,-0.30002,-0.1269
3744,-0.051219,-0.016464,-0.0034721,0.14269,0.4204,-0.33607,-0.09117
3745,-0.036278,0.0046481,0.0017248,0.1219,0.45288,-0.3848,-0.055116
3746,-0.026533,0.022512,-0.0034721,0.054993,0.43567,-0.41858,-0.023285
3747,-0.020037,0.040702,-0.019063,-0.037577,0.42787,-0.4189,0.0033489
3748,-0.0099683,0.057917,-0.040175,-0.1217,0.49056,-0.3705,0.038103
3749,0.011469,0.06831,-0.054467,-0.17237,0.6364,-0.26689,0.092996
3750,0.041351,0.066037,-0.062587,-0.18374,0.81309,-0.12235,0.16673
3751,0.071234,0.054344,-0.064861,-0.16555,0.93035,0.031282,0.24566
3752,0.094295,0.040052,-0.067459,-0.1256,0.91801,0.16283,0.31224
3753,0.10696,0.021863,-0.073955,-0.078827,0.75885,0.25085,0.35284
3754,0.10729,0.0014,-0.079802,-0.038876,0.50063,0.29243,0.36194
3755,0.096893,-0.015165,-0.082725,-0.01484,0.21772,0.29535,0.34277
3756,0.079029,-0.021986,-0.0837,-0.0083442,-0.025884,0.26709,0.3051
3757,0.057592,-0.018413,-0.081426,-0.012242,-0.20355,0.21317,0.2619
3758,0.038428,0.0033489,-0.073955,-0.014191,-0.32341,0.14886,0.22389
3759,0.034206,0.038753,-0.064211,-0.0089938,-0.40363,0.089098,0.20181
3760,0.048172,0.078055,-0.052193,0.0014,-0.45528,0.045574,0.19336
3761,0.074157,0.10696,-0.04115,0.014717,-0.48094,0.022837,0.18816
3762,0.10274,0.11411,-0.03173,0.028034,-0.48094,0.017316,0.18134
3763,0.13295,0.10014,-0.028482,0.040052,-0.4556,0.019264,0.17452
3764,0.15244,0.076755,-0.033354,0.038103,-0.41955,0.014717,0.16673
3765,0.14886,0.057917,-0.043099,0.019589,-0.39064,-0.01484,0.15276
3766,0.11768,0.054019,-0.04862,-0.0047713,-0.37083,-0.071682,0.12872
3767,0.070909,0.066686,-0.046347,-0.023285,-0.34549,-0.1334,0.10112
3768,0.026735,0.08585,-0.036927,-0.028807,-0.29677,-0.17205,0.079029
3769,0.0017248,0.10014,-0.02426,-0.022636,-0.21557,-0.17172,0.070909
3770,0.0046481,0.099492,-0.014191,-0.01549,-0.10968,-0.13632,0.073507
3771,0.028034,0.079029,-0.013216,-0.021986,-0.00054884,-0.077203,0.076106
3772,0.053694,0.045249,-0.021986,-0.047646,0.093321,-0.008669,0.070259
3773,0.072208,0.014717,-0.037902,-0.083375,0.16575,0.062789,0.052395
3774,0.083901,0.0049729,-0.052843,-0.11748,0.21317,0.12028,0.029983
3775,0.094295,0.015692,-0.055766,-0.13827,0.23071,0.14172,0.010819
3776,0.10794,0.036804,-0.04862,-0.13145,0.2109,0.10859,0.0052977
3777,0.11931,0.048497,-0.040825,-0.086948,0.12905,0.02641,0.013093
3778,0.11573,0.037778,-0.037577,-0.0028225,-0.025559,-0.079477,0.020888
3779,0.092996,0.0085458,-0.037252,0.11378,-0.22369,-0.1753,0.015692
3780,0.053369,-0.021337,-0.036927,0.23071,-0.40623,-0.23474,-0.0018481
3781,0.010495,-0.035628,-0.034329,0.30185,-0.5066,-0.24058,-0.025559
3782,-0.025559,-0.024909,-0.028482,0.30542,-0.48808,-0.19121,-0.052518
3783,-0.042449,0.010495,-0.020037,0.2489,-0.35979,-0.095068,-0.07493
3784,-0.039201,0.060515,-0.0037969,0.1651,-0.16588,0.026735,-0.085324
3785,-0.020037,0.10664,0.022512,0.091372,0.036804,0.14399,-0.078827
3786,0.0065969,0.13197,0.053369,0.049796,0.19758,0.22779,-0.059989
3787,0.032582,0.12353,0.072208,0.039727,0.29145,0.26222,-0.038876
3788,0.048172,0.087474,0.075131,0.040702,0.30769,0.2476,-0.031406
3789,0.047198,0.041676,0.067661,0.029658,0.25605,0.20083,-0.040825
3790,0.031607,0.0085458,0.06084,0.0033489,0.16478,0.15373,-0.060963
3791,0.0091954,0.00010078,0.064413,-0.023935,0.077405,0.14269,-0.081426
3792,-0.0093186,0.016991,0.080003,-0.03303,0.030957,0.18849,-0.085324
3793,-0.01549,0.050446,0.10144,-0.01549,0.044924,0.29243,-0.058365
3794,-0.010618,0.087799,0.11931,0.021863,0.10989,0.42852,-0.0044465
3795,0.00075039,0.11086,0.12678,0.061165,0.18687,0.55357,0.060515
3796,0.015367,0.10729,0.11995,0.090397,0.23331,0.61594,0.11346
3797,0.022512,0.073507,0.098842,0.10956,0.22357,0.57631,0.13457
3798,0.017965,0.024137,0.067986,0.11801,0.16445,0.43697,0.11931
3799,0.0020496,-0.020687,0.035505,0.11476,0.071234,0.23754,0.071558
3800,-0.022311,-0.046996,0.009845,0.10242,-0.039851,0.019914,0.0017248
3801,-0.04862,-0.04992,-0.0031473,0.084876,-0.14314,-0.18796,-0.081751
3802,-0.068758,-0.039851,-0.0054209,0.068635,-0.20875,-0.3705,-0.15841
3803,-0.084999,-0.030431,-0.0015233,0.056292,-0.21037,-0.50952,-0.20583
3804,-0.10351,-0.031081,0.0056225,0.050121,-0.13762,-0.58878,-0.21297
3805,-0.12495,-0.042124,0.014717,0.045574,-0.0067202,-0.61508,-0.18439
3806,-0.14866,-0.059339,0.025111,0.044275,0.14919,-0.61671,-0.13372
3807,-0.17367,-0.082076,0.033231,0.047847,0.30412,-0.62028,-0.081101
3808,-0.19673,-0.10709,0.037778,0.05207,0.44151,-0.62288,-0.039851
3809,-0.20843,-0.12852,0.038428,0.049796,0.55032,-0.5865,-0.0089938
3810,-0.19771,-0.13599,0.044599,0.041351,0.61951,-0.47055,0.01764
3811,-0.16165,-0.12495,0.057592,0.028684,0.62568,-0.27696,0.046548
3812,-0.10319,-0.096042,0.080328,0.015042,0.55455,-0.047321,0.07773
3813,-0.034654,-0.052843,0.11086,-0.0060706,0.42917,0.17615,0.11313
3814,0.029333,-0.0037969,0.14594,-0.04115,0.29795,0.37071,0.15601
3815,0.07708,0.040377,0.17939,-0.085973,0.21382,0.53279,0.20603
3816,0.10794,0.07773,0.20213,-0.13177,0.20083,0.66433,0.25865
3817,0.1258,0.10274,0.2057,-0.15711,0.23754,0.75885,0.30639
3818,0.1297,0.11281,0.18622,-0.12495,0.28658,0.80108,0.3366
3819,0.11963,0.10242,0.14496,-0.0073698,0.31192,0.77509,0.33335
3820,0.10209,0.072533,0.087474,0.17387,0.29925,0.67927,0.28658
3821,0.08585,0.033556,0.023812,0.35122,0.26092,0.52596,0.20116
3822,0.081952,0.0056225,-0.028482,0.45028,0.21447,0.33985,0.10014
3823,0.10826,0.0085458,-0.063561,0.44541,0.17485,0.16056,0.019914
3824,0.16965,0.05207,-0.079802,0.35674,0.13977,0.040702,-0.0083442
3825,0.25962,0.131,-0.080127,0.23461,0.089098,0.016991,0.024461
3826,0.36291,0.22909,-0.065835,0.12807,-0.0044465,0.08585,0.10112
3827,0.45646,0.32523,-0.039526,0.069285,-0.14606,0.19304,0.18654
3828,0.51719,0.39409,-0.0057458,0.058566,-0.28638,0.27619,0.2476
3829,0.52499,0.4191,0.024786,0.070584,-0.35037,0.30022,0.26612
3830,0.47627,0.39702,0.045249,0.084876,-0.27046,0.27196,0.24338
3831,0.3876,0.34277,0.055968,0.092671,-0.031406,0.22227,0.19141
3832,0.27976,0.28203,0.056617,0.094295,0.30282,0.18394,0.12872
3833,0.17582,0.23494,0.048822,0.09462,0.63153,0.17647,0.075781
3834,0.10306,0.21025,0.039078,0.10371,0.87578,0.20993,0.050121
3835,0.073832,0.20148,0.029658,0.11638,0.98622,0.2593,0.057917
3836,0.077405,0.19206,0.010819,0.10566,0.92061,0.27002,0.080653
3837,0.090397,0.16153,-0.029457,0.037129,0.66888,0.18719,0.093321
3838,0.086824,0.098842,-0.091495,-0.088572,0.28463,-0.0080194,0.073507
3839,0.05272,0.016666,-0.1597,-0.23311,-0.11813,-0.28053,0.016341
3840,-0.0080194,-0.059989,-0.21037,-0.35167,-0.43319,-0.56052,-0.066485
3841,-0.080776,-0.11618,-0.22661,-0.41046,-0.62288,-0.78496,-0.15516
3842,-0.14736,-0.14931,-0.20453,-0.39649,-0.7187,-0.93469,-0.23441
3843,-0.19089,-0.16295,-0.15808,-0.32178,-0.78041,-1.0185,-0.28703
3844,-0.20518,-0.16295,-0.10449,-0.21947,-0.84927,-1.0591,-0.30587
3845,-0.19186,-0.15646,-0.059339,-0.12268,-0.90221,-1.076,-0.28573
3846,-0.16458,-0.15288,-0.03238,-0.057715,-0.86714,-1.0659,-0.23311
3847,-0.13892,-0.15905,-0.022636,-0.032705,-0.65731,-0.99576,-0.1662
3848,-0.12138,-0.1662,-0.023935,-0.030431,-0.22337,-0.82296,-0.10189
3849,-0.10774,-0.16945,-0.027833,-0.029457,0.39149,-0.52771,-0.043423
3850,-0.096042,-0.16035,-0.027833,-0.020362,1.0375,-0.13567,0.015042
3851,-0.090196,-0.14444,-0.024585,-0.010943,1.5306,0.28236,0.074806
3852,-0.094743,-0.13177,-0.02426,-0.011917,1.7323,0.65037,0.12158
3853,-0.11131,-0.12722,-0.03238,-0.026858,1.6111,0.93002,0.14724
3854,-0.13177,-0.12917,-0.042124,-0.048945,1.2431,1.123,0.15503
3855,-0.14087,-0.1256,-0.041475,-0.059339,0.76892,1.2548,0.16088
3856,-0.1243,-0.10384,-0.017764,-0.040175,0.34147,1.3312,0.1768
3857,-0.074605,-0.053817,0.030957,0.0072465,0.060515,1.3386,0.21317
3858,-0.00022403,0.021863,0.095594,0.066037,-0.053817,1.2681,0.27586
3859,0.081627,0.10989,0.16218,0.11216,-0.050244,1.1295,0.35024
3860,0.14691,0.19076,0.2109,0.12645,-0.011592,0.93327,0.40481
3861,0.17842,0.24695,0.22941,0.10339,-0.018088,0.69194,0.41423
3862,0.17355,0.26319,0.2174,0.054668,-0.11521,0.42105,0.36876
3863,0.14237,0.23266,0.18199,0.0049729,-0.29872,0.14074,0.27846
3864,0.099492,0.16413,0.1362,-0.013216,-0.53453,-0.13697,0.16543
3865,0.060515,0.082602,0.10144,0.0078962,-0.77814,-0.40786,0.05272
3866,0.027709,0.016666,0.0852,0.063438,-0.98634,-0.66218,-0.045372
3867,-0.0011985,-0.016464,0.082927,0.12775,-1.128,-0.87688,-0.12138
3868,-0.030431,-0.019712,0.089748,0.16965,-1.1858,-1.0315,-0.17562
3869,-0.058689,-0.007045,0.099817,0.18037,-1.1611,-1.115,-0.212
3870,-0.079152,0.0078962,0.10761,0.16575,-1.0662,-1.1169,-0.22661
3871,-0.085324,0.015692,0.10924,0.13684,-0.92138,-1.0295,-0.2107
3872,-0.078178,0.009845,0.10696,0.10177,-0.74826,-0.85154,-0.16718
3873,-0.068758,-0.0096434,0.10079,0.062789,-0.56214,-0.60112,-0.12203
3874,-0.072006,-0.038876,0.089423,0.019914,-0.37603,-0.32211,-0.11001
3875,-0.090196,-0.069083,0.072533,-0.014516,-0.21005,-0.063561,-0.14152
3876,-0.11586,-0.087272,0.056617,-0.022636,-0.067459,0.14107,-0.19316
3877,-0.13664,-0.090845,0.048822,-0.0024977,0.066362,0.28073,-0.23311
3878,-0.14119,-0.0824,0.051745,0.034855,0.20798,0.36226,-0.23636
3879,-0.1256,-0.067784,0.061814,0.072208,0.35187,0.40254,-0.19738
3880,-0.094743,-0.050244,0.072208,0.097543,0.48212,0.42138,-0.13177
3881,-0.054467,-0.026533,0.082602,0.10794,0.57696,0.42625,-0.062262
3882,-0.017439,0.00042559,0.090722,0.10274,0.61009,0.41748,-0.0096434
3883,0.008221,0.030308,0.090722,0.080978,0.56754,0.39214,0.015367
3884,0.017965,0.06019,0.082927,0.046548,0.45548,0.33173,0.012443
3885,0.013418,0.081627,0.069934,0.0095202,0.29892,0.2174,-0.015165
3886,0.0033489,0.087799,0.053694,-0.011592,0.12613,0.03518,-0.062912
3887,-0.0089938,0.078704,0.036479,-0.0028225,-0.027508,-0.20096,-0.12008
3888,-0.02361,0.059541,0.023812,0.040377,-0.12495,-0.45236,-0.174
3889,-0.042774,0.034855,0.021863,0.10014,-0.14184,-0.67712,-0.2159
3890,-0.059339,0.011794,0.028034,0.14951,-0.059989,-0.84797,-0.24091
3891,-0.06681,-0.0057458,0.03518,0.1651,0.11313,-0.94509,-0.24448
3892,-0.067784,-0.021661,0.031932,0.13847,0.31776,-0.97562,-0.23116
3893,-0.073631,-0.039201,0.011144,0.063763,0.45646,-0.95776,-0.21102
3894,-0.094093,-0.058689,-0.026533,-0.054142,0.44834,-0.90124,-0.19576
3895,-0.1256,-0.077203,-0.072006,-0.18439,0.27911,-0.81257,-0.19089
3896,-0.15386,-0.086948,-0.11391,-0.28508,0.008221,-0.70246,-0.19413
3897,-0.16165,-0.08305,-0.14249,-0.32406,-0.24805,-0.57124,-0.19543
3898,-0.14249,-0.068758,-0.15191,-0.2932,-0.38057,-0.38902,-0.18244
3899,-0.10416,-0.048296,-0.14769,-0.2146,-0.35459,-0.13372,-0.14476
3900,-0.061613,-0.027183,-0.13827,-0.1243,-0.23311,0.17647,-0.084999
3901,-0.03303,-0.012567,-0.12463,-0.054792,-0.12917,0.47952,-0.021661
3902,-0.029782,-0.015165,-0.10838,-0.020687,-0.1321,0.70169,0.029009
3903,-0.051219,-0.035628,-0.090521,-0.01549,-0.25975,0.79913,0.057592
3904,-0.083375,-0.061288,-0.072981,-0.015815,-0.47184,0.76697,0.071558
3905,-0.10514,-0.077528,-0.056091,-0.0028225,-0.70278,0.63348,0.080003
3906,-0.10449,-0.071357,-0.038227,0.028359,-0.88955,0.44281,0.0852
3907,-0.076879,-0.045047,-0.021986,0.074482,-0.97562,0.23818,0.084551
3908,-0.030106,-0.0067202,-0.0099683,0.12125,-0.92852,0.049796,0.077405
3909,0.020888,0.032257,-0.0057458,0.14821,-0.76709,-0.10319,0.066686
3910,0.060515,0.065062,-0.010943,0.14399,-0.54752,-0.2029,0.062789
3911,0.07708,0.086175,-0.02361,0.11248,-0.32958,-0.22564,0.072208
3912,0.073507,0.094945,-0.041475,0.071883,-0.15808,-0.15873,0.097543
3913,0.060515,0.094945,-0.056416,0.039078,-0.047646,-0.011592,0.13652
3914,0.046873,0.086175,-0.063886,0.01829,0.016666,0.18687,0.18459
3915,0.038103,0.073507,-0.062587,0.0046481,0.057592,0.40124,0.23006
3916,0.036154,0.056292,-0.057715,-0.0050961,0.078704,0.59125,0.25962
3917,0.038428,0.03583,-0.051868,-0.008669,0.073182,0.72734,0.26514
3918,0.043625,0.016666,-0.051544,-0.0054209,0.04395,0.79393,0.24923
3919,0.054019,-0.0011985,-0.053492,-0.00087364,0.023162,0.79393,0.22032
3920,0.071883,-0.012892,-0.054142,0.00042559,0.0433,0.73969,0.19563
3921,0.096244,-0.014191,-0.052193,0.00010078,0.10534,0.64062,0.18459
3922,0.1258,-0.0041217,-0.048296,-0.0034721,0.1677,0.50972,0.18297
3923,0.15081,0.009845,-0.041475,-0.0054209,0.17874,0.36713,0.18199
3924,0.16705,0.022512,-0.029132,0.0052977,0.10664,0.22779,0.1742
3925,0.17485,0.039078,-0.01549,0.037778,-0.043748,0.10079,0.15796
3926,0.18167,0.065062,0.0026992,0.090397,-0.22044,-0.011267,0.14399
3927,0.19369,0.10144,0.025436,0.15276,-0.33543,-0.097991,0.13912
3928,0.21512,0.14237,0.050771,0.21512,-0.31561,-0.14411,0.14172
3929,0.24338,0.17647,0.067986,0.26125,-0.16133,-0.13404,0.14334
3930,0.27424,0.19434,0.069934,0.27424,0.037129,-0.059339,0.14854
3931,0.29665,0.19921,0.055318,0.24501,0.1677,0.074806,0.16315
3932,0.29957,0.20051,0.037454,0.18069,0.17257,0.24695,0.19336
3933,0.28268,0.20408,0.02706,0.10469,0.063113,0.41261,0.22844
3934,0.25313,0.2109,0.028359,0.035505,-0.10774,0.53279,0.25475
3935,0.21707,0.21447,0.03583,-0.020037,-0.28248,0.5906,0.26384
3936,0.17615,0.20765,0.042975,-0.060313,-0.41338,0.59255,0.25637
3937,0.13555,0.18914,0.043625,-0.089221,-0.46632,0.55552,0.23136
3938,0.098842,0.16153,0.03518,-0.11261,-0.41793,0.47919,0.18687
3939,0.06961,0.131,0.01894,-0.13437,-0.28248,0.35284,0.12807
3940,0.048822,0.10242,0.0036737,-0.14769,-0.10319,0.18557,0.06961
3941,0.036804,0.07773,-0.0060706,-0.14639,0.06896,-0.0024977,0.032257
3942,0.031932,0.058241,-0.0080194,-0.13534,0.19271,-0.20518,0.016666
3943,0.02706,0.046873,-0.0044465,-0.11521,0.26384,-0.42442,0.011469
3944,0.02641,0.047847,0.0056225,-0.079477,0.31874,-0.63295,0.0095202
3945,0.038428,0.066037,0.024137,-0.024909,0.40189,-0.79438,0.0091954
3946,0.06831,0.10177,0.053369,0.047523,0.51687,-0.89409,0.0069217
3947,0.11216,0.14854,0.093645,0.12937,0.6325,-0.95418,-0.0050961
3948,0.15893,0.19174,0.14009,0.20798,0.71793,-0.99251,-0.019388
3949,0.19888,0.21902,0.18784,0.27034,0.78516,-0.99478,-0.020687
3950,0.22259,0.22194,0.23104,0.31289,0.86864,-0.93437,0.00010078
3951,0.22649,0.19336,0.26125,0.3379,0.9794,-0.79081,0.042001
3952,0.21805,0.13847,0.27391,0.3457,1.0742,-0.57903,0.10306
3953,0.20473,0.068635,0.27099,0.33498,1.0908,-0.35102,0.16413
3954,0.18979,-0.0021729,0.25507,0.31257,0.99726,-0.16945,0.19693
3955,0.16803,-0.062262,0.22682,0.28496,0.82089,-0.045372,0.18362
3956,0.12743,-0.10903,0.18849,0.25637,0.61951,0.037129,0.1206
3957,0.060515,-0.14249,0.14951,0.22877,0.44346,0.07708,0.015692
3958,-0.019063,-0.1597,0.11281,0.20376,0.31679,0.062789,-0.11098
3959,-0.088247,-0.161,0.083901,0.18264,0.24371,0.0010752,-0.22337
3960,-0.12625,-0.14379,0.063763,0.1638,0.22552,-0.076229,-0.29158
3961,-0.12852,-0.10709,0.054993,0.15081,0.24858,-0.13502,-0.30262
3962,-0.10579,-0.055441,0.06019,0.14432,0.28073,-0.14801,-0.26299
3963,-0.076879,0.003024,0.080328,0.14237,0.27781,-0.099615,-0.18861
3964,-0.052193,0.062139,0.10794,0.13912,0.21252,0.00042559,-0.11521
3965,-0.043423,0.11216,0.13165,0.12158,0.096569,0.12613,-0.075904
3966,-0.050244,0.14561,0.14659,0.086175,-0.038551,0.25572,-0.082725
3967,-0.069408,0.15958,0.15016,0.038753,-0.16685,0.37818,-0.11878
3968,-0.088896,0.14789,0.14237,-0.0089938,-0.26332,0.50323,-0.15646
3969,-0.10286,0.10696,0.12872,-0.043423,-0.30522,0.64062,-0.17042
3970,-0.11423,0.033231,0.10664,-0.061613,-0.27826,0.78289,-0.15548
3971,-0.13242,-0.064861,0.072208,-0.06551,-0.18634,0.89527,-0.12365
3972,-0.15353,-0.16393,0.028684,-0.064211,-0.06681,0.95439,-0.090845
3973,-0.16393,-0.23701,-0.017114,-0.062262,0.021538,0.95309,-0.06681
3974,-0.14899,-0.26007,-0.054467,-0.061288,0.030633,0.88715,-0.051219
3975,-0.10514,-0.22304,-0.079152,-0.057715,-0.043423,0.75106,-0.040175
3976,-0.043099,-0.13827,-0.085648,-0.052518,-0.16588,0.54513,-0.034329
3977,0.019264,-0.033354,-0.072656,-0.046022,-0.28411,0.29373,-0.031406
3978,0.066037,0.056617,-0.047321,-0.043099,-0.36758,0.044924,-0.030106
3979,0.084876,0.10794,-0.022961,-0.045372,-0.41273,-0.15711,-0.028482
3980,0.079679,0.11963,-0.007045,-0.050894,-0.41728,-0.28443,-0.022636
3981,0.065062,0.10534,0.0020496,-0.055441,-0.37148,-0.32666,-0.0073698
3982,0.060515,0.079029,0.0065969,-0.05739,-0.27891,-0.29353,0.022837
3983,0.066686,0.050121,0.0033489,-0.053817,-0.14639,-0.19283,0.06896
3984,0.074157,0.025111,-0.0080194,-0.047321,-0.0054209,-0.045372,0.12223
3985,0.070909,0.0033489,-0.028157,-0.044073,0.086175,0.10729,0.16283
3986,0.051745,-0.010618,-0.054792,-0.045047,0.089423,0.22,0.18297
3987,0.01829,-0.015165,-0.078178,-0.050569,0.015367,0.27326,0.18264
3988,-0.022636,-0.014191,-0.09182,-0.05804,-0.068434,0.28853,0.1651
3989,-0.060313,-0.010943,-0.095068,-0.059339,-0.075904,0.29697,0.131
3990,-0.084999,-0.0024977,-0.090521,-0.046671,0.038428,0.30769,0.082602
3991,-0.093444,0.014392,-0.086298,-0.018088,0.25313,0.31776,0.022512
3992,-0.088572,0.033231,-0.084674,0.01764,0.49543,0.32783,-0.04115
3993,-0.077203,0.039727,-0.084674,0.049147,0.6796,0.34505,-0.090196
3994,-0.067459,0.022837,-0.085973,0.064088,0.74456,0.36746,-0.10319
3995,-0.062912,-0.019388,-0.086948,0.05207,0.67797,0.38013,-0.075904
3996,-0.063237,-0.077203,-0.092794,0.014392,0.50713,0.36259,-0.026533
3997,-0.062912,-0.13502,-0.10481,-0.035303,0.28593,0.30087,0.021538
3998,-0.056416,-0.1727,-0.11943,-0.08305,0.064088,0.19336,0.046873
3999,-0.047646,-0.17854,-0.13145,-0.1217,-0.12105,0.053044,0.036804
4000,-0.045372,-0.15386,-0.13664,-0.14931,-0.25033,-0.090845,-0.012892
4001,-0.056741,-0.11001,-0.13275,-0.16815,-0.32698,-0.20843,-0.098316
4002,-0.081426,-0.06616,-0.12235,-0.17887,-0.37408,-0.28183,-0.2068
4003,-0.11033,-0.0405,-0.11196,-0.18212,-0.41143,-0.30684,-0.31301
4004,-0.12755,-0.037902,-0.10871,-0.17659,-0.44326,-0.29158,-0.38674
4005,-0.123,-0.050569,-0.11521,-0.16588,-0.46665,-0.2578,-0.40916
4006,-0.092794,-0.063561,-0.12592,-0.14964,-0.48614,-0.24221,-0.38577
4007,-0.044073,-0.063237,-0.13567,-0.12917,-0.5027,-0.27046,-0.3325
4008,0.010495,-0.043748,-0.13762,-0.10124,-0.51374,-0.34549,-0.26202
4009,0.061165,-0.0037969,-0.12527,-0.06616,-0.50562,-0.44391,-0.18407
4010,0.10177,0.048822,-0.096367,-0.028157,-0.45625,-0.52284,-0.10644
4011,0.13197,0.10631,-0.055116,0.009845,-0.35556,-0.55402,-0.032055
4012,0.15601,0.16543,-0.011267,0.042975,-0.22272,-0.52284,0.033881
4013,0.1781,0.21935,0.026735,0.065387,-0.094743,-0.42507,0.088773
4014,0.19466,0.25865,0.05207,0.071883,-0.0021729,-0.27761,0.1336
4015,0.20148,0.27684,0.061165,0.061489,0.042326,-0.12235,0.17647
4016,0.19888,0.26709,0.054019,0.037778,0.045249,-0.0083442,0.22097
4017,0.18849,0.23429,0.039727,0.016016,0.014068,0.017965,0.26482
4018,0.17355,0.18914,0.026735,0.0020496,-0.039851,-0.054792,0.29762
4019,0.15114,0.1362,0.01764,-0.008669,-0.097666,-0.20518,0.30834
4020,0.11248,0.080978,0.010495,-0.018413,-0.14184,-0.38642,0.28853
4021,0.054344,0.028684,0.0017248,-0.026533,-0.16003,-0.55435,0.23754
4022,-0.014516,-0.015815,-0.0044465,-0.034978,-0.15613,-0.68394,0.15893
4023,-0.075579,-0.044723,-0.0011985,-0.047646,-0.15451,-0.77424,0.067986
4024,-0.11098,-0.04862,0.014392,-0.060638,-0.18244,-0.84148,-0.019712
4025,-0.11261,-0.024909,0.039078,-0.063886,-0.25098,-0.88922,-0.087597
4026,-0.081426,0.020564,0.073832,-0.043748,-0.34549,-0.89604,-0.1191
4027,-0.027183,0.071883,0.11573,0.0056225,-0.42994,-0.82913,-0.10676
4028,0.026735,0.10761,0.15763,0.06831,-0.46892,-0.66998,-0.061937
4029,0.066362,0.11573,0.18751,0.12158,-0.43384,-0.43384,-0.013541
4030,0.084876,0.095919,0.19563,0.15146,-0.288,-0.1688,0.0069217
4031,0.086824,0.063763,0.18394,0.15796,-0.019388,0.065062,-0.0096434
4032,0.076755,0.036154,0.1651,0.15211,0.32946,0.22422,-0.046347
4033,0.061165,0.023162,0.14756,0.14432,0.66661,0.29568,-0.076879
4034,0.047523,0.020888,0.13132,0.14074,0.88553,0.29178,-0.084349
4035,0.034855,0.021538,0.11378,0.13977,0.91671,0.23494,-0.071032
4036,0.022837,0.016666,0.097868,0.13327,0.7647,0.15244,-0.052843
4037,0.013743,0.0085458,0.089748,0.12223,0.49348,0.076431,-0.034978
4038,0.017316,0.0052977,0.092996,0.11703,0.19693,0.033556,-0.010293
4039,0.03453,0.013418,0.10729,0.11898,-0.04992,0.029983,0.026085
4040,0.058891,0.027385,0.12515,0.1219,-0.21427,0.053369,0.072533
4041,0.079679,0.039078,0.14204,0.12483,-0.29872,0.076755,0.11313
4042,0.085525,0.045574,0.15309,0.1284,-0.3286,0.075456,0.13555
4043,0.075456,0.043625,0.15568,0.13165,-0.31789,0.039402,0.13587
4044,0.057267,0.030633,0.14724,0.12905,-0.26137,-0.01549,0.12223
4045,0.042326,0.0069217,0.12743,0.11443,-0.16133,-0.052518,0.10891
4046,0.036804,-0.021337,0.10339,0.090722,-0.035303,-0.045372,0.10599
4047,0.039727,-0.041799,0.083251,0.067661,0.090397,0.0062721,0.11216
4048,0.047198,-0.04992,0.069934,0.047523,0.19466,0.073507,0.11898
4049,0.055318,-0.050244,0.058241,0.03583,0.26709,0.12937,0.1232
4050,0.058241,-0.049595,0.046873,0.033231,0.30315,0.1625,0.12548
4051,0.05272,-0.04992,0.038103,0.037129,0.29665,0.17745,0.12743
4052,0.03583,-0.051544,0.027709,0.040052,0.2463,0.18329,0.12872
4053,0.013093,-0.054467,0.01764,0.036154,0.16315,0.19044,0.12905
4054,-0.008669,-0.058365,0.0075714,0.02641,0.070259,0.20538,0.13067
4055,-0.027833,-0.061613,-0.00087364,0.014392,-0.0028225,0.23948,0.13977
4056,-0.046671,-0.060638,-0.0067202,0.0069217,-0.03173,0.29373,0.15633
4057,-0.063561,-0.055441,-0.0093186,-0.00022403,-0.018413,0.36226,0.1703
4058,-0.078827,-0.04927,-0.012892,-0.0076946,0.010495,0.43242,0.16933
4059,-0.095068,-0.048296,-0.018088,-0.012567,0.011794,0.51037,0.15016
4060,-0.11228,-0.054792,-0.025559,-0.010618,-0.036927,0.62406,0.12645
4061,-0.13015,-0.062262,-0.03303,0.0056225,-0.12138,0.78841,0.11281
4062,-0.14184,-0.061288,-0.037902,0.033556,-0.19283,0.98069,0.11573
4063,-0.14249,-0.046671,-0.038876,0.064088,-0.21167,1.135,0.1336
4064,-0.1321,-0.02361,-0.030756,0.089423,-0.17432,1.1821,0.16153
4065,-0.11423,-0.0018481,-0.01484,0.10404,-0.11261,1.082,0.18914
4066,-0.096692,0.011794,0.0049729,0.10794,-0.067134,0.85045,0.20733
4067,-0.09182,0.017316,0.016991,0.10014,-0.060638,0.5474,0.21577
4068,-0.10936,0.012119,0.015367,0.078379,-0.086623,0.2463,0.21188
4069,-0.15386,-0.0093186,-0.0015233,0.041027,-0.12073,0.013093,0.19076
4070,-0.22239,-0.046996,-0.028482,0.0026992,-0.12398,-0.11196,0.15406
4071,-0.31009,-0.098316,-0.059664,-0.02361,-0.079152,-0.14444,0.10209
4072,-0.39974,-0.15516,-0.08305,-0.034978,0.0039985,-0.14087,0.036804
4073,-0.47087,-0.2016,-0.095393,-0.036927,0.10436,-0.16425,-0.037252
4074,-0.504,-0.22694,-0.098316,-0.034329,0.19693,-0.2435,-0.11066
4075,-0.48841,-0.22174,-0.094743,-0.033354,0.26384,-0.38447,-0.17465
4076,-0.4267,-0.18991,-0.090196,-0.033354,0.30282,-0.58228,-0.23181
4077,-0.3312,-0.14087,-0.084674,-0.031081,0.31386,-0.82426,-0.28573
4078,-0.22402,-0.079802,-0.076229,-0.027183,0.3025,-1.0799,-0.33543
4079,-0.1178,-0.01614,-0.067784,-0.025559,0.27944,-1.2936,-0.37343
4080,-0.019712,0.041351,-0.059989,-0.028482,0.24695,-1.4148,-0.39032
4081,0.06831,0.086175,-0.052518,-0.036278,0.20213,-1.4242,-0.38122
4082,0.14529,0.11801,-0.045372,-0.042774,0.14269,-1.3297,-0.35102
4083,0.20863,0.13879,-0.04115,-0.035953,0.09462,-1.1416,-0.2971
4084,0.2606,0.15471,-0.037252,-0.010293,0.099167,-0.85317,-0.2133
4085,0.30704,0.17062,-0.031406,0.019589,0.18362,-0.45723,-0.10124
4086,0.35382,0.19336,-0.021012,0.034855,0.33335,-0.0021729,0.01764
4087,0.40741,0.22227,-0.0093186,0.028359,0.49056,0.4191,0.11378
4088,0.47107,0.26125,0.0036737,0.0039985,0.58021,0.73124,0.17582
4089,0.54448,0.31484,0.017965,-0.025234,0.5552,0.89787,0.20798
4090,0.61756,0.3798,0.032582,-0.0405,0.42657,0.91703,0.22779
4091,0.67343,0.44021,0.046873,-0.022636,0.2593,0.81504,0.25313
4092,0.69876,0.47757,0.061814,0.034206,0.1297,0.6416,0.2921
4093,0.68804,0.48341,0.076106,0.10469,0.071558,0.4597,0.33433
4094,0.64289,0.45581,0.084551,0.14756,0.065387,0.32426,0.36259
4095,0.56754,0.40449,0.084551,0.1297,0.056292,0.26514,0.36583
4096,0.47724,0.34082,0.073832,0.05207,0.0026992,0.27456,0.3431
4097,0.38825,0.27229,0.058241,-0.039851,-0.11261,0.30672,0.30152
4098,0.30834,0.20733,0.044924,-0.089546,-0.27339,0.31322,0.25865
4099,0.24436,0.15536,0.039402,-0.065186,-0.44131,0.27489,0.22487
4100,0.19304,0.11703,0.040377,0.022188,-0.57156,0.22162,0.20213
4101,0.15081,0.087799,0.044924,0.13457,-0.6362,0.19758,0.18264
4102,0.11183,0.064413,0.048172,0.22487,-0.63457,0.22032,0.15633
4103,0.077405,0.048172,0.047198,0.26255,-0.58455,0.28073,0.12288
4104,0.049796,0.037454,0.045574,0.25085,-0.51764,0.347,0.089098
4105,0.03453,0.02641,0.047198,0.21447,-0.47087,0.39831,0.068635
4106,0.036154,0.016341,0.053044,0.18264,-0.4647,0.42073,0.06961
4107,0.053044,0.012768,0.063438,0.16673,-0.49523,0.41131,0.087474
4108,0.076431,0.020888,0.082277,0.16348,-0.52024,0.37136,0.10696
4109,0.093645,0.042326,0.10501,0.16023,-0.49328,0.30932,0.11573
4110,0.092671,0.078055,0.13035,0.15146,-0.40818,0.23559,0.10859
4111,0.067986,0.12548,0.15309,0.13684,-0.30619,0.14789,0.086175
4112,0.029333,0.16998,0.1677,0.10891,-0.24156,0.030957,0.050771
4113,-0.0067202,0.18914,0.16868,0.068635,-0.2435,-0.13599,0.0039985
4114,-0.026209,0.16738,0.15536,0.025761,-0.30165,-0.35232,-0.049595
4115,-0.019712,0.10989,0.1323,-0.0063954,-0.38057,-0.5878,-0.10254
4116,0.011794,0.036804,0.10501,-0.019388,-0.44424,-0.78236,-0.14899
4117,0.054668,-0.02361,0.080653,-0.014191,-0.4673,-0.87331,-0.17984
4118,0.088448,-0.057715,0.062139,0.0010752,-0.43612,-0.82459,-0.18959
4119,0.097218,-0.065186,0.045249,0.019589,-0.35102,-0.65861,-0.17724
4120,0.075131,-0.061613,0.025761,0.030633,-0.23506,-0.43352,-0.15483
4121,0.025111,-0.060638,0.003024,0.023162,-0.11488,-0.18731,-0.13697
4122,-0.040175,-0.070058,-0.021337,-0.0034721,0.0010752,0.079029,-0.12755
4123,-0.10838,-0.091495,-0.041799,-0.036927,0.14529,0.38695,-0.12463
4124,-0.17594,-0.12203,-0.055116,-0.067134,0.38954,0.73449,-0.1295
4125,-0.24156,-0.14801,-0.061613,-0.085324,0.77639,1.0859,-0.13762
4126,-0.2945,-0.1636,-0.059014,-0.092469,1.2597,1.3786,-0.14379
4127,-0.32113,-0.1675,-0.046996,-0.092794,1.7102,1.5494,-0.14606
4128,-0.32113,-0.1623,-0.033354,-0.094743,1.984,1.5507,-0.14379
4129,-0.301,-0.15483,-0.02361,-0.09182,1.9951,1.3705,-0.13502
4130,-0.27079,-0.15288,-0.021986,-0.079477,1.742,1.046,-0.11261
4131,-0.23928,-0.15483,-0.022961,-0.056741,1.2997,0.65524,-0.069083
4132,-0.20972,-0.15223,-0.018088,-0.030431,0.78256,0.28203,-0.011917
4133,-0.18471,-0.13859,-0.0015233,-0.0067202,0.3012,-0.013541,0.044275
4134,-0.1662,-0.11456,0.024137,0.012119,-0.063237,-0.21167,0.0852
4135,-0.15061,-0.084999,0.054993,0.02641,-0.27404,-0.31626,0.10404
4136,-0.13892,-0.057715,0.082927,0.042001,-0.33607,-0.34322,0.10794
4137,-0.1308,-0.038227,0.10144,0.062464,-0.2893,-0.31756,0.10209
4138,-0.12268,-0.026533,0.10729,0.083576,-0.19121,-0.27176,0.098193
4139,-0.10936,-0.01549,0.098842,0.098193,-0.077853,-0.23863,0.10274
4140,-0.089221,0.00075039,0.080003,0.099817,0.048822,-0.23474,0.11346
4141,-0.06551,0.022837,0.059541,0.090072,0.19304,-0.24675,0.12548
4142,-0.038551,0.050446,0.046223,0.076431,0.33043,-0.2526,0.13425
4143,-0.012892,0.078704,0.042326,0.065712,0.40676,-0.24253,0.13912
4144,0.0078962,0.10501,0.0433,0.063113,0.3759,-0.23344,0.14074
4145,0.025761,0.1284,0.045899,0.067661,0.22779,-0.2461,0.131
4146,0.043625,0.14724,0.046873,0.076431,-0.011267,-0.28638,0.10534
4147,0.06019,0.15893,0.041351,0.081952,-0.28735,-0.33965,0.073182
4148,0.071558,0.15796,0.032257,0.076755,-0.54135,-0.37603,0.047847
4149,0.078055,0.14756,0.024786,0.062789,-0.73786,-0.36173,0.037778
4150,0.083251,0.13165,0.023487,0.044275,-0.86746,-0.28378,0.046548
4151,0.084551,0.11054,0.024461,0.022188,-0.9269,-0.15711,0.061814
4152,0.076431,0.087474,0.026085,-0.0050961,-0.91943,-0.030431,0.065062
4153,0.057592,0.064413,0.021213,-0.034329,-0.85966,0.044599,0.054344
4154,0.028684,0.0433,0.003024,-0.057065,-0.76125,0.048172,0.042651
4155,-0.0021729,0.017316,-0.025234,-0.062262,-0.64139,-0.0031473,0.048172
4156,-0.027508,-0.010618,-0.056741,-0.045372,-0.51504,-0.085973,0.068635
4157,-0.046347,-0.029132,-0.084024,-0.012567,-0.39357,-0.18796,0.088124
4158,-0.054467,-0.037252,-0.10709,0.020239,-0.28995,-0.30424,0.091047
4159,-0.053817,-0.039526,-0.12398,0.040052,-0.21297,-0.42605,0.069934
4160,-0.050569,-0.045047,-0.13697,0.042001,-0.1727,-0.52219,0.038428
4161,-0.051219,-0.060638,-0.14704,0.030957,-0.18407,-0.55694,0.010495
4162,-0.059989,-0.090196,-0.15646,0.015042,-0.25715,-0.51537,-0.008669
4163,-0.077528,-0.12365,-0.16847,-0.0018481,-0.38025,-0.42345,-0.027183
4164,-0.10059,-0.15029,-0.18114,-0.015815,-0.52609,-0.3351,-0.052843
4165,-0.1204,-0.16165,-0.19056,-0.027183,-0.65958,-0.27534,-0.088896
4166,-0.13145,-0.15158,-0.18829,-0.038551,-0.73526,-0.22467,-0.12657
4167,-0.1321,-0.12268,-0.16815,-0.050244,-0.70928,-0.161,-0.15711
4168,-0.12495,-0.084674,-0.1321,-0.062587,-0.57838,-0.098316,-0.18114
4169,-0.11715,-0.04927,-0.092145,-0.075904,-0.38902,-0.070382,-0.20713
4170,-0.11261,-0.028807,-0.062262,-0.086623,-0.20388,-0.091495,-0.23214
4171,-0.11196,-0.025559,-0.044398,-0.089871,-0.047321,-0.15158,-0.24838
4172,-0.11293,-0.034654,-0.035303,-0.079802,0.096244,-0.22012,-0.25033
4173,-0.10709,-0.050244,-0.024909,-0.051219,0.26612,-0.25942,-0.24058
4174,-0.09182,-0.067459,-0.0063954,-0.0047713,0.50615,-0.23214,-0.22077
4175,-0.069733,-0.080451,0.020564,0.050446,0.82804,-0.11358,-0.19608
4176,-0.043748,-0.085973,0.051745,0.098193,1.1662,0.077405,-0.17627
4177,-0.017114,-0.078827,0.079679,0.1284,1.4062,0.27456,-0.17075
4178,0.0075714,-0.059339,0.096569,0.13879,1.4666,0.40189,-0.17822
4179,0.03518,-0.030431,0.10274,0.13392,1.338,0.40286,-0.18666
4180,0.067011,0.00042559,0.10242,0.12223,1.0739,0.28366,-0.18342
4181,0.093321,0.022512,0.10014,0.11248,0.76437,0.099817,-0.15905
4182,0.10794,0.027709,0.097868,0.10469,0.50128,-0.073631,-0.11391
4183,0.10144,0.011794,0.092996,0.096893,0.3366,-0.18212,-0.05804
4184,0.075456,-0.019388,0.084876,0.085525,0.28561,-0.21687,-0.0041217
4185,0.02641,-0.056091,0.078055,0.06961,0.32751,-0.21135,0.030308
4186,-0.041799,-0.087272,0.072533,0.0433,0.40838,-0.21265,0.029658
4187,-0.1178,-0.11326,0.064413,0.008221,0.46068,-0.25325,-0.007045
4188,-0.17984,-0.13502,0.053369,-0.024585,0.43145,-0.33705,-0.064536
4189,-0.21037,-0.15191,0.042975,-0.047971,0.30802,-0.44294,-0.11651
4190,-0.2055,-0.16035,0.03583,-0.05804,0.10144,-0.53713,-0.14216
4191,-0.17107,-0.15905,0.035505,-0.054142,-0.16685,-0.57156,-0.13957
4192,-0.123,-0.14899,0.044599,-0.0405,-0.4634,-0.49913,-0.10351
4193,-0.076879,-0.1308,0.058566,-0.019712,-0.73916,-0.29028,-0.030106
4194,-0.039851,-0.10644,0.070259,0.00042559,-0.93892,0.03518,0.071234
4195,-0.012242,-0.077528,0.07773,0.0036737,-1.0217,0.40319,0.18069
4196,0.013743,-0.047321,0.082277,-0.019712,-0.98082,0.70233,0.27911
4197,0.05207,-0.020037,0.086824,-0.061937,-0.83595,0.84103,0.35349
4198,0.10761,0.0088706,0.09397,-0.10319,-0.62548,0.79945,0.39669
4199,0.17452,0.044924,0.10047,-0.1334,-0.39876,0.62925,0.41293
4200,0.24273,0.092996,0.10534,-0.15288,-0.17919,0.39669,0.40903
4201,0.30152,0.15698,0.11313,-0.16263,0.042975,0.1677,0.38695
4202,0.34862,0.23689,0.12418,-0.15873,0.29633,0.0043233,0.34212
4203,0.3824,0.31711,0.13457,-0.13859,0.5971,-0.0405,0.26904
4204,0.40319,0.37948,0.14172,-0.096692,0.90209,0.046223,0.16575
4205,0.41553,0.41163,0.14172,-0.027833,1.1269,0.2096,0.050446
4206,0.4256,0.41748,0.13587,0.066686,1.1938,0.34959,-0.04992
4207,0.43307,0.40936,0.12872,0.17127,1.0762,0.38272,-0.11098
4208,0.43469,0.39507,0.12645,0.26612,0.80432,0.28885,-0.1217
4209,0.4256,0.37655,0.13165,0.34082,0.45678,0.11054,-0.096367
4210,0.39961,0.35479,0.14172,0.38792,0.13327,-0.081101,-0.052843
4211,0.35804,0.32978,0.15049,0.40546,-0.086623,-0.22791,-0.0050961
4212,0.31354,0.30704,0.15406,0.39669,-0.16815,-0.28995,0.042001
4213,0.27781,0.29015,0.14691,0.36518,-0.12495,-0.2552,0.088773
4214,0.25183,0.27619,0.12548,0.31906,-0.01614,-0.14411,0.13262
4215,0.23526,0.25995,0.096244,0.26612,0.048172,-0.012242,0.17582
4216,0.22714,0.24013,0.065712,0.21642,-0.036927,0.079679,0.2174
4217,0.22,0.21512,0.038753,0.18167,-0.2971,0.089423,0.25215
4218,0.207,0.18751,0.021538,0.15893,-0.64919,0.015692,0.26547
4219,0.17777,0.15568,0.01017,0.13749,-0.95873,-0.10351,0.24143
4220,0.1245,0.11833,0.0026992,0.10924,-1.1315,-0.22629,0.17062
4221,0.056617,0.079354,-0.0018481,0.075131,-1.1728,-0.32893,0.054344
4222,-0.013541,0.041676,-0.011267,0.03518,-1.1595,-0.41013,-0.086948
4223,-0.071682,0.013743,-0.032055,-0.0083442,-1.1653,-0.48094,-0.22272
4224,-0.10968,-0.0034721,-0.064861,-0.050894,-1.2007,-0.54525,-0.31918
4225,-0.1269,-0.0054209,-0.095393,-0.081101,-1.2082,-0.59105,-0.35491
4226,-0.12982,0.0039985,-0.11293,-0.092469,-1.1228,-0.60339,-0.33088
4227,-0.1256,0.019264,-0.11618,-0.09117,-0.91066,-0.57124,-0.26981
4228,-0.1217,0.032582,-0.10774,-0.085648,-0.56896,-0.49296,-0.20908
4229,-0.12463,0.036154,-0.094093,-0.085324,-0.12235,-0.38317,-0.1753
4230,-0.13502,0.026735,-0.080776,-0.091495,0.36194,-0.27339,-0.17335
4231,-0.14834,-0.00022403,-0.068758,-0.098316,0.79003,-0.19056,-0.17724
4232,-0.16198,-0.042774,-0.062912,-0.10449,1.1028,-0.14574,-0.15548
4233,-0.17497,-0.099615,-0.065186,-0.10644,1.3068,-0.11423,-0.094093
4234,-0.18959,-0.16523,-0.072006,-0.10156,1.4559,-0.052518,-0.012567
4235,-0.20843,-0.22824,-0.077203,-0.098965,1.6092,0.062464,0.062139
4236,-0.23506,-0.27631,-0.077203,-0.10189,1.7687,0.22844,0.10566
4237,-0.26949,-0.30587,-0.075255,-0.10579,1.8765,0.40514,0.11151
4238,-0.30944,-0.32113,-0.077203,-0.11261,1.8632,0.53149,0.084876
4239,-0.34647,-0.32438,-0.091495,-0.12527,1.6855,0.56786,0.039727
4240,-0.36921,-0.31464,-0.11618,-0.14606,1.3477,0.51687,-0.0099683
4241,-0.36726,-0.2906,-0.14509,-0.1701,0.92061,0.41748,-0.049595
4242,-0.33705,-0.25195,-0.16685,-0.18731,0.52174,0.32848,-0.062262
4243,-0.28638,-0.20031,-0.17594,-0.18894,0.26319,0.30282,-0.040175
4244,-0.22142,-0.13729,-0.17205,-0.17919,0.18524,0.36583,0.0095202
4245,-0.14411,-0.066485,-0.15256,-0.16068,0.24566,0.50128,0.072858
4246,-0.054142,0.0085458,-0.11651,-0.12982,0.36486,0.66303,0.13847
4247,0.042326,0.084226,-0.065835,-0.081101,0.4662,0.79361,0.20343
4248,0.14302,0.15731,-0.0083442,-0.019388,0.49348,0.83908,0.26449
4249,0.24923,0.23006,0.050446,0.04395,0.41228,0.78256,0.32556
4250,0.35641,0.30607,0.10696,0.10469,0.23006,0.65394,0.38597
4251,0.4571,0.3837,0.16348,0.17647,-0.020687,0.52109,0.43794
4252,0.54383,0.45451,0.21285,0.27879,-0.31139,0.45516,0.47205
4253,0.61399,0.51102,0.25053,0.40838,-0.61833,0.48796,0.48796
4254,0.67115,0.54708,0.26807,0.52564,-0.90936,0.60652,0.49153
4255,0.71305,0.5539,0.2619,0.58281,-1.1367,0.76665,0.49348
4256,0.72767,0.52726,0.23299,0.55357,-1.2611,0.92483,0.49673
4257,0.70591,0.47237,0.18784,0.44411,-1.2754,1.0483,0.49933
4258,0.64972,0.39344,0.1336,0.29145,-1.2046,1.134,0.50128
4259,0.57014,0.29697,0.078055,0.14432,-1.0854,1.197,0.5016
4260,0.47854,0.19109,0.029333,0.035505,-0.95841,1.2357,0.48959
4261,0.38207,0.090397,-0.0057458,-0.025884,-0.84667,1.2285,0.45386
4262,0.28593,0.0052977,-0.026209,-0.054467,-0.74728,1.1437,0.385
4263,0.19271,-0.059989,-0.035628,-0.073955,-0.65016,0.95568,0.28268
4264,0.10404,-0.11228,-0.039526,-0.11845,-0.55694,0.66823,0.16413
4265,0.022512,-0.15548,-0.04927,-0.21914,-0.48516,0.31679,0.048172
4266,-0.052518,-0.19154,-0.069083,-0.37018,-0.4595,-0.046996,-0.050569
4267,-0.12365,-0.21622,-0.098641,-0.53356,-0.5014,-0.38837,-0.1334
4268,-0.19089,-0.22564,-0.12722,-0.6716,-0.61411,-0.69629,-0.21135
4269,-0.25325,-0.21752,-0.14087,-0.75638,-0.75995,-0.98114,-0.28833
4270,-0.30262,-0.19348,-0.12787,-0.76222,-0.87331,-1.2371,-0.35329
4271,-0.33023,-0.15613,-0.086298,-0.6677,-0.90254,-1.4307,-0.39097
4272,-0.32925,-0.11196,-0.02426,-0.45366,-0.84602,-1.5232,-0.38415
4273,-0.30489,-0.069733,0.041676,-0.13145,-0.74143,-1.5021,-0.33835
4274,-0.26559,-0.039526,0.097868,0.23396,-0.64204,-1.3995,-0.27404
4275,-0.22499,-0.028157,0.13327,0.54643,-0.58001,-1.2728,-0.2146
4276,-0.19478,-0.030756,0.14854,0.73774,-0.54752,-1.1552,-0.17822
4277,-0.17757,-0.042774,0.14659,0.79036,-0.51667,-1.0344,-0.16815
4278,-0.17335,-0.052193,0.13457,0.72832,-0.4634,-0.89052,-0.17237
4279,-0.17789,-0.060313,0.1219,0.58768,-0.36206,-0.73072,-0.17919
4280,-0.18504,-0.072331,0.10989,0.41098,-0.1701,-0.60339,-0.18926
4281,-0.19251,-0.089546,0.092021,0.24176,0.13392,-0.56052,-0.20778
4282,-0.19966,-0.11683,0.066037,0.11671,0.49998,-0.60956,-0.23961
4283,-0.20908,-0.15353,0.032906,0.040702,0.82901,-0.70863,-0.27696
4284,-0.21979,-0.19024,0.003024,-0.00022403,1.0431,-0.78398,-0.30002
4285,-0.22467,-0.21395,-0.016464,-0.022961,1.1223,-0.758,-0.28638
4286,-0.21914,-0.21232,-0.022311,-0.031406,1.0908,-0.60794,-0.23181
4287,-0.2016,-0.18407,-0.017764,-0.025234,0.98557,-0.3848,-0.16165
4288,-0.17887,-0.14249,-0.0073698,-0.0057458,0.83908,-0.18244,-0.11163
4289,-0.16035,-0.10254,0.0072465,0.022837,0.677,-0.081426,-0.10416
4290,-0.14899,-0.076554,0.025436,0.056292,0.51362,-0.094743,-0.1282
4291,-0.14184,-0.061613,0.047847,0.092021,0.36713,-0.15386,-0.14964
4292,-0.13307,-0.050244,0.071558,0.12093,0.24858,-0.17432,-0.13892
4293,-0.1217,-0.038876,0.092671,0.12775,0.16023,-0.090521,-0.088247
4294,-0.10546,-0.025234,0.10664,0.095919,0.090397,0.1232,-0.010293
4295,-0.084999,-0.010943,0.10924,0.029658,0.036804,0.44834,0.070584
4296,-0.06616,-0.0024977,0.096569,-0.051868,0.01764,0.81082,0.13067
4297,-0.060638,-0.0011985,0.069934,-0.12235,0.049796,1.1038,0.15081
4298,-0.07428,-0.0034721,0.030633,-0.16003,0.12028,1.2376,0.12483
4299,-0.10384,-0.0067202,-0.011592,-0.16523,0.18979,1.1824,0.06019
4300,-0.13534,-0.0044465,-0.04927,-0.15093,0.22,0.96023,-0.019712
4301,-0.14899,0.0043233,-0.073306,-0.13437,0.18232,0.63607,-0.094743
4302,-0.13957,0.014717,-0.081101,-0.11618,0.075131,0.29308,-0.15158
4303,-0.12138,0.01894,-0.075904,-0.093444,-0.067784,0.016341,-0.18114
4304,-0.10579,0.015042,-0.062587,-0.064536,-0.18407,-0.14281,-0.17627
4305,-0.092794,0.011794,-0.045372,-0.033679,-0.21427,-0.1623,-0.13047
4306,-0.075255,0.014717,-0.024909,-0.00054884,-0.13729,-0.054142,-0.04862
4307,-0.046996,0.026735,-0.0054209,0.035505,0.0043233,0.12483,0.054019
4308,-0.0050961,0.047847,0.015692,0.079029,0.12028,0.29925,0.15926
4309,0.048497,0.076755,0.042651,0.11898,0.13295,0.40351,0.25313
4310,0.11021,0.10859,0.075781,0.14107,0.013743,0.40773,0.32523
4311,0.16673,0.13782,0.10501,0.14821,-0.22012,0.32198,0.37168
4312,0.20538,0.15796,0.12125,0.15796,-0.50108,0.19076,0.39247
4313,0.2174,0.1625,0.11995,0.19011,-0.71707,0.067336,0.38565
4314,0.20213,0.14886,0.11021,0.23981,-0.76969,-0.012242,0.35382
4315,0.1716,0.12645,0.10079,0.28821,-0.62808,-0.0405,0.30997
4316,0.13814,0.10696,0.092346,0.30964,-0.34874,-0.021337,0.2619
4317,0.10956,0.096893,0.07773,0.29015,-0.04992,0.0433,0.2174
4318,0.0865,0.091372,0.056292,0.23234,0.15893,0.15341,0.18199
4319,0.062464,0.08585,0.030957,0.15373,0.23104,0.28073,0.15146
4320,0.031607,0.074482,0.0043233,0.073507,0.19369,0.38175,0.11248
4321,-0.0037969,0.056617,-0.021012,0.0049729,0.11086,0.4217,0.06019
4322,-0.034329,0.033556,-0.04115,-0.043099,0.036479,0.39767,-0.0021729
4323,-0.053168,0.0085458,-0.055441,-0.064211,0.0052977,0.32491,-0.064211
4324,-0.055766,-0.013541,-0.06616,-0.057065,0.054668,0.22682,-0.11163
4325,-0.044723,-0.021337,-0.069408,-0.027833,0.20505,0.12613,-0.14152
4326,-0.025559,-0.0067202,-0.059989,0.014068,0.42982,0.031607,-0.16035
4327,-0.0011985,0.029658,-0.036927,0.064737,0.65037,-0.056416,-0.1662
4328,0.024786,0.072208,-0.0096434,0.11606,0.78711,-0.14184,-0.15646
4329,0.041676,0.098193,0.0072465,0.15633,0.78549,-0.23636,-0.13632
4330,0.040052,0.089098,0.009845,0.16965,0.64062,-0.35849,-0.11488
4331,0.016991,0.042975,-0.0063954,0.14334,0.41293,-0.51439,-0.10124
4332,-0.016789,-0.023285,-0.040825,0.074806,0.21252,-0.67907,-0.097666
4333,-0.047321,-0.085648,-0.0824,-0.021986,0.13165,-0.81127,-0.098641
4334,-0.060313,-0.12138,-0.11456,-0.11813,0.17777,-0.86486,-0.10156
4335,-0.048296,-0.1204,-0.12138,-0.18017,0.27326,-0.81419,-0.10319
4336,-0.012567,-0.087597,-0.10221,-0.18634,0.32004,-0.65471,-0.090196
4337,0.033556,-0.037902,-0.064536,-0.14574,0.26027,-0.40883,-0.052518
4338,0.074482,0.0085458,-0.017764,-0.085648,0.095919,-0.11488,0.01017
4339,0.098517,0.034855,0.023487,-0.026209,-0.11423,0.169,0.083576
4340,0.097218,0.03583,0.050446,0.01829,-0.26722,0.40449,0.14594
4341,0.067011,0.012768,0.06019,0.041027,-0.27209,0.5854,0.1729
4342,0.011144,-0.021012,0.05142,0.044599,-0.098641,0.71565,0.14919
4343,-0.054142,-0.052193,0.032257,0.033556,0.18524,0.78289,0.080003
4344,-0.11423,-0.064861,0.013093,0.012443,0.44184,0.76145,-0.0089938
4345,-0.161,-0.052518,-0.00022403,-0.011267,0.54318,0.63283,-0.090845
4346,-0.19283,-0.021337,-0.0067202,-0.04115,0.4584,0.40936,-0.14184
4347,-0.20583,0.0065969,-0.0050961,-0.073306,0.26514,0.14594,-0.15483
4348,-0.19446,0.012768,0.0075714,-0.095393,0.071234,-0.080127,-0.13762
4349,-0.15905,-0.0047713,0.029658,-0.096367,-0.069733,-0.21622,-0.10319
4350,-0.10903,-0.042774,0.057267,-0.076554,-0.18114,-0.25585,-0.068434
4351,-0.053168,-0.090196,0.083901,-0.0405,-0.32698,-0.24253,-0.047971
4352,-0.00022403,-0.1334,0.10306,0.0043233,-0.53713,-0.23571,-0.044073
4353,0.047523,-0.15841,0.10794,0.046873,-0.78431,-0.2591,-0.043748
4354,0.090072,-0.15321,0.097868,0.075131,-1.0075,-0.288,-0.029457
4355,0.1336,-0.11683,0.076755,0.086175,-1.1289,-0.27014,0.0065969
4356,0.18557,-0.052193,0.054344,0.082277,-1.0617,-0.17822,0.058566
4357,0.24371,0.033231,0.038103,0.072533,-0.73526,-0.017114,0.11151
4358,0.30087,0.131,0.037129,0.067986,-0.15581,0.19011,0.15568
4359,0.35089,0.22941,0.05142,0.070259,0.56169,0.42365,0.19206
4360,0.39669,0.32913,0.075456,0.071883,1.2428,0.65719,0.22617
4361,0.43989,0.43015,0.10079,0.06961,1.7417,0.85824,0.26482
4362,0.48309,0.52466,0.11898,0.061165,1.9613,0.99629,0.31127
4363,0.51947,0.59677,0.12678,0.047198,1.8785,1.0515,0.35966
4364,0.53993,0.62958,0.12093,0.025436,1.5459,1.0132,0.39734
4365,0.53701,0.61301,0.10436,0.0017248,1.0674,0.88683,0.40773
4366,0.50972,0.5526,0.080653,-0.012892,0.55552,0.71175,0.39247
4367,0.46977,0.4649,0.063113,-0.0093186,0.10664,0.55195,0.37103
4368,0.43015,0.36973,0.060515,0.011469,-0.20648,0.46003,0.35479
4369,0.40416,0.27294,0.07773,0.041676,-0.3403,0.42982,0.3353
4370,0.39442,0.18524,0.10826,0.067986,-0.29255,0.41066,0.29795
4371,0.40091,0.12158,0.13977,0.087474,-0.10319,0.35122,0.23981
4372,0.4152,0.087799,0.15991,0.098517,0.15796,0.22487,0.1729
4373,0.41326,0.073832,0.15958,0.097218,0.40773,0.040052,0.11248
4374,0.37201,0.06831,0.14269,0.080328,0.57826,-0.17237,0.065387
4375,0.29178,0.064088,0.12028,0.05142,0.64225,-0.37375,0.031932
4376,0.19596,0.055643,0.10469,0.01829,0.62341,-0.53388,0.0014
4377,0.10729,0.036154,0.095919,-0.015815,0.56267,-0.65081,-0.051544
4378,0.037778,0.0014,0.088124,-0.04992,0.48049,-0.758,-0.15288
4379,-0.016789,-0.042449,0.076106,-0.078503,0.37168,-0.90514,-0.30327
4380,-0.06681,-0.086623,0.054993,-0.081101,0.23136,-1.1068,-0.46697
4381,-0.1217,-0.12592,0.027385,-0.044073,0.077405,-1.3456,-0.59754
4382,-0.17789,-0.15483,-0.00022403,0.033881,-0.060313,-1.5833,-0.66186
4383,-0.22726,-0.16458,-0.023285,0.13425,-0.16003,-1.7756,-0.65731
4384,-0.26169,-0.15451,-0.036278,0.22779,-0.22499,-1.8792,-0.60404
4385,-0.27436,-0.12982,-0.040175,0.28333,-0.27728,-1.8653,-0.52154
4386,-0.27306,-0.10319,-0.038551,0.28496,-0.339,-1.7295,-0.43287
4387,-0.26267,-0.081101,-0.034978,0.23818,-0.41468,-1.4885,-0.35686
4388,-0.2461,-0.070058,-0.039526,0.16413,-0.48776,-1.1624,-0.29482
4389,-0.22434,-0.068109,-0.054467,0.089748,-0.54103,-0.77034,-0.23019
4390,-0.20031,-0.071357,-0.079802,0.028684,-0.56604,-0.34517,-0.15451
4391,-0.17822,-0.075904,-0.10611,-0.01549,-0.56344,0.055643,-0.073631
4392,-0.15905,-0.083375,-0.12885,-0.045047,-0.55175,0.36291,0.0049729
4393,-0.14216,-0.094418,-0.14152,-0.059989,-0.56117,0.53538,0.076106
4394,-0.12852,-0.10968,-0.14606,-0.064861,-0.61379,0.58346,0.12872
4395,-0.11423,-0.12138,-0.14476,-0.068109,-0.70538,0.54903,0.15179
4396,-0.10124,-0.123,-0.13892,-0.074605,-0.79081,0.48926,0.13944
4397,-0.09182,-0.11586,-0.13047,-0.088572,-0.82134,0.45483,0.10177
4398,-0.088572,-0.10741,-0.12885,-0.10546,-0.78496,0.49088,0.06084
4399,-0.088572,-0.10449,-0.13664,-0.11521,-0.71025,0.60652,0.039727
4400,-0.086948,-0.10903,-0.14801,-0.11683,-0.63977,0.77054,0.045899
4401,-0.078827,-0.11683,-0.15256,-0.11586,-0.59462,0.93814,0.077405
4402,-0.06551,-0.12235,-0.14411,-0.11391,-0.56831,1.0622,0.12125
4403,-0.050894,-0.12138,-0.12625,-0.11163,-0.54038,1.1038,0.16608
4404,-0.04115,-0.10644,-0.10416,-0.11261,-0.5027,1.0385,0.20246
4405,-0.038876,-0.073955,-0.082076,-0.11098,-0.45755,0.85467,0.22065
4406,-0.045047,-0.028157,-0.064536,-0.10481,-0.41793,0.56202,0.20635
4407,-0.053817,0.021213,-0.056741,-0.097666,-0.40656,0.19823,0.15991
4408,-0.061288,0.064737,-0.052193,-0.086623,-0.43547,-0.16458,0.096244
4409,-0.061613,0.097868,-0.045372,-0.067459,-0.49361,-0.45625,0.042326
4410,-0.053817,0.11768,-0.036278,-0.039851,-0.54785,-0.6323,0.022837
4411,-0.039201,0.12093,-0.025234,-0.0057458,-0.55597,-0.68394,0.046223
4412,-0.021986,0.10859,-0.013866,0.024137,-0.48906,-0.62808,0.10177
4413,-0.0063954,0.082602,-0.0011985,0.046223,-0.35102,-0.5053,0.16998
4414,0.0043233,0.05207,0.014068,0.062789,-0.174,-0.36791,0.23494
4415,0.0072465,0.027709,0.031607,0.083576,-0.0018481,-0.26592,0.27294
4416,-0.00022403,0.016016,0.049796,0.11118,0.1323,-0.23376,0.2541
4417,-0.022311,0.021213,0.064413,0.13425,0.22097,-0.28313,0.16088
4418,-0.057715,0.035505,0.074806,0.14204,0.27099,-0.39584,0.014068
4419,-0.092145,0.048822,0.078704,0.13002,0.2999,-0.52316,-0.13404
4420,-0.11391,0.055968,0.079679,0.10144,0.3327,-0.59949,-0.22759
4421,-0.11586,0.056292,0.079679,0.064737,0.37558,-0.58488,-0.24123
4422,-0.097991,0.053694,0.083251,0.028684,0.41066,-0.47996,-0.18634
4423,-0.067134,0.054019,0.087474,0.0065969,0.38954,-0.31464,-0.10091
4424,-0.035953,0.061489,0.087799,0.0020496,0.27911,-0.1321,-0.017114
4425,-0.01614,0.073832,0.080003,0.0095202,0.088448,0.029333,0.045899
4426,-0.0083442,0.078704,0.063763,0.014392,-0.1334,0.14464,0.084876
4427,-0.0063954,0.064737,0.0433,0.0056225,-0.32341,0.21415,0.10436
4428,-0.0080194,0.032906,0.021863,-0.013541,-0.43319,0.24955,0.10891
4429,-0.015165,-0.0076946,0.0085458,-0.038227,-0.43579,0.26579,0.10404
4430,-0.026533,-0.044723,0.0056225,-0.062912,-0.3403,0.28593,0.097543
4431,-0.035628,-0.06681,0.014392,-0.072981,-0.18017,0.33238,0.097868
4432,-0.032705,-0.067459,0.032906,-0.05739,-0.0011985,0.41878,0.11541
4433,-0.010943,-0.047321,0.055968,-0.021661,0.15926,0.55065,0.15438
4434,0.031932,-0.013216,0.080978,0.029658,0.28333,0.72897,0.21805
4435,0.090072,0.030957,0.10859,0.083901,0.36259,0.93847,0.30347
4436,0.15373,0.081627,0.13717,0.12807,0.40449,1.1593,0.40319
4437,0.20635,0.12678,0.16023,0.16023,0.42787,1.3581,0.50225
4438,0.23948,0.15373,0.17647,0.18232,0.44509,1.4819,0.57371
4439,0.24728,0.15341,0.18816,0.19726,0.44963,1.4738,0.59937
4440,0.22909,0.12515,0.19986,0.20635,0.4152,1.2896,0.58021
4441,0.19661,0.076106,0.21512,0.21123,0.31646,0.931,0.53019
4442,0.1638,0.023162,0.22519,0.2096,0.15698,0.46458,0.4688
4443,0.13717,-0.015165,0.22682,0.20181,-0.029782,0.0085458,0.40773
4444,0.11606,-0.029132,0.21512,0.18816,-0.20225,-0.32666,0.34829
4445,0.092996,-0.020362,0.19499,0.17192,-0.32731,-0.49296,0.28561
4446,0.070909,0.003024,0.1703,0.15406,-0.38545,-0.50725,0.22032
4447,0.054019,0.029658,0.14399,0.13262,-0.38025,-0.42117,0.15211
4448,0.043625,0.054344,0.11281,0.10794,-0.32568,-0.29255,0.074157
4449,0.033881,0.067336,0.079354,0.079354,-0.22369,-0.1727,-0.019388
4450,0.016016,0.063438,0.045899,0.050771,-0.059664,-0.096367,-0.12495
4451,-0.0099683,0.045574,0.021538,0.019914,0.17095,-0.078503,-0.23409
4452,-0.040175,0.027709,0.011469,-0.011917,0.43015,-0.11553,-0.3351
4453,-0.062587,0.019914,0.013093,-0.042774,0.64289,-0.19251,-0.41533
4454,-0.063886,0.026085,0.015042,-0.067459,0.74586,-0.28346,-0.46502
4455,-0.0405,0.034206,0.0069217,-0.086948,0.71987,-0.36238,-0.47867
4456,-0.0044465,0.030957,-0.0099683,-0.11033,0.59515,-0.41435,-0.46048
4457,0.028034,0.012768,-0.030431,-0.13372,0.42917,-0.43027,-0.42215
4458,0.039402,-0.013541,-0.049595,-0.15256,0.27879,-0.40786,-0.38025
4459,0.017965,-0.0405,-0.068758,-0.16328,0.1742,-0.35524,-0.34712
4460,-0.034004,-0.064536,-0.088572,-0.16588,0.11086,-0.28963,-0.32471
4461,-0.10676,-0.09117,-0.11456,-0.16295,0.053694,-0.23766,-0.31269
4462,-0.18861,-0.1269,-0.14639,-0.161,-0.024585,-0.2081,-0.31042
4463,-0.27209,-0.174,-0.18049,-0.17042,-0.13177,-0.19738,-0.32698
4464,-0.35167,-0.22012,-0.2094,-0.19056,-0.25065,-0.19641,-0.36921
4465,-0.41468,-0.25162,-0.21914,-0.2016,-0.36693,-0.20583,-0.42735
4466,-0.44554,-0.2565,-0.19738,-0.18309,-0.4608,-0.22012,-0.47607
4467,-0.43287,-0.23246,-0.14087,-0.13112,-0.49783,-0.21492,-0.47802
4468,-0.37668,-0.18309,-0.062912,-0.054142,-0.43969,-0.15711,-0.40818
4469,-0.2906,-0.11683,0.012768,0.031932,-0.26494,-0.034654,-0.26429
4470,-0.19219,-0.047646,0.059865,0.10631,0.008221,0.12353,-0.084024
4471,-0.098316,0.008221,0.067986,0.15016,0.31809,0.25832,0.084876
4472,-0.022311,0.046223,0.044275,0.15373,0.58995,0.32523,0.19888
4473,0.03453,0.069934,0.010819,0.12743,0.76405,0.32393,0.24273
4474,0.079354,0.086824,-0.01549,0.082277,0.80887,0.29048,0.22714
4475,0.11768,0.10339,-0.028482,0.032906,0.72864,0.26774,0.18069
4476,0.15601,0.12418,-0.025234,0.0043233,0.55877,0.26872,0.12678
4477,0.20635,0.15309,-0.014516,0.012119,0.34732,0.27456,0.074157
4478,0.27359,0.19336,-0.0089938,0.050121,0.15503,0.26547,0.020564
4479,0.35317,0.24923,-0.010618,0.093321,0.053694,0.23851,-0.034329
4480,0.43274,0.32004,-0.012242,0.12125,0.097868,0.20733,-0.078178
4481,0.49641,0.39182,-0.011267,0.13262,0.27684,0.19304,-0.10026
4482,0.53311,0.44866,-0.0050961,0.13425,0.50453,0.18979,-0.093769
4483,0.53896,0.47042,0.0033489,0.13197,0.66303,0.16283,-0.067134
4484,0.51525,0.45288,0.011144,0.12385,0.66596,0.084226,-0.034978
4485,0.46587,0.40546,0.012119,0.11638,0.48829,-0.045372,-0.010943
4486,0.40156,0.3444,0.0039985,0.11118,0.18069,-0.18861,0.0014
4487,0.33433,0.2934,-0.0093186,0.099492,-0.16977,-0.301,0.0014
4488,0.27456,0.26482,-0.019388,0.076755,-0.47964,-0.3442,-0.0067202
4489,0.23169,0.25605,-0.027833,0.050446,-0.69174,-0.29093,-0.011592
4490,0.2057,0.25865,-0.032055,0.024461,-0.79893,-0.13859,0.0010752
4491,0.19304,0.26125,-0.031406,0.0017248,-0.84667,0.0865,0.034206
4492,0.18362,0.25345,-0.029457,-0.010293,-0.90806,0.33043,0.084226
4493,0.16998,0.22974,-0.022636,-0.008669,-1.026,0.52824,0.14529
4494,0.13977,0.19369,-0.010618,0.0039985,-1.189,0.61724,0.20635
4495,0.087474,0.14919,0.0059473,0.02706,-1.3251,0.57533,0.25378
4496,0.018615,0.098517,0.025436,0.06019,-1.3225,0.44314,0.28073
4497,-0.055441,0.043625,0.047198,0.10242,-1.0718,0.3012,0.29113
4498,-0.12073,-0.01614,0.06896,0.15568,-0.51634,0.23494,0.30672
4499,-0.16815,-0.081426,0.089098,0.21058,0.2934,0.31192,0.34115
4500,-0.19543,-0.14996,0.10371,0.2515,1.1714,0.54415,0.39442
4501,-0.20972,-0.21947,0.10599,0.26222,1.9025,0.86831,0.45028
4502,-0.2172,-0.27793,0.091696,0.24111,2.3325,1.1795,0.48894
4503,-0.2172,-0.31139,0.064088,0.19596,2.4219,1.3815,0.49251
4504,-0.20518,-0.31204,0.032257,0.13782,2.2377,1.4205,0.45321
4505,-0.18114,-0.28118,0.010495,0.084876,1.9041,1.2958,0.3746
4506,-0.14899,-0.22824,0.0052977,0.053694,1.5322,1.0483,0.27229
4507,-0.11326,-0.17042,0.017965,0.039402,1.1688,0.73579,0.16965
4508,-0.079152,-0.12203,0.038753,0.02641,0.80855,0.40676,0.090397
4509,-0.04927,-0.09117,0.061165,0.0056225,0.43307,0.097218,0.048822
4510,-0.024909,-0.073306,0.082277,-0.018088,0.049796,-0.16588,0.040702
4511,-0.0057458,-0.063886,0.099817,-0.030106,-0.29775,-0.36238,0.051745
4512,0.0088706,-0.057065,0.11443,-0.021986,-0.53843,-0.48289,0.072208
4513,0.021863,-0.047971,0.1284,0.0078962,-0.62093,-0.52446,0.10469
4514,0.042001,-0.030756,0.14139,0.053694,-0.55077,-0.5014,0.15146
4515,0.075456,-0.0041217,0.15309,0.10339,-0.38025,-0.43612,0.20343
4516,0.1206,0.028034,0.15926,0.14334,-0.18536,-0.36044,0.24078
4517,0.15926,0.055318,0.15666,0.1625,-0.033679,-0.30782,0.2463
4518,0.17257,0.064737,0.14432,0.15633,0.027385,-0.30814,0.21772
4519,0.14951,0.049147,0.11963,0.12937,-0.013216,-0.37927,0.15893
4520,0.088773,0.011144,0.084876,0.092996,-0.12495,-0.51927,0.064413
4521,0.0039985,-0.04115,0.045574,0.052395,-0.26462,-0.70571,-0.070382
4522,-0.087922,-0.098316,0.0072465,0.0039985,-0.38967,-0.91228,-0.23636
4523,-0.16847,-0.15353,-0.028157,-0.04927,-0.47379,-1.1,-0.40493
4524,-0.22109,-0.19738,-0.057065,-0.095717,-0.51115,-1.2157,-0.53226
4525,-0.24415,-0.22142,-0.076554,-0.12917,-0.50368,-1.2312,-0.58715
4526,-0.24026,-0.22337,-0.079152,-0.15061,-0.45106,-1.1666,-0.56571
4527,-0.21557,-0.2016,-0.060313,-0.15288,-0.35361,-1.0776,-0.49068
4528,-0.17659,-0.16133,-0.022311,-0.13015,-0.22499,-1.011,-0.39779
4529,-0.13275,-0.11423,0.026735,-0.07428,-0.085324,-0.97367,-0.31659
4530,-0.088247,-0.071032,0.076106,0.012119,0.041027,-0.93112,-0.25227
4531,-0.046996,-0.03303,0.11248,0.11443,0.13555,-0.83433,-0.19543
4532,-0.0073698,0.0036737,0.13295,0.20343,0.1755,-0.64724,-0.13145
4533,0.03518,0.041676,0.14107,0.25313,0.13879,-0.36888,-0.053492
4534,0.079029,0.080978,0.14561,0.258,0.023162,-0.038227,0.034855
4535,0.11963,0.1206,0.15373,0.24598,-0.12787,0.27294,0.11833
4536,0.14659,0.15536,0.16218,0.24436,-0.2578,0.47529,0.1768
4537,0.15536,0.1755,0.15926,0.24306,-0.34744,0.50225,0.19888
4538,0.14139,0.17485,0.1362,0.19239,-0.42312,0.34829,0.17939
4539,0.10761,0.14724,0.088124,0.064413,-0.50952,0.075781,0.12418
4540,0.063113,0.10112,0.021863,-0.11618,-0.60696,-0.21395,0.05207
4541,0.025761,0.052395,-0.043423,-0.29158,-0.68914,-0.42182,-0.011592
4542,0.0075714,0.014717,-0.087272,-0.40916,-0.73169,-0.48873,-0.045047
4543,0.01017,-0.0028225,-0.10254,-0.44716,-0.72162,-0.4124,-0.048296
4544,0.022512,-0.0054209,-0.097017,-0.42085,-0.65341,-0.24383,-0.033679
4545,0.032257,0.00075039,-0.083375,-0.36109,-0.53681,-0.04992,-0.016789
4546,0.030633,0.0072465,-0.074605,-0.29125,-0.39357,0.11606,-0.0041217
4547,0.021538,0.013418,-0.072656,-0.21167,-0.24221,0.22129,0.0095202
4548,0.013093,0.024786,-0.069408,-0.11618,-0.080776,0.24955,0.029333
4549,0.013418,0.047198,-0.062912,-0.0076946,0.096569,0.20538,0.054344
4550,0.024137,0.076431,-0.052518,0.097868,0.26644,0.11541,0.076755
4551,0.042975,0.10436,-0.039201,0.18037,0.38662,0.019589,0.095269
4552,0.065387,0.1284,-0.025559,0.22097,0.42235,-0.046022,0.11508
4553,0.0852,0.14334,-0.022311,0.21382,0.35674,-0.07428,0.14334
4554,0.095919,0.14594,-0.030106,0.16868,0.19499,-0.075904,0.18069
4555,0.09397,0.13814,-0.048945,0.10664,-0.039851,-0.077203,0.22487
4556,0.079679,0.12353,-0.075255,0.045574,-0.30327,-0.096042,0.26774
4557,0.054019,0.10436,-0.10319,-0.0015233,-0.54265,-0.12527,0.29568
4558,0.021863,0.082602,-0.12657,-0.031081,-0.72844,-0.14119,0.29438
4559,-0.0076946,0.060515,-0.13827,-0.052843,-0.86908,-0.13112,0.25507
4560,-0.026533,0.036154,-0.13469,-0.070707,-0.98472,-0.10449,0.18264
4561,-0.031406,0.0091954,-0.1178,-0.081751,-1.0864,-0.079477,0.091696
4562,-0.027183,-0.01614,-0.092469,-0.080451,-1.1374,-0.046671,0.0039985
4563,-0.017439,-0.037902,-0.067784,-0.063886,-1.0468,0.036479,-0.056091
4564,-0.0041217,-0.054142,-0.044723,-0.03173,-0.73591,0.20863,-0.068434
4565,0.0069217,-0.068434,-0.027508,0.0026992,-0.22791,0.47237,-0.027183
4566,0.0039985,-0.080451,-0.017114,0.025111,0.33303,0.76924,0.05207
4567,-0.01549,-0.088896,-0.018738,0.028359,0.7673,0.99011,0.13522
4568,-0.045047,-0.093119,-0.031406,0.021538,0.96121,1.0232,0.18199
4569,-0.079152,-0.094743,-0.046671,0.014392,0.90307,0.82186,0.17062
4570,-0.11033,-0.097341,-0.062587,0.0039985,0.67635,0.43177,0.095269
4571,-0.13632,-0.096692,-0.074605,-0.018088,0.42203,-0.0080194,-0.028482
4572,-0.15581,-0.089871,-0.077853,-0.046347,0.27067,-0.34777,-0.1688
4573,-0.1714,-0.069408,-0.069733,-0.06681,0.28236,-0.50887,-0.28963
4574,-0.1753,-0.034329,-0.051544,-0.072006,0.4256,-0.5066,-0.35394
4575,-0.1623,0.014068,-0.029457,-0.061613,0.59775,-0.43254,-0.34874
4576,-0.12592,0.065712,-0.011267,-0.042449,0.68804,-0.37862,-0.27956
4577,-0.065835,0.10306,-0.00087364,-0.023285,0.62763,-0.38122,-0.17107
4578,0.0033489,0.10631,0.0023744,-0.007045,0.41683,-0.41273,-0.054467
4579,0.065062,0.073507,0.0059473,0.0033489,0.12775,-0.4124,0.039402
4580,0.10631,0.024786,0.012768,0.0095202,-0.14346,-0.32178,0.095269
4581,0.12483,-0.0067202,0.029333,0.016991,-0.31399,-0.10644,0.11638
4582,0.12483,0.0039985,0.053044,0.031932,-0.34517,0.22227,0.11898
4583,0.11963,0.059541,0.080653,0.055968,-0.26234,0.60847,0.12775
4584,0.1219,0.13944,0.10729,0.089423,-0.13892,0.9703,0.16153
4585,0.13587,0.2122,0.13165,0.12353,-0.048296,1.197,0.21772
4586,0.15893,0.2502,0.14789,0.14367,-0.019712,1.1892,0.27196
4587,0.18557,0.24338,0.15179,0.13555,-0.00022403,0.94854,0.30185
4588,0.21252,0.19791,0.14334,0.091696,0.10826,0.5867,0.30607
4589,0.22812,0.12937,0.12613,0.024786,0.36031,0.2528,0.28268
4590,0.21837,0.056942,0.11281,-0.038876,0.70526,0.029333,0.22877
4591,0.17939,-0.0028225,0.11378,-0.066485,1.0135,-0.078178,0.14432
4592,0.12093,-0.039201,0.13717,-0.040825,1.1639,-0.095393,0.033556
4593,0.06019,-0.045047,0.17615,0.022188,1.1194,-0.036927,-0.085648
4594,0.011144,-0.020037,0.21772,0.083576,0.93977,0.075131,-0.2016
4595,-0.017439,0.029009,0.2476,0.11378,0.72247,0.20311,-0.31334
4596,-0.03173,0.084876,0.25865,0.12028,0.53279,0.30802,-0.4228
4597,-0.043099,0.1271,0.24825,0.14496,0.38142,0.37136,-0.52544
4598,-0.063237,0.13814,0.21707,0.22389,0.24988,0.39637,-0.60567
4599,-0.097666,0.11443,0.1729,0.34959,0.13457,0.40156,-0.64984
4600,-0.14281,0.066362,0.12483,0.47399,0.062464,0.40773,-0.65731
4601,-0.18277,0.015367,0.081303,0.54935,0.071234,0.43729,-0.63132
4602,-0.20031,-0.021012,0.048172,0.55357,0.16575,0.5003,-0.57091
4603,-0.18731,-0.034654,0.028034,0.49868,0.3025,0.58281,-0.47184
4604,-0.14671,-0.027508,0.021538,0.40676,0.40611,0.64614,-0.34549
4605,-0.09182,-0.0076946,0.023812,0.30315,0.4204,0.64419,-0.2055
4606,-0.039526,0.015367,0.027385,0.20376,0.3314,0.55812,-0.07493
4607,-0.00087364,0.029983,0.025436,0.11606,0.17452,0.40189,0.02706
4608,0.021538,0.029658,0.016991,0.038103,0.0017248,0.20635,0.094295
4609,0.031282,0.021538,0.009845,-0.025884,-0.14574,0.011794,0.12905
4610,0.037454,0.012443,0.011144,-0.06616,-0.23831,-0.14606,0.14009
4611,0.045574,0.0026992,0.025111,-0.077528,-0.26949,-0.24935,0.14074
4612,0.06019,-0.015165,0.047847,-0.067459,-0.24513,-0.30294,0.14496
4613,0.07773,-0.042774,0.06831,-0.047971,-0.18569,-0.32568,0.15763
4614,0.090072,-0.070058,0.07708,-0.026858,-0.11943,-0.34387,0.17192
4615,0.090722,-0.0837,0.071558,-0.008669,-0.072331,-0.38057,0.17712
4616,0.078055,-0.081426,0.050771,-0.0024977,-0.055766,-0.45008,0.15991
4617,0.057267,-0.063561,0.023162,-0.01484,-0.073955,-0.5485,0.12125
4618,0.038103,-0.030756,-0.0063954,-0.042774,-0.13145,-0.66251,0.073832
4619,0.028034,0.015367,-0.030106,-0.072006,-0.22532,-0.77651,0.034206
4620,0.02706,0.067661,-0.042774,-0.09182,-0.33413,-0.87915,0.0095202
4621,0.031607,0.10696,-0.047971,-0.10091,-0.43189,-0.95386,-0.0018481
4622,0.038103,0.11866,-0.051544,-0.10806,-0.49263,-0.98147,0.0033489
4623,0.042651,0.098517,-0.057065,-0.11813,-0.49945,-0.94639,0.028359
4624,0.039402,0.060515,-0.068109,-0.1295,-0.44846,-0.84797,0.06896
4625,0.031932,0.020888,-0.084674,-0.14671,-0.35394,-0.70538,0.11054
4626,0.022837,-0.0047713,-0.10189,-0.17335,-0.25195,-0.54817,0.14139
4627,0.015042,-0.01484,-0.11228,-0.2029,-0.18374,-0.40493,0.15114
4628,0.011144,-0.0089938,-0.11196,-0.22467,-0.18179,-0.29353,0.14107
4629,0.008221,0.0091954,-0.10286,-0.23409,-0.25065,-0.20778,0.12385
4630,0.0072465,0.036804,-0.089221,-0.23636,-0.36206,-0.12885,0.10956
4631,0.013093,0.065387,-0.078178,-0.23376,-0.47607,-0.037902,0.10469
4632,0.02706,0.087149,-0.072981,-0.22889,-0.56182,0.064737,0.11021
4633,0.044924,0.095594,-0.07493,-0.21914,-0.61054,0.16868,0.12158
4634,0.065387,0.093645,-0.079802,-0.19933,-0.63068,0.25995,0.13847
4635,0.087799,0.090397,-0.083375,-0.16588,-0.6375,0.31484,0.16023
4636,0.11118,0.096893,-0.081751,-0.12203,-0.64139,0.32036,0.18881
4637,0.13684,0.11638,-0.071357,-0.071032,-0.64529,0.27976,0.21902
4638,0.16315,0.14854,-0.050894,-0.019388,-0.65471,0.21123,0.2476
4639,0.18751,0.19206,-0.026209,0.023487,-0.68005,0.13814,0.27749
4640,0.20473,0.23494,-0.0044465,0.053694,-0.72584,0.068635,0.30574
4641,0.21252,0.26514,0.0085458,0.071883,-0.77359,0.0078962,0.32783
4642,0.21155,0.27391,0.010495,0.083576,-0.77327,-0.046671,0.33205
4643,0.20051,0.258,0.0056225,0.092996,-0.67972,-0.093444,0.30867
4644,0.17615,0.2161,0.0026992,0.10404,-0.48808,-0.13404,0.25605
4645,0.14009,0.15828,0.0036737,0.11508,-0.25098,-0.16555,0.18362
4646,0.097868,0.10209,0.0059473,0.12158,-0.053168,-0.18829,0.11216
4647,0.056292,0.062789,0.0065969,0.12158,0.025436,-0.21395,0.053694
4648,0.022837,0.048822,0.0036737,0.11508,-0.051544,-0.2591,0.009845
4649,0.0069217,0.058891,0.00010078,0.11281,-0.24968,-0.32341,-0.018413
4650,0.009845,0.078704,-0.00087364,0.11768,-0.4634,-0.37278,-0.038227
4651,0.030957,0.099817,0.00042559,0.11801,-0.56701,-0.36661,-0.051868
4652,0.056292,0.11281,-0.0037969,0.09397,-0.46632,-0.27664,-0.060638
4653,0.074157,0.10989,-0.022311,0.03583,-0.13112,-0.097991,-0.057065
4654,0.081303,0.090072,-0.053168,-0.047321,0.38695,0.15471,-0.038876
4655,0.083901,0.065712,-0.084674,-0.12625,0.96608,0.44314,-0.0034721
4656,0.0865,0.049147,-0.10189,-0.16977,1.4708,0.70786,0.043625
4657,0.086824,0.046548,-0.095393,-0.16458,1.8034,0.90566,0.097868
4658,0.082602,0.052395,-0.064861,-0.12527,1.9405,1.0184,0.15211
4659,0.069934,0.054344,-0.026209,-0.094418,1.9256,1.0586,0.19823
4660,0.052395,0.042326,0.0036737,-0.10416,1.8463,1.0535,0.22779
4661,0.029658,0.013093,0.015692,-0.15841,1.7911,1.0252,0.23883
4662,0.0036737,-0.034329,0.011794,-0.23409,1.7852,0.97712,0.22519
4663,-0.022961,-0.091495,0.0026992,-0.28281,1.7654,0.88488,0.18751
4664,-0.050569,-0.14314,-0.0021729,-0.26397,1.6323,0.72799,0.13652
4665,-0.076229,-0.17789,0.0017248,-0.16912,1.3149,0.50972,0.08585
4666,-0.091495,-0.19316,0.013093,-0.013541,0.82121,0.26027,0.051745
4667,-0.086623,-0.19089,0.029009,0.17192,0.24793,0.021863,0.038103
4668,-0.057065,-0.17659,0.051096,0.35252,-0.25,-0.16653,0.042001
4669,-0.0083442,-0.15386,0.074482,0.48147,-0.53713,-0.28411,0.059216
4670,0.046873,-0.1256,0.096569,0.52726,-0.57091,-0.32211,0.0852
4671,0.097543,-0.098316,0.11021,0.48536,-0.4124,-0.28703,0.11573
4672,0.13717,-0.077528,0.11443,0.38013,-0.18959,-0.19348,0.14367
4673,0.16478,-0.059989,0.11476,0.25085,-0.025884,-0.056741,0.16705
4674,0.18037,-0.038876,0.1219,0.13782,0.0039985,0.10924,0.18459
4675,0.17777,-0.015815,0.14042,0.064737,-0.11196,0.27326,0.19596
4676,0.15471,-0.0018481,0.16965,0.041676,-0.32795,0.37948,0.19661
4677,0.10924,-0.0073698,0.20181,0.067661,-0.56701,0.38662,0.18329
4678,0.044599,-0.03238,0.22389,0.13002,-0.75962,0.30022,0.15926
4679,-0.031081,-0.064211,0.22454,0.20116,-0.8824,0.15958,0.1323
4680,-0.10156,-0.087922,0.20181,0.25962,-0.93599,0.011794,0.10826
4681,-0.15191,-0.094418,0.16705,0.29827,-0.93145,-0.10319,0.095269
4682,-0.17075,-0.081426,0.13814,0.32426,-0.8798,-0.14931,0.10047
4683,-0.15905,-0.051868,0.12645,0.35024,-0.79633,-0.10676,0.12255
4684,-0.12398,-0.012892,0.13327,0.37688,-0.69434,-0.0015233,0.14659
4685,-0.082725,0.026085,0.15114,0.39864,-0.593,0.10859,0.15244
4686,-0.048296,0.054019,0.17062,0.40838,-0.51115,0.16868,0.13684
4687,-0.027833,0.061814,0.18232,0.39929,-0.4673,0.16543,0.10826
4688,-0.018088,0.049472,0.18557,0.37883,-0.46048,0.12807,0.083251
4689,-0.0083442,0.031607,0.18102,0.35609,-0.46372,0.098842,0.069285
4690,0.0023744,0.020888,0.169,0.33075,-0.43969,0.10014,0.062139
4691,0.014068,0.02706,0.15406,0.29243,-0.36173,0.12613,0.048822
4692,0.020239,0.054019,0.13847,0.22974,-0.22434,0.15438,0.026085
4693,0.020564,0.095919,0.12125,0.14756,-0.054467,0.1755,-0.0028225
4694,0.01894,0.14334,0.099167,0.067011,0.10664,0.18849,-0.029782
4695,0.026085,0.18946,0.073507,0.0036737,0.23071,0.18914,-0.050894
4696,0.05272,0.22877,0.044275,-0.037902,0.30737,0.1664,-0.064211
4697,0.10047,0.26125,0.015042,-0.063237,0.33628,0.11476,-0.073955
4698,0.15763,0.28561,-0.0089938,-0.081101,0.32231,0.036479,-0.086298
4699,0.20538,0.29568,-0.019388,-0.096692,0.26872,-0.060963,-0.10124
4700,0.23039,0.28561,-0.012242,-0.11131,0.19596,-0.16458,-0.10871
4701,0.22747,0.2528,0.0062721,-0.12073,0.13717,-0.26559,-0.10221
4702,0.20148,0.19758,0.024461,-0.12495,0.11963,-0.35784,-0.082725
4703,0.15991,0.12937,0.032257,-0.1269,0.1362,-0.43319,-0.065186
4704,0.10729,0.053369,0.019914,-0.13112,0.15244,-0.47867,-0.06551
4705,0.048497,-0.028482,-0.010618,-0.13957,0.13197,-0.48906,-0.098316
4706,-0.013541,-0.11488,-0.051219,-0.15678,0.057917,-0.47509,-0.16555
4707,-0.079802,-0.19836,-0.094093,-0.18179,-0.059664,-0.46567,-0.26332
4708,-0.14931,-0.27306,-0.13632,-0.21135,-0.19998,-0.49588,-0.3848
4709,-0.21849,-0.3286,-0.17075,-0.23571,-0.33185,-0.58585,-0.51472
4710,-0.27534,-0.35849,-0.19283,-0.25162,-0.43092,-0.71448,-0.62191
4711,-0.30814,-0.35881,-0.20193,-0.2552,-0.47834,-0.83758,-0.67615
4712,-0.30944,-0.33153,-0.2029,-0.24545,-0.45398,-0.89669,-0.66543
4713,-0.28053,-0.28508,-0.20323,-0.22954,-0.34387,-0.86194,-0.60177
4714,-0.23571,-0.23149,-0.20648,-0.21655,-0.15711,-0.74761,-0.51212
4715,-0.18731,-0.18114,-0.2081,-0.2146,0.081303,-0.58065,-0.42442
4716,-0.14314,-0.13437,-0.2094,-0.22629,0.32556,-0.38252,-0.35264
4717,-0.11163,-0.092469,-0.2094,-0.24675,0.53961,-0.17302,-0.301
4718,-0.094093,-0.053817,-0.20518,-0.25715,0.74196,0.030633,-0.26332
4719,-0.088247,-0.01614,-0.19543,-0.23961,0.97842,0.21837,-0.22532
4720,-0.086948,0.022512,-0.17432,-0.18731,1.2487,0.37818,-0.174
4721,-0.08305,0.062139,-0.14281,-0.10968,1.4751,0.50713,-0.10644
4722,-0.076229,0.099817,-0.10903,-0.032055,1.5394,0.59255,-0.034329
4723,-0.065186,0.13002,-0.077528,0.025761,1.364,0.63088,0.031607
4724,-0.053492,0.14789,-0.050569,0.061814,0.96348,0.63348,0.084551
4725,-0.044073,0.14691,-0.029457,0.081627,0.4295,0.61691,0.12353
4726,-0.039851,0.12385,-0.012242,0.096893,-0.11326,0.59028,0.14691
4727,-0.035953,0.087799,0.0033489,0.11573,-0.56117,0.55877,0.15438
4728,-0.033354,0.052395,0.016341,0.13587,-0.86616,0.51037,0.14237
4729,-0.03303,0.028359,0.028359,0.14691,-1.0305,0.41618,0.091696
4730,-0.0405,0.013093,0.037778,0.13555,-1.0685,0.2502,-0.0060706
4731,-0.047971,0.00042559,0.044924,0.096893,-0.99186,0.014068,-0.12463
4732,-0.044398,-0.012892,0.0433,0.038103,-0.81224,-0.2513,-0.20908
4733,-0.023935,-0.026533,0.03518,-0.020037,-0.56604,-0.48808,-0.22694
4734,0.0065969,-0.036278,0.023162,-0.055441,-0.30587,-0.66121,-0.18049
4735,0.02706,-0.041799,0.01017,-0.068758,-0.066485,-0.7619,-0.11033
4736,0.024461,-0.043748,-0.00087364,-0.067459,0.15503,-0.79698,-0.059989
4737,-0.0050961,-0.035953,-0.0073698,-0.059014,0.36583,-0.77424,-0.053817
4738,-0.055441,-0.021337,-0.0041217,-0.045047,0.53733,-0.70473,-0.08305
4739,-0.10709,-0.008669,0.0085458,-0.025559,0.61431,-0.60372,-0.12138
4740,-0.14379,-0.007045,0.025436,-0.0031473,0.56104,-0.49685,-0.13729
4741,-0.16165,-0.01614,0.036479,0.018615,0.40286,-0.40623,-0.11975
4742,-0.16523,-0.030431,0.038753,0.033231,0.19888,-0.33867,-0.076554
4743,-0.1597,-0.035953,0.036154,0.042326,0.0052977,-0.28183,-0.027508
4744,-0.14704,-0.024585,0.031607,0.049147,-0.14379,-0.21947,0.013743
4745,-0.12268,0.0026992,0.031282,0.052395,-0.23474,-0.15581,0.041351
4746,-0.086948,0.037778,0.038428,0.048172,-0.28313,-0.097666,0.063438
4747,-0.041799,0.070909,0.050771,0.040702,-0.31204,-0.045697,0.091696
4748,0.0043233,0.094295,0.066686,0.036154,-0.32795,-0.0073698,0.13067
4749,0.045249,0.10144,0.083901,0.036479,-0.32146,0.00075039,0.17874
4750,0.07773,0.09397,0.097218,0.040377,-0.26527,-0.020687,0.22747
4751,0.10274,0.078379,0.10501,0.050446,-0.13794,-0.04927,0.27132
4752,0.12418,0.057592,0.10436,0.063763,0.053044,-0.052843,0.3038
4753,0.14561,0.037454,0.094945,0.074806,0.26449,0.00075039,0.32069
4754,0.17485,0.028359,0.084876,0.079354,0.45223,0.13749,0.33075
4755,0.2161,0.038103,0.0865,0.078379,0.58865,0.35934,0.35349
4756,0.26449,0.064088,0.10599,0.076106,0.66011,0.62893,0.40579
4757,0.30639,0.10112,0.13912,0.077405,0.66076,0.8813,0.47757
4758,0.33205,0.13912,0.17322,0.085525,0.58605,1.0466,0.54058
4759,0.33855,0.17355,0.19888,0.096244,0.44086,1.0807,0.56332
4760,0.32848,0.19791,0.21252,0.10826,0.24241,1.0018,0.53051
4761,0.29957,0.20993,0.21188,0.10859,0.021213,0.86831,0.44834
4762,0.25507,0.2096,0.19563,0.091047,-0.18277,0.74229,0.34602
4763,0.2083,0.2044,0.16868,0.066037,-0.3338,0.65946,0.25767
4764,0.16738,0.20148,0.14139,0.057267,-0.42085,0.62373,0.20278
4765,0.13847,0.20148,0.11866,0.078704,-0.44846,0.61594,0.18199
4766,0.12515,0.19758,0.10404,0.1271,-0.43644,0.60717,0.18102
4767,0.12418,0.18037,0.096893,0.18297,-0.40818,0.57046,0.18459
4768,0.13197,0.14984,0.091047,0.21837,-0.38057,0.48601,0.18329
4769,0.14107,0.11443,0.084551,0.21837,-0.35556,0.34797,0.17355
4770,0.14691,0.087474,0.079679,0.19109,-0.32568,0.1677,0.16283
4771,0.14724,0.078379,0.078704,0.15179,-0.27631,-0.020687,0.15244
4772,0.14237,0.084876,0.082277,0.11476,-0.19998,-0.16912,0.14432
4773,0.13555,0.099167,0.090072,0.087149,-0.10709,-0.24188,0.13457
4774,0.1258,0.11183,0.097868,0.065387,-0.0405,-0.24188,0.11768
4775,0.10826,0.12093,0.10209,0.045574,-0.048945,-0.20843,0.095269
4776,0.080328,0.1219,0.10112,0.029658,-0.15029,-0.19446,0.072208
4777,0.0433,0.11151,0.094945,0.021863,-0.30782,-0.22726,0.045899
4778,0.0075714,0.09397,0.085525,0.022837,-0.43871,-0.30424,0.012443
4779,-0.01484,0.07773,0.072533,0.035505,-0.46015,-0.39779,-0.031081
4780,-0.015815,0.066686,0.059216,0.054668,-0.3416,-0.44781,-0.073955
4781,0.014717,0.063763,0.045249,0.06961,-0.13307,-0.40396,-0.10091
4782,0.076106,0.067336,0.02641,0.066037,0.071558,-0.27339,-0.11131
4783,0.15536,0.074806,0.0014,0.040052,0.19986,-0.12365,-0.11618
4784,0.23039,0.082277,-0.026209,-0.0067202,0.22909,-0.023935,-0.13112
4785,0.27716,0.089098,-0.053168,-0.05739,0.18264,0.009845,-0.16165
4786,0.28333,0.095594,-0.071682,-0.093119,0.12743,0.009845,-0.2029
4787,0.25085,0.10566,-0.078827,-0.10741,0.15016,0.020888,-0.24578
4788,0.20148,0.12353,-0.07428,-0.10416,0.30087,0.065712,-0.27793
4789,0.15926,0.14886,-0.062587,-0.091495,0.54773,0.12872,-0.28995
4790,0.13197,0.17647,-0.047321,-0.080451,0.80205,0.17062,-0.27956
4791,0.11378,0.19271,-0.035628,-0.078503,0.97128,0.15373,-0.25227
4792,0.099492,0.18329,-0.03173,-0.079477,0.99206,0.057592,-0.21655
4793,0.083251,0.14172,-0.040825,-0.076229,0.85045,-0.10806,-0.18439
4794,0.057267,0.071234,-0.062587,-0.068758,0.59385,-0.30522,-0.16328
4795,0.015692,-0.016789,-0.091495,-0.065186,0.31257,-0.47704,-0.15191
4796,-0.041799,-0.10546,-0.1204,-0.072006,0.10177,-0.56896,-0.14541
4797,-0.10416,-0.17854,-0.14834,-0.08305,0.019264,-0.55922,-0.14119
4798,-0.15646,-0.21914,-0.16815,-0.088896,0.061814,-0.45885,-0.13827
4799,-0.18536,-0.21785,-0.1727,-0.080127,0.18232,-0.30652,-0.13047
4800,-0.18991,-0.17887,-0.16198,-0.04992,0.32166,-0.14119,-0.11131
4801,-0.17562,-0.11813,-0.13697,0.003024,0.43502,0.0095202,-0.077203
4802,-0.14964,-0.054142,-0.10644,0.067986,0.5016,0.12905,-0.030756
4803,-0.11943,-0.0050961,-0.07493,0.12775,0.52402,0.21512,0.021538
4804,-0.092794,0.021538,-0.051219,0.1651,0.51102,0.26872,0.073182
4805,-0.072981,0.027709,-0.037902,0.17387,0.46523,0.28788,0.11866
4806,-0.060963,0.016341,-0.038876,0.15601,0.37298,0.26352,0.15536
4807,-0.05739,-0.0089938,-0.051868,0.11866,0.22292,0.19271,0.18232
4808,-0.059664,-0.045047,-0.067784,0.073182,0.02706,0.089423,0.19823
4809,-0.065186,-0.08305,-0.080127,0.025761,-0.18536,-0.020687,0.20376
4810,-0.07428,-0.11326,-0.081101,-0.016789,-0.36921,-0.10644,0.19986
4811,-0.084024,-0.12722,-0.070707,-0.050244,-0.48126,-0.14704,0.19044
4812,-0.094093,-0.1217,-0.056741,-0.069083,-0.504,-0.14476,0.18069
4813,-0.10189,-0.10091,-0.042449,-0.066485,-0.45885,-0.12008,0.17192
4814,-0.10254,-0.069083,-0.029457,-0.039851,-0.39649,-0.096367,0.16673
4815,-0.088896,-0.028482,-0.016789,-0.00054884,-0.36953,-0.081101,0.16868
4816,-0.059339,0.013418,-0.0050961,0.038753,-0.39974,-0.055441,0.17972
4817,-0.02426,0.044924,0.0052977,0.070259,-0.47055,0.0078962,0.20051
4818,0.0078962,0.057267,0.013743,0.10112,-0.55402,0.11931,0.22422
4819,0.033556,0.05142,0.021213,0.13457,-0.63003,0.25345,0.24176
4820,0.048172,0.031282,0.029658,0.17095,-0.67777,0.36713,0.24111
4821,0.048172,0.0069217,0.040377,0.20083,-0.68199,0.423,0.21837
4822,0.032906,-0.012892,0.047523,0.20246,-0.65991,0.40351,0.17907
4823,0.0062721,-0.020037,0.043625,0.14659,-0.66348,0.31354,0.12937
4824,-0.02426,-0.011267,0.024461,0.02641,-0.74988,0.18167,0.083251
4825,-0.050244,0.010819,0.00042559,-0.12268,-0.94282,0.033231,0.057917
4826,-0.06551,0.037129,-0.012242,-0.24513,-1.2079,-0.13047,0.058891
4827,-0.073631,0.057267,-0.0063954,-0.2971,-1.4752,-0.32503,0.075131
4828,-0.07493,0.068635,0.013743,-0.27144,-1.6769,-0.55175,0.086175
4829,-0.067459,0.067986,0.040702,-0.18764,-1.7737,-0.77424,0.082277
4830,-0.047646,0.057592,0.065387,-0.077853,-1.7376,-0.92593,0.074806
4831,-0.017764,0.037778,0.086824,0.028034,-1.5518,-0.94119,0.083251
4832,0.012119,0.0088706,0.10501,0.11248,-1.2192,-0.79633,0.12028
4833,0.032906,-0.030756,0.12288,0.17062,-0.75897,-0.51342,0.18167
4834,0.046548,-0.073631,0.14139,0.20538,-0.20225,-0.15646,0.24988
4835,0.050446,-0.10806,0.15179,0.21772,0.39117,0.19499,0.29697
4836,0.042975,-0.12333,0.15211,0.21317,0.91249,0.46977,0.30152
4837,0.018615,-0.11326,0.14529,0.19856,1.2331,0.63737,0.25702
4838,-0.015165,-0.080776,0.13555,0.18297,1.2759,0.71793,0.17647
4839,-0.043423,-0.032705,0.12807,0.1716,1.0781,0.74034,0.073507
4840,-0.053817,0.022512,0.1297,0.16673,0.78581,0.72085,-0.040175
4841,-0.036602,0.073507,0.14302,0.17062,0.5841,0.6848,-0.14834
4842,0.0017248,0.11281,0.16348,0.18589,0.59807,0.66466,-0.23116
4843,0.044924,0.13814,0.18492,0.2057,0.83096,0.66596,-0.27469
4844,0.075131,0.14691,0.19758,0.2135,1.1753,0.65134,-0.28281
4845,0.079029,0.1362,0.19466,0.19921,1.49,0.58216,-0.26949
4846,0.05142,0.10339,0.17972,0.16056,1.6839,0.44834,-0.2474
4847,-0.00022403,0.056617,0.15763,0.10501,1.7414,0.27944,-0.22726
4848,-0.05804,0.01017,0.1323,0.051745,1.6969,0.131,-0.2068
4849,-0.10644,-0.021012,0.10794,0.017316,1.5842,0.052395,-0.18147
4850,-0.1334,-0.034004,0.083901,0.0062721,1.4059,0.062789,-0.14639
4851,-0.13697,-0.036602,0.058566,0.0043233,1.1467,0.13652,-0.10741
4852,-0.12203,-0.038551,0.030957,-0.0021729,0.79523,0.21058,-0.072006
4853,-0.098316,-0.044398,0.0078962,-0.015165,0.36453,0.21382,-0.045372
4854,-0.073306,-0.055766,-0.0073698,-0.027833,-0.088247,0.10794,-0.029782
4855,-0.04992,-0.070058,-0.015165,-0.028157,-0.47087,-0.093119,-0.021661
4856,-0.030106,-0.0824,-0.019063,-0.013216,-0.69564,-0.32666,-0.015165
4857,-0.01484,-0.088572,-0.019063,0.0085458,-0.72552,-0.52511,-0.011267
4858,-0.0024977,-0.091495,-0.016789,0.020888,-0.59137,-0.66251,-0.019388
4859,0.0065969,-0.095393,-0.011267,0.017316,-0.377,-0.76417,-0.046671
4860,0.0088706,-0.094418,-0.0011985,0.0039985,-0.19348,-0.87818,-0.094743
4861,0.003024,-0.086298,0.013093,-0.0037969,-0.11163,-1.0191,-0.14866
4862,-0.0037969,-0.068758,0.029333,-0.0024977,-0.12138,-1.1471,-0.18796
4863,-0.0044465,-0.044723,0.042326,0.0033489,-0.14281,-1.1958,-0.2042
4864,0.0075714,-0.017439,0.04395,0.010819,-0.10221,-1.1263,-0.19933
4865,0.029658,0.011469,0.029333,0.012768,-0.0063954,-0.95646,-0.18829
4866,0.059541,0.039727,0.00042559,0.009845,0.058891,-0.73851,-0.18179
4867,0.094295,0.067986,-0.031406,-0.0015233,0.016991,-0.50757,-0.17919
4868,0.1271,0.094945,-0.054467,-0.017764,-0.13047,-0.26787,-0.174
4869,0.15016,0.11216,-0.067134,-0.032705,-0.30717,-0.011917,-0.15841
4870,0.16445,0.11671,-0.071032,-0.042124,-0.428,0.27846,-0.1243
4871,0.1755,0.11606,-0.069733,-0.040175,-0.44846,0.59905,-0.064861
4872,0.18622,0.11671,-0.06681,-0.021012,-0.35459,0.92353,0.022837
4873,0.19921,0.11833,-0.06616,0.014717,-0.16328,1.2019,0.1297
4874,0.21058,0.12093,-0.06551,0.053369,0.070259,1.3682,0.22844
4875,0.2148,0.12125,-0.060313,0.075781,0.2541,1.3711,0.28723
4876,0.20278,0.12158,-0.052518,0.065712,0.28821,1.2022,0.29015
4877,0.17062,0.11801,-0.047646,0.024461,0.12385,0.88942,0.23526
4878,0.12353,0.10826,-0.04992,-0.028157,-0.19901,0.50583,0.14237
4879,0.075781,0.096244,-0.054467,-0.067784,-0.56831,0.14237,0.050446
4880,0.041027,0.084551,-0.055116,-0.082076,-0.86291,-0.13632,-0.016464
4881,0.022837,0.071883,-0.053168,-0.07428,-0.99673,-0.31204,-0.04992
4882,0.022837,0.053694,-0.045372,-0.047321,-0.93827,-0.38382,-0.045372
4883,0.038753,0.038103,-0.027833,-0.0028225,-0.70571,-0.34614,-0.0034721
4884,0.068635,0.029009,-0.0015233,0.05272,-0.36856,-0.19413,0.070909
4885,0.10631,0.022512,0.028684,0.10534,-0.021986,0.058891,0.1651
4886,0.13749,0.01894,0.054993,0.14691,0.2476,0.36681,0.2606
4887,0.14724,0.014717,0.068635,0.16803,0.38175,0.65849,0.33205
4888,0.12775,0.0056225,0.060515,0.16868,0.36616,0.86279,0.36031
4889,0.091047,-0.0076946,0.031282,0.15114,0.24728,0.93555,0.33985
4890,0.053694,-0.017764,-0.013866,0.12223,0.10436,0.88455,0.27911
4891,0.03518,-0.017764,-0.060963,0.094295,0.016341,0.76177,0.19921
4892,0.038428,-0.0063954,-0.087597,0.074157,0.031607,0.63218,0.1219
4893,0.057917,0.017965,-0.08305,0.069934,0.13295,0.53116,0.064737
4894,0.081303,0.05272,-0.047321,0.080003,0.25507,0.45451,0.03583
4895,0.097543,0.093321,0.0052977,0.10112,0.32556,0.36518,0.029333
4896,0.10112,0.13197,0.057267,0.12548,0.31062,0.23396,0.032257
4897,0.092021,0.16218,0.09462,0.14919,0.23656,0.064088,0.032582
4898,0.07708,0.17712,0.11248,0.16478,0.16348,-0.11228,0.025436
4899,0.059216,0.1664,0.10696,0.15731,0.12288,-0.26397,0.013093
4900,0.034855,0.12807,0.082602,0.10729,0.10014,-0.3705,-0.0021729
4901,-0.0011985,0.066686,0.045899,0.014717,0.062464,-0.43384,-0.018738
4902,-0.045697,-0.0034721,0.0072465,-0.10221,-0.01614,-0.47509,-0.043423
4903,-0.095717,-0.062262,-0.02426,-0.20388,-0.13502,-0.51667,-0.07493
4904,-0.14022,-0.096042,-0.044723,-0.26104,-0.25747,-0.56604,-0.10903
4905,-0.17172,-0.10384,-0.051868,-0.26397,-0.3325,-0.61476,-0.13469
4906,-0.18601,-0.085648,-0.046347,-0.22889,-0.3325,-0.65601,-0.14671
4907,-0.18309,-0.051219,-0.03238,-0.18114,-0.25812,-0.69401,-0.14444
4908,-0.1662,-0.013541,-0.017764,-0.1334,-0.12852,-0.74176,-0.13567
4909,-0.14087,0.015042,-0.0011985,-0.089871,0.02641,-0.79958,-0.12625
4910,-0.11391,0.028359,0.01764,-0.052193,0.20018,-0.85057,-0.11488
4911,-0.083375,0.02641,0.040052,-0.021986,0.39182,-0.86876,-0.092794
4912,-0.051868,0.015042,0.062464,0.0014,0.58313,-0.82523,-0.058689
4913,-0.029457,0.00042559,0.076106,0.011144,0.73124,-0.70863,-0.013866
4914,-0.02361,-0.018413,0.078055,0.0052977,0.7962,-0.52446,0.030308
4915,-0.034004,-0.042774,0.067661,-0.0099683,0.76697,-0.28995,0.065387
4916,-0.054467,-0.065186,0.053694,-0.020362,0.66303,-0.03238,0.081952
4917,-0.073955,-0.072981,0.046223,-0.016464,0.52596,0.21252,0.083576
4918,-0.081101,-0.062912,0.048172,-0.0018481,0.39572,0.4282,0.081627
4919,-0.070707,-0.035953,0.058891,0.013093,0.30769,0.61496,0.089423
4920,-0.045372,-0.0024977,0.072858,0.014717,0.26969,0.7595,0.11054
4921,-0.013216,0.026085,0.084551,0.0010752,0.25832,0.83778,0.13749
4922,0.01829,0.042651,0.094945,-0.023935,0.22909,0.82284,0.15958
4923,0.047198,0.050771,0.10339,-0.058689,0.15893,0.7176,0.16803
4924,0.072533,0.059216,0.10631,-0.098641,0.070584,0.54805,0.15763
4925,0.092996,0.074482,0.10242,-0.12657,0.0052977,0.34894,0.12613
4926,0.10761,0.10079,0.097543,-0.13015,-0.011592,0.13847,0.06896
4927,0.11541,0.13717,0.092671,-0.11618,0.014068,-0.06551,-0.011267
4928,0.11606,0.17972,0.086175,-0.097666,0.054993,-0.22921,-0.096692
4929,0.11086,0.21707,0.078055,-0.080127,0.07773,-0.31204,-0.15613
4930,0.10664,0.23883,0.073182,-0.048945,0.047523,-0.2919,-0.1649
4931,0.10664,0.23461,0.06961,0.010495,-0.064211,-0.19154,-0.13177
4932,0.10371,0.20051,0.058891,0.090397,-0.2578,-0.059664,-0.089871
4933,0.089423,0.14496,0.033881,0.16283,-0.50238,0.028034,-0.081426
4934,0.064413,0.082927,-0.0024977,0.19628,-0.73624,0.024137,-0.123
4935,0.039727,0.025111,-0.040175,0.17939,-0.89409,-0.069733,-0.19413
4936,0.028034,-0.020362,-0.068434,0.12937,-0.93112,-0.21005,-0.25747
4937,0.029009,-0.044073,-0.082725,0.073507,-0.82881,-0.3442,-0.28508
4938,0.030633,-0.04927,-0.081426,0.026735,-0.60437,-0.43839,-0.27696
4939,0.022188,-0.043099,-0.072006,-0.0031473,-0.32698,-0.48354,-0.2526
4940,0.0039985,-0.038876,-0.059989,-0.012892,-0.082076,-0.48289,-0.23051
4941,-0.019388,-0.042449,-0.049595,-0.007045,0.067336,-0.44683,-0.22012
4942,-0.037902,-0.050569,-0.051219,0.003024,0.094945,-0.40039,-0.21849
4943,-0.04927,-0.056741,-0.067459,0.0072465,0.0062721,-0.3796,-0.22207
4944,-0.054467,-0.056741,-0.094418,0.0020496,-0.17822,-0.4254,-0.23603
4945,-0.057065,-0.048296,-0.123,-0.017439,-0.41858,-0.55857,-0.26462
4946,-0.055766,-0.029457,-0.14281,-0.043748,-0.65893,-0.7515,-0.30035
4947,-0.048296,-0.0028225,-0.14769,-0.06681,-0.84148,-0.94314,-0.33023
4948,-0.031081,0.033556,-0.13794,-0.073306,-0.9321,-1.0656,-0.33867
4949,-0.0041217,0.080003,-0.11943,-0.059664,-0.9308,-1.0799,-0.31529
4950,0.028359,0.13717,-0.097017,-0.028482,-0.87103,-0.99024,-0.26169
4951,0.059541,0.19531,-0.070058,0.0095202,-0.78886,-0.82329,-0.18796
4952,0.087149,0.24695,-0.037577,0.053369,-0.66998,-0.59462,-0.10221
4953,0.11378,0.28366,0.0010752,0.10436,-0.45171,-0.29645,0.00042559
4954,0.13782,0.29957,0.041676,0.15731,-0.088572,0.067011,0.11801
4955,0.15601,0.29438,0.076755,0.19434,0.38013,0.44151,0.23624
4956,0.15828,0.26482,0.096893,0.20116,0.82901,0.74748,0.33335
4957,0.13749,0.20765,0.10047,0.17387,1.1272,0.93425,0.38922
4958,0.10079,0.12548,0.087474,0.12515,1.2055,0.99856,0.39864
4959,0.058891,0.029009,0.066362,0.076755,1.0781,0.97128,0.37363
4960,0.022837,-0.060313,0.040052,0.040052,0.81212,0.90372,0.33595
4961,-0.0057458,-0.1269,0.012119,0.01829,0.49381,0.84363,0.30607
4962,-0.03238,-0.16945,-0.012892,0.01017,0.20505,0.82154,0.29633
4963,-0.056741,-0.19576,-0.033679,0.013743,0.0052977,0.82998,0.30867
4964,-0.071032,-0.20843,-0.050244,0.020564,-0.086298,0.8433,0.33303
4965,-0.069408,-0.20453,-0.057715,0.028034,-0.085973,0.82706,0.35414
4966,-0.050894,-0.18179,-0.053817,0.039727,-0.035953,0.7608,0.35901
4967,-0.021661,-0.15029,-0.0405,0.053369,0.011794,0.65166,0.34635
4968,0.010495,-0.1191,-0.019712,0.062464,0.024786,0.52304,0.32393
4969,0.041351,-0.094418,0.0010752,0.068635,-0.0057458,0.38922,0.30282
4970,0.06896,-0.080127,0.01894,0.07708,-0.063561,0.25897,0.28723
4971,0.086175,-0.075579,0.032257,0.096569,-0.097341,0.14009,0.27911
4972,0.084226,-0.073306,0.045899,0.1323,-0.029782,0.051096,0.28008
4973,0.063113,-0.064536,0.065062,0.18004,0.18134,0.012119,0.29145
4974,0.031607,-0.04862,0.087799,0.22552,0.49543,0.041351,0.3051
4975,-0.00022403,-0.027508,0.11118,0.2528,0.81602,0.14432,0.31354
4976,-0.023935,-0.0011985,0.13002,0.25053,1.0483,0.30574,0.31322
4977,-0.036927,0.032582,0.13879,0.22,1.1217,0.46977,0.30217
4978,-0.037252,0.070584,0.13944,0.16868,1.0077,0.55844,0.27846
4979,-0.031081,0.10112,0.13197,0.11378,0.72215,0.5159,0.23754
4980,-0.025559,0.10761,0.11606,0.071558,0.32523,0.35219,0.18232
4981,-0.022311,0.080978,0.091372,0.0433,-0.10319,0.13782,0.11866
4982,-0.018738,0.028684,0.062464,0.027385,-0.47672,-0.046671,0.061489
4983,-0.015165,-0.027183,0.036804,0.019589,-0.72747,-0.15418,0.027709
4984,-0.0050961,-0.061613,0.023812,0.026735,-0.82459,-0.18277,0.028684
4985,0.015367,-0.066485,0.022837,0.047847,-0.77424,-0.15256,0.063438
4986,0.041027,-0.045372,0.029333,0.07708,-0.62223,-0.079152,0.11833
4987,0.065062,-0.008669,0.041351,0.10599,-0.43352,0.055318,0.17485
4988,0.088124,0.033556,0.056292,0.12613,-0.27306,0.26287,0.21902
4989,0.10956,0.072533,0.070259,0.13295,-0.18407,0.52207,0.24013
4990,0.12775,0.10209,0.082927,0.12223,-0.1714,0.78256,0.23494
4991,0.13977,0.1284,0.092346,0.097218,-0.2042,0.98102,0.20278
4992,0.14659,0.16121,0.10112,0.066362,-0.23084,1.0674,0.15503
4993,0.14691,0.20278,0.11086,0.039727,-0.20388,1.0343,0.10501
4994,0.14399,0.24728,0.11573,0.025436,-0.10286,0.91508,0.063438
4995,0.13977,0.27554,0.11216,0.020888,0.058566,0.75041,0.033881
4996,0.1284,0.27521,0.10014,0.01894,0.23754,0.55877,0.008221
4997,0.10404,0.2476,0.084226,0.013743,0.3824,0.33563,-0.031406
4998,0.065062,0.19791,0.069934,0.0039985,0.46165,0.087799,-0.090845
4999,0.013093,0.13717,0.056292,-0.010618,0.47432,-0.16555,-0.1623
5000,-0.043423,0.071883,0.044275,-0.027183,0.45223,-0.39584,-0.22499
5001,-0.089546,0.0072465,0.040052,-0.038876,0.43437,-0.58228,-0.25975
5002,-0.11456,-0.045047,0.046223,-0.037252,0.44769,-0.72812,-0.26754
5003,-0.11521,-0.078827,0.065062,-0.01614,0.48666,-0.85349,-0.25812
5004,-0.10384,-0.093119,0.091372,0.019264,0.52402,-0.9701,-0.2461
5005,-0.095068,-0.090845,0.11411,0.059865,0.52369,-1.0828,-0.23733
5006,-0.091495,-0.083375,0.12678,0.08585,0.46165,-1.1981,-0.23571
5007,-0.088572,-0.075255,0.12418,0.08585,0.3431,-1.3176,-0.23928
5008,-0.079152,-0.069408,0.10891,0.067336,0.19434,-1.4294,-0.24286
5009,-0.059339,-0.062912,0.082602,0.040702,0.055968,-1.509,-0.23636
5010,-0.033354,-0.052193,0.054019,0.019914,-0.037902,-1.5249,-0.20778
5011,-0.0067202,-0.038227,0.033556,0.012768,-0.076229,-1.458,-0.16133
5012,0.01829,-0.024909,0.027385,0.01764,-0.071032,-1.305,-0.10774
5013,0.03453,-0.01484,0.027385,0.028684,-0.034978,-1.0776,-0.062587
5014,0.039078,-0.0099683,0.025111,0.034855,0.021213,-0.79828,-0.028807
5015,0.033231,-0.0093186,0.014392,0.028034,0.074806,-0.50075,-0.0021729
5016,0.022512,-0.0089938,-0.00022403,0.0062721,0.079354,-0.22726,0.019264
5017,0.015692,-0.0044465,-0.013541,-0.017114,0.0088706,-0.017114,0.031932
5018,0.020239,0.0078962,-0.017764,-0.030756,-0.097017,0.1271,0.041676
5019,0.040052,0.030957,-0.012567,-0.034654,-0.15873,0.23169,0.055968
5020,0.070909,0.058566,-0.0018481,-0.030756,-0.14411,0.32556,0.075781
5021,0.098517,0.080978,0.0078962,-0.026533,-0.089871,0.42138,0.10112
5022,0.11054,0.089748,0.0078962,-0.03303,-0.071032,0.51622,0.12905
5023,0.10469,0.080978,-0.0037969,-0.056741,-0.13275,0.60717,0.15633
5024,0.084226,0.058566,-0.023935,-0.092145,-0.26754,0.67635,0.16933
5025,0.056292,0.029009,-0.046347,-0.13372,-0.4189,0.69454,0.15211
5026,0.02706,-0.00054884,-0.071032,-0.17367,-0.50627,0.6377,0.094295
5027,0.0020496,-0.021986,-0.090521,-0.20908,-0.45918,0.51005,-0.0028225
5028,-0.011592,-0.024585,-0.10351,-0.23246,-0.26494,0.34894,-0.1191
5029,-0.015815,-0.0080194,-0.10741,-0.22856,-0.00054884,0.19888,-0.22434
5030,-0.011592,0.018615,-0.10838,-0.18309,0.19953,0.10339,-0.28768
5031,0.00010078,0.0433,-0.10741,-0.096367,0.23331,0.0852,-0.2867
5032,0.016016,0.051745,-0.10611,0.011469,0.088773,0.13295,-0.22499
5033,0.032582,0.040377,-0.10416,0.11021,-0.1623,0.19726,-0.12755
5034,0.047847,0.015042,-0.10481,0.1651,-0.41858,0.22714,-0.021986
5035,0.06084,-0.010943,-0.11131,0.16283,-0.59657,0.20765,0.071234
5036,0.068635,-0.02361,-0.12527,0.11606,-0.64659,0.1664,0.13392
5037,0.064088,-0.020037,-0.14087,0.048497,-0.55727,0.1336,0.14919
5038,0.040377,-0.011592,-0.15029,-0.021661,-0.35946,0.11671,0.11346
5039,-0.0011985,-0.012242,-0.14996,-0.073306,-0.11878,0.11378,0.04395
5040,-0.046996,-0.026858,-0.13632,-0.094743,0.080328,0.11995,-0.032705
5041,-0.087597,-0.044723,-0.11326,-0.085324,0.16543,0.11606,-0.10059
5042,-0.12008,-0.056416,-0.087922,-0.061288,0.11671,0.064088,-0.16133
5043,-0.14639,-0.059014,-0.063886,-0.037902,-0.02361,-0.04862,-0.22304
5044,-0.16165,-0.05804,-0.045697,-0.019063,-0.17237,-0.19966,-0.28833
5045,-0.16263,-0.05804,-0.034654,-0.0057458,-0.25812,-0.33867,-0.34874
5046,-0.15353,-0.059989,-0.029457,0.0056225,-0.25325,-0.43417,-0.39227
5047,-0.13859,-0.062262,-0.028157,0.017965,-0.18894,-0.48646,-0.40721
5048,-0.12398,-0.066485,-0.027833,0.036154,-0.12625,-0.49718,-0.37765
5049,-0.11358,-0.072331,-0.02361,0.050771,-0.10871,-0.46372,-0.30424
5050,-0.10968,-0.0824,-0.014191,0.047198,-0.13827,-0.39064,-0.20063
5051,-0.11358,-0.09117,-0.0015233,0.017965,-0.16523,-0.30035,-0.093119
5052,-0.1178,-0.084349,0.0088706,-0.027833,-0.10676,-0.20648,-0.0067202
5053,-0.10514,-0.046671,0.017965,-0.07493,0.10956,-0.10156,0.049147
5054,-0.065186,0.021863,0.029333,-0.11358,0.50355,0.036479,0.081627
5055,-0.00087364,0.10696,0.044924,-0.14444,0.99791,0.21805,0.099167
5056,0.076755,0.18849,0.062789,-0.17692,1.4439,0.42332,0.10761
5057,0.15341,0.2528,0.081952,-0.21395,1.6865,0.61496,0.10761
5058,0.21058,0.28561,0.09397,-0.24286,1.618,0.7582,0.10501
5059,0.23754,0.28008,0.097218,-0.23051,1.2217,0.82024,0.10144
5060,0.23364,0.23396,0.092346,-0.14314,0.58703,0.77542,0.094945
5061,0.20733,0.16445,0.080003,0.012443,-0.10774,0.62795,0.082927
5062,0.17582,0.10306,0.068635,0.19434,-0.65796,0.43372,0.070259
5063,0.15666,0.082602,0.066037,0.34342,-0.92203,0.28333,0.063763
5064,0.15666,0.11216,0.082277,0.423,-0.85966,0.25313,0.06961
5065,0.17192,0.17517,0.11638,0.43307,-0.56506,0.35512,0.082927
5066,0.19011,0.24306,0.14951,0.39084,-0.22921,0.52824,0.09397
5067,0.20603,0.2921,0.16283,0.32751,-0.039201,0.67473,0.10014
5068,0.21935,0.31614,0.14789,0.27554,-0.07428,0.70396,0.10339
5069,0.23299,0.31711,0.11443,0.25897,-0.26462,0.58865,0.11378
5070,0.25053,0.30542,0.081303,0.28171,-0.45366,0.3824,0.14529
5071,0.27067,0.29308,0.065062,0.31419,-0.49523,0.17972,0.20051
5072,0.28528,0.28301,0.063763,0.30477,-0.3364,0.06961,0.26904
5073,0.28723,0.27261,0.071883,0.22324,-0.025884,0.078704,0.33595
5074,0.27164,0.2554,0.08585,0.095269,0.31906,0.16023,0.385
5075,0.23494,0.22324,0.10599,-0.019388,0.55097,0.22357,0.39864
5076,0.18134,0.1729,0.12807,-0.068109,0.56981,0.19434,0.37103
5077,0.11443,0.10566,0.14789,-0.044073,0.36031,0.049472,0.3038
5078,0.040052,0.01894,0.15861,0.021213,-0.0050961,-0.16847,0.2109
5079,-0.039851,-0.081426,0.15276,0.084876,-0.40039,-0.38382,0.10826
5080,-0.11845,-0.18082,0.12937,0.11638,-0.71513,-0.52901,0.013743
5081,-0.18147,-0.25357,0.096893,0.11313,-0.88435,-0.57026,-0.057715
5082,-0.21037,-0.28281,0.067661,0.085525,-0.90644,-0.51309,-0.092794
5083,-0.19706,-0.26689,0.051745,0.055643,-0.81939,-0.40006,-0.094743
5084,-0.14866,-0.21882,0.053044,0.038103,-0.67063,-0.29482,-0.075579
5085,-0.092794,-0.16133,0.063438,0.038428,-0.504,-0.24643,-0.054467
5086,-0.04992,-0.11975,0.073507,0.046873,-0.35134,-0.27176,-0.038551
5087,-0.034978,-0.10709,0.071234,0.046223,-0.23344,-0.35329,-0.031406
5088,-0.050894,-0.12105,0.054019,0.030308,-0.14281,-0.45788,-0.028807
5089,-0.090196,-0.14996,0.023487,0.0056225,-0.059664,-0.5472,-0.022311
5090,-0.13534,-0.17887,-0.013216,-0.018088,0.033231,-0.59267,-0.0063954
5091,-0.16718,-0.19543,-0.044723,-0.027508,0.14334,-0.57189,0.023162
5092,-0.1675,-0.19641,-0.058365,-0.015165,0.2554,-0.47379,0.06961
5093,-0.13697,-0.18407,-0.048945,0.012119,0.3418,-0.29742,0.12872
5094,-0.084999,-0.15905,-0.016789,0.044275,0.37785,-0.063237,0.19336
5095,-0.028807,-0.12527,0.028684,0.072533,0.35154,0.19141,0.25215
5096,0.01829,-0.088896,0.069285,0.092346,0.27489,0.41001,0.2934
5097,0.050446,-0.057065,0.093645,0.10014,0.17907,0.53766,0.30639
5098,0.065712,-0.029457,0.10209,0.10339,0.095269,0.54903,0.28723
5099,0.070909,-0.0037969,0.096569,0.10794,0.041676,0.46587,0.23916
5100,0.06961,0.022188,0.0852,0.11508,0.023487,0.33725,0.17907
5101,0.065062,0.050121,0.075131,0.11801,0.049147,0.22584,0.11931
5102,0.059865,0.076106,0.066686,0.11118,0.13457,0.17647,0.068635
5103,0.053044,0.096569,0.056942,0.09397,0.27619,0.20343,0.028684
5104,0.045249,0.10826,0.041676,0.073182,0.43957,0.28561,-0.0024977
5105,0.036154,0.11443,0.019589,0.055318,0.57111,0.3863,-0.018738
5106,0.030633,0.11671,-0.0031473,0.042975,0.6312,0.47594,-0.011592
5107,0.03518,0.11443,-0.020362,0.038428,0.60879,0.53441,0.021538
5108,0.048172,0.10729,-0.035303,0.033881,0.53116,0.55065,0.073832
5109,0.06831,0.095594,-0.052193,0.021213,0.44704,0.51882,0.1323
5110,0.090722,0.086824,-0.069408,0.00075039,0.40189,0.44314,0.18589
5111,0.10956,0.083901,-0.081426,-0.027508,0.39961,0.33075,0.22519
5112,0.11995,0.0865,-0.086948,-0.059339,0.41001,0.19239,0.2463
5113,0.1206,0.092996,-0.084999,-0.083375,0.38954,0.041027,0.25085
5114,0.11443,0.10112,-0.0824,-0.096042,0.31646,-0.10806,0.24241
5115,0.099817,0.10112,-0.0824,-0.10514,0.19693,-0.23798,0.22292
5116,0.076755,0.087799,-0.086298,-0.11521,0.056942,-0.33932,0.19921
5117,0.050446,0.064737,-0.094743,-0.1308,-0.077203,-0.40818,0.17647
5118,0.023812,0.033231,-0.10741,-0.14671,-0.18601,-0.44131,0.15503
5119,-0.00054884,-0.0018481,-0.1217,-0.16003,-0.25422,-0.44261,0.13002
5120,-0.021337,-0.036278,-0.13404,-0.17335,-0.28118,-0.4267,0.087149
5121,-0.040175,-0.062262,-0.14379,-0.18666,-0.27371,-0.40851,0.023162
5122,-0.062587,-0.071032,-0.14704,-0.19803,-0.24091,-0.39194,-0.05739
5123,-0.086298,-0.059339,-0.13664,-0.20355,-0.18731,-0.38155,-0.14931
5124,-0.10416,-0.030756,-0.11456,-0.19478,-0.11391,-0.39487,-0.25585
5125,-0.11033,0.0052977,-0.085324,-0.16782,-0.029132,-0.46015,-0.38155
5126,-0.10741,0.033231,-0.062912,-0.13145,0.054993,-0.57513,-0.50497
5127,-0.092469,0.039402,-0.052518,-0.099615,0.12125,-0.68297,-0.58455
5128,-0.072656,0.023487,-0.056416,-0.0837,0.15341,-0.69921,-0.5943
5129,-0.058689,-0.0060706,-0.064536,-0.082076,0.1362,-0.56831,-0.53648
5130,-0.062262,-0.038876,-0.06681,-0.0824,0.067986,-0.29677,-0.43644
5131,-0.084349,-0.059339,-0.059664,-0.072331,-0.042449,0.047847,-0.32958
5132,-0.11521,-0.064536,-0.047646,-0.046022,-0.17042,0.37753,-0.23961
5133,-0.14216,-0.053817,-0.038551,-0.011592,-0.27826,0.62243,-0.17952
5134,-0.15646,-0.03303,-0.035628,0.020564,-0.32601,0.74943,-0.14574
5135,-0.15905,-0.015165,-0.039851,0.039727,-0.28605,0.76015,-0.12463
5136,-0.15483,-0.012892,-0.048296,0.040702,-0.18114,0.66823,-0.10676
5137,-0.14834,-0.027833,-0.054792,0.02706,-0.083375,0.49218,-0.087922
5138,-0.13827,-0.054142,-0.052518,0.0059473,-0.075255,0.26092,-0.063886
5139,-0.12105,-0.078503,-0.040825,-0.0057458,-0.18471,0.013418,-0.036602
5140,-0.098965,-0.087597,-0.022636,-0.00022403,-0.36888,-0.21297,-0.010943
5141,-0.072006,-0.078503,-0.0021729,0.019264,-0.54655,-0.39454,0.011794
5142,-0.037577,-0.04927,0.017965,0.04395,-0.65698,-0.53063,0.031932
5143,0.0036737,-0.0073698,0.039078,0.061814,-0.69109,-0.63327,0.047198
5144,0.044275,0.03583,0.063113,0.074806,-0.67063,-0.71967,0.056942
5145,0.078055,0.074157,0.089098,0.0852,-0.62483,-0.80022,0.054019
5146,0.097543,0.10696,0.11313,0.092671,-0.57286,-0.86714,0.038428
5147,0.098842,0.13392,0.13717,0.095919,-0.51862,-0.89832,0.011144
5148,0.084551,0.15211,0.16056,0.098193,-0.47282,-0.87526,-0.021986
5149,0.061814,0.15471,0.17972,0.10079,-0.45073,-0.80542,-0.050244
5150,0.046223,0.14042,0.18979,0.10794,-0.46015,-0.71188,-0.06551
5151,0.050121,0.11378,0.19369,0.12385,-0.47672,-0.60859,-0.055116
5152,0.079679,0.087474,0.19499,0.14789,-0.45106,-0.48744,-0.014191
5153,0.1323,0.071558,0.19499,0.18102,-0.33737,-0.34907,0.042001
5154,0.19401,0.068635,0.18622,0.21545,-0.12787,-0.22239,0.084876
5155,0.24663,0.079679,0.16315,0.22097,0.12223,-0.14704,0.095919
5156,0.27294,0.098842,0.12775,0.17939,0.32978,-0.14281,0.078379
5157,0.26774,0.11931,0.090722,0.10274,0.44931,-0.20258,0.049472
5158,0.24338,0.13749,0.06831,0.029333,0.50648,-0.30489,0.038428
5159,0.2161,0.15276,0.073182,-0.0034721,0.5867,-0.42637,0.068635
5160,0.19531,0.15958,0.10371,0.016016,0.77282,-0.53453,0.14172
5161,0.18167,0.15471,0.14334,0.078055,1.082,-0.57221,0.23916
5162,0.17095,0.1336,0.1768,0.15796,1.4591,-0.47119,0.3327
5163,0.15179,0.093321,0.19109,0.22129,1.7836,-0.20031,0.40091
5164,0.11378,0.03518,0.18459,0.24078,1.907,0.20603,0.43112
5165,0.055643,-0.03238,0.15893,0.20603,1.7375,0.66076,0.42332
5166,-0.016464,-0.096692,0.12353,0.12937,1.3013,1.0583,0.3837
5167,-0.089221,-0.14606,0.084876,0.041027,0.74651,1.3253,0.32166
5168,-0.14249,-0.17302,0.05272,-0.027508,0.28723,1.4582,0.2489
5169,-0.15776,-0.16815,0.036154,-0.056091,0.084226,1.514,0.17257
5170,-0.1334,-0.13469,0.036804,-0.044398,0.16121,1.5585,0.088773
5171,-0.088896,-0.084024,0.048172,-0.010618,0.41683,1.6147,-0.0083442
5172,-0.04862,-0.03238,0.059865,0.022512,0.6822,1.6524,-0.11975
5173,-0.025559,0.0052977,0.066037,0.039402,0.81472,1.6144,-0.22791
5174,-0.016789,0.022188,0.064413,0.031932,0.74781,1.4611,-0.30652
5175,-0.012242,0.013418,0.055968,0.0043233,0.49901,1.209,-0.33575
5176,-0.0034721,-0.013541,0.041351,-0.031081,0.14724,0.91054,-0.31594
5177,0.012768,-0.042774,0.022837,-0.069083,-0.20713,0.61756,-0.26494
5178,0.032906,-0.051544,0.0065969,-0.095068,-0.5014,0.35252,-0.20908
5179,0.049472,-0.033679,-0.0018481,-0.096692,-0.70538,0.10859,-0.1714
5180,0.059541,0.0069217,-0.0018481,-0.075255,-0.82329,-0.11488,-0.15386
5181,0.062139,0.058891,0.0036737,-0.036278,-0.86714,-0.30359,-0.14509
5182,0.056942,0.10696,0.0091954,0.0052977,-0.85414,-0.43059,-0.1334
5183,0.046223,0.13652,0.012768,0.033881,-0.80217,-0.47412,-0.10968
5184,0.038428,0.14691,0.016341,0.049147,-0.7213,-0.42475,-0.073955
5185,0.046223,0.14951,0.019264,0.06019,-0.61119,-0.30165,-0.029782
5186,0.080003,0.16023,0.023487,0.075781,-0.47867,-0.13957,0.025436
5187,0.13262,0.18557,0.028684,0.098517,-0.34972,0.016016,0.087799
5188,0.18816,0.22259,0.03583,0.11995,-0.24805,0.12548,0.14724
5189,0.22454,0.25865,0.039402,0.13035,-0.18699,0.1651,0.18849
5190,0.23331,0.27846,0.033231,0.131,-0.1649,0.13327,0.20603
5191,0.2174,0.27034,0.019264,0.1323,-0.17367,0.0433,0.20181
5192,0.18557,0.23039,0.00075039,0.14204,-0.21427,-0.084999,0.18687
5193,0.14009,0.1651,-0.020687,0.15114,-0.29775,-0.23409,0.16478
5194,0.088773,0.087799,-0.042449,0.13847,-0.42735,-0.38155,0.13522
5195,0.042001,0.013743,-0.06616,0.088448,-0.5852,-0.5053,0.098517
5196,0.0085458,-0.041799,-0.093444,0.0056225,-0.72844,-0.58553,0.061165
5197,-0.0076946,-0.066485,-0.12138,-0.084024,-0.80152,-0.60502,0.040052
5198,-0.0083442,-0.05804,-0.14022,-0.16165,-0.76709,-0.54655,0.040702
5199,-0.00087364,-0.024585,-0.14541,-0.21752,-0.61801,-0.41078,0.060515
5200,0.0088706,0.017316,-0.13827,-0.23863,-0.38707,-0.22434,0.088124
5201,0.014392,0.054668,-0.12495,-0.21557,-0.12592,-0.019063,0.11768
5202,0.0065969,0.07773,-0.11066,-0.15581,0.131,0.18687,0.14464
5203,-0.0093186,0.083901,-0.094093,-0.076229,0.36194,0.38857,0.169
5204,-0.021012,0.073832,-0.077853,0.0052977,0.54903,0.56429,0.18751
5205,-0.02426,0.048822,-0.063886,0.070584,0.66661,0.67343,0.19304
5206,-0.020687,0.015042,-0.055116,0.10826,0.69974,0.67278,0.18394
5207,-0.016464,-0.01549,-0.047971,0.12125,0.64484,0.54805,0.16445
5208,-0.018088,-0.039201,-0.035628,0.12028,0.51492,0.31906,0.14399
5209,-0.029782,-0.053492,-0.017764,0.12223,0.33303,0.034855,0.12418
5210,-0.056416,-0.061288,0.00042559,0.13132,0.12807,-0.23928,0.098842
5211,-0.092469,-0.061937,0.012119,0.14042,-0.059014,-0.44846,0.072533
5212,-0.11975,-0.052193,0.014392,0.13782,-0.18309,-0.55077,0.059216
5213,-0.12105,-0.025234,0.011469,0.11768,-0.20518,-0.54135,0.075131
5214,-0.089871,0.015042,0.0088706,0.086175,-0.11033,-0.44229,0.12223
5215,-0.035628,0.056942,0.014717,0.056942,0.059541,-0.2919,0.18589
5216,0.022188,0.086175,0.02641,0.041351,0.22097,-0.12852,0.24078
5217,0.066686,0.094295,0.036154,0.038753,0.29827,0.019914,0.26352
5218,0.088773,0.086175,0.040702,0.044924,0.27164,0.15503,0.24566
5219,0.087149,0.072858,0.038428,0.053369,0.16738,0.28528,0.19499
5220,0.072533,0.062139,0.038753,0.061489,0.044599,0.40351,0.13262
5221,0.05272,0.05142,0.047523,0.073182,-0.046996,0.48471,0.074157
5222,0.036804,0.042326,0.067011,0.091696,-0.092794,0.5107,0.02641
5223,0.034206,0.038103,0.092996,0.10989,-0.10449,0.48569,-0.0083442
5224,0.048172,0.037129,0.11606,0.12353,-0.098641,0.4295,-0.021661
5225,0.073832,0.034206,0.1297,0.1297,-0.086948,0.36681,-0.014516
5226,0.10534,0.027709,0.12905,0.12807,-0.063237,0.31614,0.0078962
5227,0.13522,0.014717,0.11508,0.12223,-0.013541,0.28918,0.039727
5228,0.15471,-0.0073698,0.093321,0.11118,0.05272,0.29665,0.074482
5229,0.15828,-0.036602,0.070584,0.084551,0.10566,0.34277,0.11054
5230,0.14919,-0.060963,0.047847,0.042975,0.11606,0.41618,0.15049
5231,0.13067,-0.061288,0.024786,-0.0024977,0.074806,0.48147,0.18622
5232,0.10274,-0.033679,0.0056225,-0.036927,-0.011917,0.49576,0.2057
5233,0.072533,0.0095202,-0.0044465,-0.052193,-0.11943,0.43859,0.19888
5234,0.042975,0.047198,-0.00054884,-0.045047,-0.21395,0.32491,0.16543
5235,0.01764,0.06084,0.015042,-0.017114,-0.26916,0.19141,0.11216
5236,-0.0034721,0.041351,0.03453,0.023162,-0.27209,0.095919,0.053044
5237,-0.019388,0.0010752,0.054019,0.061489,-0.23701,0.074806,-0.00022403
5238,-0.032705,-0.041799,0.070584,0.084551,-0.19316,0.10664,-0.044723
5239,-0.043748,-0.075579,0.078704,0.083251,-0.16588,0.13392,-0.0824
5240,-0.053168,-0.092145,0.073507,0.064088,-0.1675,0.10177,-0.12008
5241,-0.059339,-0.089221,0.056617,0.036479,-0.19121,-0.017114,-0.16003
5242,-0.059664,-0.070707,0.03583,0.0065969,-0.22434,-0.2133,-0.19836
5243,-0.052193,-0.042774,0.020888,-0.023285,-0.24188,-0.44424,-0.22337
5244,-0.036602,-0.013541,0.019914,-0.046996,-0.22954,-0.65374,-0.22467
5245,-0.015815,0.012443,0.037778,-0.054792,-0.19478,-0.80315,-0.19738
5246,-0.00054884,0.029333,0.06896,-0.04115,-0.17302,-0.8798,-0.15191
5247,0.0014,0.034855,0.10112,-0.008669,-0.19219,-0.90319,-0.098316
5248,-0.010618,0.027709,0.1219,0.042326,-0.25098,-0.90449,-0.050569
5249,-0.036278,0.011469,0.11866,0.10306,-0.31204,-0.91423,-0.030756
5250,-0.070382,-0.0060706,0.092021,0.15341,-0.3299,-0.94769,-0.062587
5251,-0.10806,-0.021986,0.053369,0.17517,-0.28216,-0.99803,-0.15158
5252,-0.14346,-0.033679,0.01894,0.1651,-0.17854,-1.0487,-0.27664
5253,-0.16945,-0.042449,-0.0047713,0.13262,-0.055116,-1.089,-0.40558
5254,-0.18439,-0.048945,-0.015165,0.096569,0.048822,-1.1267,-0.51374
5255,-0.19056,-0.052843,-0.016464,0.06831,0.11378,-1.1718,-0.5956
5256,-0.18991,-0.04927,-0.014191,0.050446,0.16445,-1.2144,-0.65276
5257,-0.18049,-0.039201,-0.012892,0.034206,0.23689,-1.2157,-0.67875
5258,-0.15451,-0.024909,-0.021337,0.012768,0.33985,-1.1406,-0.66153
5259,-0.11001,-0.01614,-0.042449,-0.0096434,0.45516,-0.98861,-0.60047
5260,-0.056416,-0.018088,-0.068109,-0.026858,0.5565,-0.7999,-0.50692
5261,-0.0096434,-0.03303,-0.086623,-0.034004,0.626,-0.62093,-0.39584
5262,0.020888,-0.054142,-0.086948,-0.021661,0.65231,-0.47996,-0.28378
5263,0.036479,-0.065835,-0.06551,0.0085458,0.62665,-0.37895,-0.18082
5264,0.043625,-0.056091,-0.033679,0.044599,0.53668,-0.30359,-0.096367
5265,0.045899,-0.026858,-0.0047713,0.068635,0.38207,-0.22564,-0.029782
5266,0.042001,0.0075714,0.0095202,0.069285,0.19044,-0.11423,0.016016
5267,0.029983,0.036479,0.0065969,0.04395,0.003024,0.058241,0.050446
5268,0.015367,0.057917,-0.0093186,0.0043233,-0.13632,0.28366,0.082277
5269,0.0052977,0.078055,-0.024909,-0.040175,-0.19056,0.51979,0.11995
5270,0.0052977,0.10274,-0.032705,-0.069733,-0.14249,0.70688,0.16185
5271,0.01829,0.13002,-0.029457,-0.075255,-0.011917,0.7988,0.20765
5272,0.042326,0.15341,-0.022311,-0.06681,0.14042,0.79198,0.25345
5273,0.071234,0.16705,-0.022961,-0.068434,0.24111,0.71728,0.29892
5274,0.096569,0.16738,-0.037902,-0.090521,0.2463,0.62276,0.34017
5275,0.11638,0.15731,-0.063561,-0.12755,0.14886,0.54838,0.36648
5276,0.12255,0.14464,-0.089871,-0.1623,-0.017764,0.5107,0.35512
5277,0.10631,0.131,-0.10936,-0.18601,-0.20615,0.51037,0.29762
5278,0.063438,0.11671,-0.11748,-0.19381,-0.37278,0.53181,0.20051
5279,0.00042559,0.10112,-0.10838,-0.18244,-0.49328,0.54285,0.084876
5280,-0.06616,0.080653,-0.082725,-0.15418,-0.55727,0.52044,-0.023285
5281,-0.1178,0.054668,-0.04927,-0.12138,-0.56734,0.46068,-0.10059
5282,-0.13664,0.027709,-0.019712,-0.093119,-0.53778,0.37655,-0.13307
5283,-0.11423,0.003024,-0.0021729,-0.073631,-0.48646,0.29113,-0.11488
5284,-0.057065,-0.019063,0.00010078,-0.054142,-0.428,0.22259,-0.056741
5285,0.013418,-0.046996,-0.013866,-0.030756,-0.36888,0.1768,0.019589
5286,0.075781,-0.078503,-0.039201,-0.0089938,-0.29125,0.15666,0.092021
5287,0.11378,-0.10221,-0.06681,0.0020496,-0.15808,0.16998,0.15179
5288,0.12288,-0.10416,-0.08305,-0.00087364,0.067336,0.2109,0.19239
5289,0.10696,-0.079802,-0.087922,-0.01614,0.37753,0.25832,0.20116
5290,0.076106,-0.044398,-0.088247,-0.045047,0.70591,0.28821,0.17355
5291,0.039078,-0.012242,-0.085648,-0.079802,0.95958,0.29373,0.12255
5292,0.0059473,0.0062721,-0.079802,-0.10351,1.0772,0.2947,0.073507
5293,-0.018413,0.0095202,-0.064536,-0.11066,1.0499,0.31192,0.045574
5294,-0.031406,0.0056225,-0.038876,-0.093119,0.92125,0.34927,0.041027
5295,-0.037577,-0.00022403,-0.0073698,-0.056091,0.753,0.40026,0.053694
5296,-0.047646,-0.0073698,0.01894,-0.0099683,0.59645,0.4571,0.067011
5297,-0.062262,-0.019063,0.03583,0.032906,0.47724,0.50518,0.074157
5298,-0.078178,-0.035953,0.042326,0.071558,0.39831,0.52272,0.073832
5299,-0.086298,-0.053817,0.045574,0.10339,0.3366,0.49316,0.06896
5300,-0.0837,-0.060313,0.049147,0.12613,0.27164,0.41715,0.066686
5301,-0.070058,-0.046022,0.055643,0.14074,0.21707,0.32588,0.079679
5302,-0.046671,-0.014516,0.064413,0.15406,0.20798,0.26742,0.11703
5303,-0.01484,0.019914,0.074482,0.17095,0.24306,0.28431,0.17517
5304,0.023162,0.044599,0.0865,0.19206,0.26027,0.37753,0.24793
5305,0.060515,0.060515,0.10079,0.21382,0.17777,0.49803,0.32361
5306,0.090722,0.072208,0.11638,0.23104,-0.042774,0.56592,0.38662
5307,0.11411,0.0865,0.13555,0.23526,-0.36368,0.51784,0.42203
5308,0.1284,0.10729,0.15438,0.22422,-0.68979,0.34537,0.42138
5309,0.13425,0.13522,0.169,0.20505,-0.92398,0.097868,0.3889
5310,0.1349,0.16575,0.1768,0.18492,-1.0045,-0.14671,0.33303
5311,0.13522,0.18687,0.17842,0.16543,-0.92138,-0.31431,0.26774
5312,0.13295,0.19076,0.1768,0.14399,-0.72389,-0.36336,0.20668
5313,0.13067,0.18069,0.17485,0.11671,-0.50335,-0.30814,0.15698
5314,0.12872,0.16315,0.17615,0.078379,-0.33932,-0.20388,0.11281
5315,0.12775,0.14302,0.1768,0.02706,-0.27111,-0.11391,0.067661
5316,0.12743,0.12223,0.17387,-0.032705,-0.28638,-0.076554,0.01829
5317,0.12515,0.10469,0.16413,-0.087597,-0.3325,-0.090196,-0.028807
5318,0.11963,0.092021,0.14302,-0.1282,-0.34939,-0.13242,-0.069408
5319,0.11476,0.082602,0.11898,-0.15029,-0.31334,-0.17789,-0.099615
5320,0.11476,0.07708,0.098517,-0.16003,-0.2435,-0.21395,-0.12657
5321,0.11963,0.076755,0.083251,-0.16035,-0.16718,-0.23831,-0.15353
5322,0.12515,0.081303,0.074482,-0.14152,-0.070707,-0.24643,-0.17757
5323,0.1258,0.083251,0.070259,-0.083375,0.080328,-0.22661,-0.18991
5324,0.11671,0.076106,0.066037,0.029333,0.3025,-0.16035,-0.18471
5325,0.096893,0.06084,0.057267,0.18427,0.56754,-0.036278,-0.15938
5326,0.069934,0.041676,0.047523,0.34764,0.80562,0.12223,-0.11845
5327,0.043625,0.023162,0.039727,0.48017,0.93262,0.25735,-0.072981
5328,0.019914,0.0088706,0.037454,0.55065,0.88228,0.31127,-0.025884
5329,0.0017248,0.0059473,0.043625,0.54935,0.65784,0.27002,0.022188
5330,-0.0050961,0.017316,0.061489,0.48406,0.3418,0.15926,0.072208
5331,0.0062721,0.038753,0.080978,0.37493,0.073182,0.031607,0.11573
5332,0.032906,0.061165,0.094945,0.24403,-0.026209,-0.053492,0.15049
5333,0.064737,0.081952,0.097868,0.11638,0.067011,-0.059339,0.17582
5334,0.09397,0.10047,0.092346,0.016666,0.26157,0.012443,0.18849
5335,0.10729,0.10924,0.083251,-0.041799,0.4282,0.11703,0.17712
5336,0.097218,0.10177,0.070909,-0.055116,0.4662,0.18946,0.13327
5337,0.064413,0.077405,0.051096,-0.033354,0.3431,0.17874,0.057592
5338,0.020888,0.041351,0.021863,-0.0015233,0.11183,0.073832,-0.030756
5339,-0.019388,-0.0011985,-0.013866,0.013093,-0.12592,-0.082725,-0.10644
5340,-0.051544,-0.044073,-0.04992,-0.0089938,-0.26332,-0.22369,-0.14736
5341,-0.077528,-0.0824,-0.079477,-0.062912,-0.25455,-0.29937,-0.15905
5342,-0.10481,-0.11228,-0.10189,-0.12625,-0.14152,-0.29547,-0.16523
5343,-0.13827,-0.13047,-0.12138,-0.17465,-0.017764,-0.22694,-0.18082
5344,-0.17594,-0.13859,-0.13307,-0.19576,0.047523,-0.11878,-0.19901
5345,-0.20453,-0.1334,-0.13112,-0.18439,0.03583,0.0078962,-0.19511
5346,-0.2094,-0.11456,-0.11098,-0.14834,-0.027508,0.1323,-0.14964
5347,-0.18309,-0.08305,-0.082076,-0.10546,-0.092469,0.22747,-0.061937
5348,-0.1334,-0.045372,-0.060638,-0.07493,-0.11553,0.27391,0.044599
5349,-0.076229,-0.016464,-0.053168,-0.069733,-0.087597,0.27651,0.14302
5350,-0.027508,-0.0021729,-0.059014,-0.093119,-0.016789,0.2541,0.207
5351,0.0046481,0.00010078,-0.073631,-0.13015,0.094945,0.22065,0.22617
5352,0.01764,-0.00022403,-0.085973,-0.15711,0.25215,0.18946,0.19336
5353,0.01829,0.0049729,-0.084674,-0.15548,0.44119,0.15828,0.11378
5354,0.021863,0.024137,-0.064536,-0.11521,0.61431,0.10794,0.011144
5355,0.039078,0.057917,-0.024585,-0.040825,0.69941,0.023487,-0.078503
5356,0.074482,0.10404,0.029333,0.046548,0.64095,-0.096367,-0.12008
5357,0.12548,0.14984,0.082927,0.1258,0.43892,-0.23116,-0.10091
5358,0.18199,0.18004,0.11378,0.17615,0.16445,-0.34972,-0.040175
5359,0.23201,0.19304,0.10761,0.18784,-0.078827,-0.41695,0.032257
5360,0.26904,0.19304,0.076106,0.1703,-0.20031,-0.40981,0.093321
5361,0.28626,0.19109,0.042975,0.14237,-0.16977,-0.32471,0.131
5362,0.27944,0.18946,0.023487,0.11476,-0.034329,-0.19706,0.14139
5363,0.25118,0.18751,0.01894,0.091047,0.11541,-0.080451,0.12613
5364,0.21155,0.18362,0.023812,0.072208,0.20343,-0.020687,0.092996
5365,0.17062,0.17322,0.029009,0.053369,0.19271,-0.030756,0.050121
5366,0.1271,0.14561,0.02641,0.031282,0.076755,-0.095393,0.0039985
5367,0.076431,0.096244,0.015367,0.010495,-0.13502,-0.18049,-0.043099
5368,0.017316,0.025761,-0.0031473,-0.010943,-0.41988,-0.25422,-0.089221
5369,-0.046347,-0.060638,-0.026533,-0.03173,-0.72812,-0.30782,-0.13404
5370,-0.10871,-0.15223,-0.04992,-0.052193,-0.98601,-0.35426,-0.17205
5371,-0.15581,-0.22824,-0.070058,-0.070058,-1.1169,-0.41793,-0.18861
5372,-0.17497,-0.26949,-0.080776,-0.076229,-1.0705,-0.50952,-0.16977
5373,-0.161,-0.27176,-0.079477,-0.06616,-0.85025,-0.62353,-0.10968
5374,-0.11943,-0.2448,-0.06616,-0.044073,-0.52414,-0.74955,-0.02361
5375,-0.064536,-0.20323,-0.044073,-0.026209,-0.19738,-0.88078,0.064413
5376,-0.017114,-0.15646,-0.024909,-0.023935,0.037778,-0.99413,0.1284
5377,0.011144,-0.11196,-0.018088,-0.037902,0.13327,-1.0526,0.16121
5378,0.024786,-0.070707,-0.017439,-0.056416,0.091047,-1.0321,0.1742
5379,0.040377,-0.029457,-0.012567,-0.071357,-0.058689,-0.93177,0.18784
5380,0.071558,0.015692,-0.0024977,-0.073306,-0.26851,-0.77002,0.22
5381,0.11898,0.064413,0.011144,-0.062912,-0.49263,-0.56929,0.27067
5382,0.169,0.11151,0.029333,-0.046996,-0.68719,-0.33867,0.31711
5383,0.20668,0.14724,0.045899,-0.028807,-0.81419,-0.07428,0.3366
5384,0.22454,0.1625,0.057917,-0.011267,-0.83855,0.22389,0.32621
5385,0.22617,0.15471,0.065062,0.0043233,-0.75118,0.54155,0.3038
5386,0.21837,0.12775,0.072533,0.017965,-0.57871,0.84752,0.28008
5387,0.20051,0.092021,0.079029,0.029009,-0.37213,1.084,0.25118
5388,0.16705,0.054019,0.083251,0.029983,-0.18179,1.1947,0.20635
5389,0.11931,0.022837,0.0865,0.014392,-0.030431,1.1704,0.13879
5390,0.067661,0.0043233,0.094295,-0.010943,0.080653,1.0625,0.059541
5391,0.021538,-0.00022403,0.10826,-0.032705,0.15373,0.96251,-0.0067202
5392,-0.012892,0.0014,0.12353,-0.039201,0.18979,0.94139,-0.040175
5393,-0.035303,0.0072465,0.1323,-0.027833,0.20311,1.0112,-0.038227
5394,-0.047321,0.013743,0.13262,-0.0089938,0.22877,1.1295,-0.010618
5395,-0.053168,0.019589,0.13002,0.010495,0.32653,1.2383,0.029009
5396,-0.057065,0.021538,0.12548,0.027385,0.54253,1.3036,0.075131
5397,-0.059664,0.017316,0.11443,0.044275,0.85987,1.3094,0.11281
5398,-0.063237,0.0065969,0.093321,0.067661,1.1762,1.2337,0.10956
5399,-0.07428,-0.0076946,0.060515,0.099817,1.3578,1.0509,0.042326
5400,-0.090521,-0.018738,0.024137,0.14042,1.3159,0.76242,-0.081101
5401,-0.10741,-0.021986,-0.0076946,0.17874,1.0629,0.41163,-0.21622
5402,-0.11715,-0.019063,-0.025234,0.19888,0.69389,0.067661,-0.31724
5403,-0.11196,-0.014516,-0.02426,0.19141,0.33205,-0.21135,-0.36173
5404,-0.094093,-0.010293,-0.010293,0.15958,0.06084,-0.40786,-0.36661
5405,-0.070382,-0.0041217,0.0065969,0.11638,-0.090845,-0.53811,-0.35881
5406,-0.045047,0.011469,0.01829,0.073832,-0.12625,-0.62678,-0.35394
5407,-0.017764,0.038428,0.023487,0.034206,-0.073631,-0.70083,-0.35004
5408,0.010819,0.075131,0.021538,-0.00087364,0.0026992,-0.76807,-0.33315
5409,0.038753,0.11216,0.017316,-0.028482,0.039078,-0.81224,-0.29482
5410,0.066362,0.14237,0.01829,-0.039526,0.010819,-0.8012,-0.23051
5411,0.090722,0.1677,0.027709,-0.023935,-0.060638,-0.70181,-0.14736
5412,0.10891,0.18849,0.039078,0.01764,-0.14087,-0.51634,-0.065186
5413,0.11313,0.20505,0.047847,0.070909,-0.20388,-0.28021,-0.011917
5414,0.095919,0.2083,0.051096,0.11703,-0.23474,-0.050894,0.003024
5415,0.058566,0.19011,0.047523,0.14886,-0.24221,0.13165,-0.011267
5416,0.0085458,0.15666,0.036479,0.15991,-0.24545,0.26417,-0.027183
5417,-0.036602,0.11866,0.019589,0.15049,-0.26202,0.37363,-0.021012
5418,-0.069733,0.088448,0.0020496,0.11995,-0.28865,0.48309,0.019264
5419,-0.093769,0.065387,-0.012892,0.074157,-0.2984,0.58151,0.081952
5420,-0.11261,0.043625,-0.022311,0.015367,-0.25065,0.63672,0.14042
5421,-0.13502,0.012119,-0.026533,-0.051544,-0.1269,0.61431,0.17192
5422,-0.16393,-0.034654,-0.028807,-0.11163,0.042975,0.49836,0.16738
5423,-0.18894,-0.09182,-0.030106,-0.14801,0.18589,0.29697,0.13717
5424,-0.20485,-0.14899,-0.034654,-0.15386,0.24078,0.0433,0.10144
5425,-0.2159,-0.19608,-0.045047,-0.13275,0.18719,-0.21557,0.074806
5426,-0.22856,-0.22986,-0.062587,-0.096692,0.04395,-0.44001,0.054993
5427,-0.24026,-0.2487,-0.079477,-0.05739,-0.14899,-0.60534,0.036804
5428,-0.24058,-0.25195,-0.086298,-0.01549,-0.34874,-0.70636,0.025761
5429,-0.22207,-0.24253,-0.080776,0.021538,-0.51602,-0.76547,0.028034
5430,-0.18796,-0.22597,-0.065835,0.053044,-0.6258,-0.81517,0.040702
5431,-0.14964,-0.20583,-0.04992,0.074482,-0.67387,-0.87558,0.048822
5432,-0.1256,-0.18374,-0.039201,0.081303,-0.66608,-0.93957,0.041676
5433,-0.12138,-0.161,-0.036927,0.069934,-0.62093,-0.98147,0.015692
5434,-0.12787,-0.12852,-0.039851,0.042326,-0.56117,-0.97887,-0.016464
5435,-0.12235,-0.078503,-0.042449,0.013093,-0.51115,-0.9191,-0.039201
5436,-0.087597,-0.011592,-0.040825,-0.0050961,-0.47867,-0.82036,-0.035953
5437,-0.021986,0.061814,-0.034004,-0.0037969,-0.4608,-0.72357,-0.0054209
5438,0.055968,0.12937,-0.02426,0.011469,-0.44294,-0.66446,0.037454
5439,0.12937,0.18004,-0.014191,0.038428,-0.40266,-0.64594,0.077405
5440,0.18492,0.21058,-0.0063954,0.067336,-0.31854,-0.65341,0.10014
5441,0.21837,0.22779,-0.0044465,0.087149,-0.19706,-0.66835,0.10079
5442,0.23559,0.24501,-0.010943,0.089098,-0.06681,-0.6755,0.080653
5443,0.2541,0.27489,-0.020037,0.068635,0.031282,-0.66088,0.045899
5444,0.29503,0.32328,-0.028157,0.031932,0.078379,-0.61151,0.0062721
5445,0.36324,0.3863,-0.030106,-0.0011985,0.087149,-0.52057,-0.026858
5446,0.44866,0.44834,-0.025884,-0.010943,0.079029,-0.40169,-0.040825
5447,0.52856,0.49088,-0.014191,0.011144,0.083901,-0.27534,-0.038551
5448,0.57339,0.50193,0.0072465,0.061489,0.1232,-0.15288,-0.03303
5449,0.55552,0.47757,0.033556,0.13035,0.20278,-0.025234,-0.036278
5450,0.47724,0.42203,0.05272,0.20116,0.31614,0.12807,-0.050569
5451,0.36713,0.34635,0.055968,0.25637,0.4295,0.31679,-0.067134
5452,0.25248,0.26319,0.044599,0.27586,0.47984,0.51102,-0.07428
5453,0.14854,0.17712,0.021538,0.24111,0.41618,0.65654,-0.066485
5454,0.063113,0.088773,-0.012242,0.1362,0.23461,0.70916,-0.051868
5455,-0.0057458,0.003024,-0.04992,-0.021986,-0.0063954,0.65946,-0.042124
5456,-0.059989,-0.072006,-0.086623,-0.18731,-0.2068,0.53863,-0.039526
5457,-0.10221,-0.13599,-0.11586,-0.30814,-0.28118,0.40416,-0.039851
5458,-0.13404,-0.19283,-0.12885,-0.35069,-0.19446,0.31354,-0.034329
5459,-0.15451,-0.24026,-0.12463,-0.31496,0.032906,0.30217,-0.017114
5460,-0.15776,-0.27306,-0.10514,-0.22759,0.32361,0.36226,0.012768
5461,-0.13827,-0.28151,-0.07428,-0.1269,0.58021,0.45126,0.05142
5462,-0.097017,-0.25845,-0.037902,-0.044398,0.72864,0.52402,0.086175
5463,-0.044398,-0.2055,-0.0024977,0.0072465,0.74943,0.55585,0.10989
5464,0.0065969,-0.13404,0.030308,0.030633,0.67375,0.55,0.1206
5465,0.047198,-0.059339,0.058241,0.034206,0.57241,0.53279,0.12288
5466,0.072858,0.0062721,0.078704,0.029333,0.53019,0.54935,0.12807
5467,0.084876,0.05207,0.089748,0.02706,0.62081,0.6325,0.14529
5468,0.087149,0.071234,0.093321,0.031607,0.8459,0.77217,0.17225
5469,0.083901,0.064413,0.093645,0.0433,1.1194,0.92061,0.20018
5470,0.075456,0.038428,0.094945,0.055968,1.3237,1.0193,0.22292
5471,0.064737,0.0023744,0.098517,0.066686,1.375,1.0369,0.23591
5472,0.054019,-0.028807,0.10501,0.076755,1.2571,0.97322,0.23754
5473,0.042001,-0.044073,0.11216,0.0852,1.0038,0.8524,0.22584
5474,0.023487,-0.044073,0.11508,0.087149,0.67765,0.70656,0.20148
5475,-0.0044465,-0.037902,0.11541,0.083251,0.33563,0.55909,0.17355
5476,-0.039851,-0.033679,0.11703,0.080003,0.012443,0.41813,0.15049
5477,-0.074605,-0.033679,0.12288,0.079354,-0.27599,0.27554,0.1284
5478,-0.10449,-0.038227,0.12937,0.080978,-0.52739,0.12743,0.098842
5479,-0.12203,-0.050569,0.1297,0.077405,-0.74338,-0.021337,0.058566
5480,-0.1269,-0.071032,0.11801,0.062789,-0.91423,-0.15808,0.011794
5481,-0.12982,-0.098316,0.096893,0.040052,-1.0295,-0.25715,-0.034004
5482,-0.13729,-0.1269,0.077405,0.0026992,-1.087,-0.30879,-0.076229
5483,-0.15321,-0.14801,0.062464,-0.04862,-1.0867,-0.32016,-0.11391
5484,-0.17205,-0.15613,0.051096,-0.10936,-1.0101,-0.30489,-0.15093
5485,-0.18894,-0.15516,0.039402,-0.16653,-0.83368,-0.27339,-0.18017
5486,-0.19836,-0.14314,0.026085,-0.21525,-0.55954,-0.23344,-0.19121
5487,-0.19381,-0.11878,0.013418,-0.26202,-0.24091,-0.19901,-0.18017
5488,-0.17205,-0.084349,0.0036737,-0.31139,0.042975,-0.19056,-0.14866
5489,-0.13892,-0.046347,0.0049729,-0.34322,0.22812,-0.22239,-0.10579
5490,-0.098316,-0.015165,0.020888,-0.31626,0.28171,-0.28313,-0.053817
5491,-0.055116,0.0023744,0.050121,-0.18731,0.21935,-0.3364,0.013093
5492,-0.013216,0.008221,0.08585,0.050446,0.10891,-0.34225,0.097868
5493,0.026085,0.011469,0.1219,0.35154,0.038428,-0.27891,0.19531
5494,0.062789,0.023487,0.15373,0.63023,0.06084,-0.15516,0.2947
5495,0.092346,0.046223,0.17225,0.80692,0.1638,0.0088706,0.3772
5496,0.11281,0.073507,0.17452,0.85077,0.27684,0.19531,0.43015
5497,0.1232,0.096893,0.1638,0.77574,0.32328,0.37525,0.45126
5498,0.12613,0.11313,0.15016,0.62633,0.27911,0.51817,0.43957
5499,0.12288,0.12483,0.1349,0.45418,0.1781,0.60619,0.40059
5500,0.11736,0.13944,0.12093,0.3012,0.084876,0.63088,0.34602
5501,0.11801,0.16315,0.10989,0.19693,0.056942,0.59515,0.28821
5502,0.12807,0.20083,0.10339,0.14756,0.1258,0.53019,0.23624
5503,0.14302,0.24468,0.099167,0.14204,0.28918,0.48731,0.18946
5504,0.15503,0.28528,0.09462,0.15276,0.49608,0.5055,0.14269
5505,0.15698,0.31159,0.088448,0.15698,0.66855,0.57598,0.087149
5506,0.14659,0.31484,0.081303,0.14984,0.73839,0.66303,0.024786
5507,0.12645,0.29243,0.081627,0.14009,0.70233,0.72864,-0.021012
5508,0.10371,0.2515,0.094295,0.14139,0.61269,0.74001,-0.029132
5509,0.08585,0.20213,0.11606,0.15991,0.53311,0.66433,-0.0018481
5510,0.078055,0.15731,0.1362,0.19434,0.47659,0.46945,0.033881
5511,0.083251,0.1206,0.14529,0.23169,0.38922,0.15666,0.053369
5512,0.095269,0.0865,0.14237,0.25085,0.20473,-0.23376,0.038103
5513,0.099492,0.040052,0.12418,0.22617,-0.083375,-0.62548,-0.018738
5514,0.083901,-0.030431,0.085525,0.14529,-0.41013,-0.94054,-0.10384
5515,0.045899,-0.1256,0.026735,0.017965,-0.67193,-1.1215,-0.19121
5516,-0.0031473,-0.22402,-0.043099,-0.11618,-0.78204,-1.1504,-0.25845
5517,-0.050894,-0.30197,-0.10903,-0.21817,-0.70311,-1.0523,-0.28411
5518,-0.086623,-0.34225,-0.1623,-0.26689,-0.47022,-0.87201,-0.26592
5519,-0.10611,-0.33543,-0.19478,-0.26592,-0.15483,-0.66153,-0.22174
5520,-0.10384,-0.28735,-0.20225,-0.22597,0.17485,-0.45788,-0.17594
5521,-0.08305,-0.21655,-0.18601,-0.16588,0.4597,-0.27728,-0.13924
5522,-0.053817,-0.14606,-0.15743,-0.10286,0.64939,-0.11845,-0.10903
5523,-0.026209,-0.088572,-0.12495,-0.04992,0.7111,0.027385,-0.074605
5524,-0.0057458,-0.047646,-0.097341,-0.017764,0.64127,0.16413,-0.027183
5525,0.0052977,-0.017114,-0.078178,-0.011267,0.45581,0.27261,0.031932
5526,0.0075714,0.0043233,-0.071357,-0.030431,0.20408,0.32848,0.087474
5527,0.0023744,0.021538,-0.07493,-0.06616,-0.053168,0.31451,0.1232
5528,-0.008669,0.030633,-0.083375,-0.10709,-0.27241,0.23104,0.13749
5529,-0.021661,0.029009,-0.090196,-0.14379,-0.43222,0.098517,0.13457
5530,-0.039851,0.019914,-0.093119,-0.17205,-0.52381,-0.04992,0.11378
5531,-0.064211,0.0085458,-0.091495,-0.19154,-0.54882,-0.18374,0.067336
5532,-0.094418,-0.0021729,-0.087922,-0.2016,-0.52934,-0.28833,-0.014191
5533,-0.12592,-0.012567,-0.088572,-0.20485,-0.48516,-0.3757,-0.13957
5534,-0.15386,-0.018738,-0.092469,-0.19673,-0.42085,-0.47184,-0.30035
5535,-0.17757,-0.024909,-0.096367,-0.1675,-0.35004,-0.5878,-0.46827
5536,-0.19706,-0.032705,-0.096692,-0.11261,-0.28995,-0.70765,-0.59495
5537,-0.20583,-0.036927,-0.093119,-0.038876,-0.26202,-0.8012,-0.64399
5538,-0.19348,-0.030106,-0.081426,0.041027,-0.26689,-0.8392,-0.60372
5539,-0.15418,-0.0089938,-0.058689,0.11931,-0.27339,-0.80932,-0.49426
5540,-0.095068,0.022188,-0.025559,0.18329,-0.23668,-0.71772,-0.35329
5541,-0.033679,0.053369,0.012119,0.22097,-0.15126,-0.57221,-0.22012
5542,0.0095202,0.074482,0.048172,0.22422,-0.053817,-0.37408,-0.11423
5543,0.028034,0.083576,0.072208,0.18914,-0.0024977,-0.13047,-0.034654
5544,0.028034,0.087474,0.080328,0.12125,-0.023935,0.13327,0.027709
5545,0.028684,0.096244,0.07708,0.042975,-0.097017,0.36226,0.085525
5546,0.041351,0.11476,0.072208,-0.021661,-0.17205,0.49868,0.14724
5547,0.071558,0.13977,0.073507,-0.057715,-0.18959,0.51752,0.20538
5548,0.11216,0.1625,0.080003,-0.059664,-0.10384,0.43762,0.25118
5549,0.15146,0.1781,0.088773,-0.038551,0.07773,0.30704,0.27781
5550,0.17582,0.18102,0.091047,-0.021337,0.27749,0.16868,0.28431
5551,0.1781,0.16933,0.075781,-0.028482,0.40351,0.047847,0.26937
5552,0.15633,0.14496,0.039402,-0.063561,0.40286,-0.050894,0.23006
5553,0.11736,0.11216,-0.0021729,-0.11293,0.27976,-0.14152,0.16575
5554,0.075781,0.082277,-0.026858,-0.15418,0.083251,-0.23409,0.086175
5555,0.048822,0.065387,-0.025559,-0.1675,-0.12333,-0.3312,0.0014
5556,0.042001,0.065712,-0.0021729,-0.14606,-0.30035,-0.44196,-0.084999
5557,0.048172,0.078055,0.03518,-0.096367,-0.42182,-0.58455,-0.17107
5558,0.059216,0.090722,0.072858,-0.034654,-0.46762,-0.75832,-0.24156
5559,0.06961,0.092996,0.10274,0.02641,-0.43157,-0.9282,-0.28313
5560,0.072208,0.079029,0.1206,0.078055,-0.3429,-1.0542,-0.30522
5561,0.065387,0.053369,0.12418,0.10826,-0.25975,-1.1101,-0.32211
5562,0.050446,0.027709,0.11118,0.10469,-0.22921,-1.0841,-0.33283
5563,0.032582,0.01017,0.081303,0.069285,-0.2591,-0.95841,-0.32308
5564,0.016991,0.0033489,0.046223,0.022512,-0.31983,-0.72065,-0.28573
5565,0.0075714,0.003024,0.020239,-0.012567,-0.37895,-0.38772,-0.22564
5566,0.011794,0.0091954,0.013093,-0.026533,-0.41305,-0.019712,-0.15711
5567,0.032582,0.01894,0.022512,-0.023285,-0.41078,0.31094,-0.087597
5568,0.064737,0.031607,0.042975,-0.011267,-0.37018,0.5526,-0.020362
5569,0.10177,0.045899,0.067011,0.0026992,-0.30165,0.68577,0.048172
5570,0.13425,0.064413,0.087799,0.016016,-0.21947,0.72507,0.12093
5571,0.15731,0.083901,0.096893,0.023812,-0.13762,0.70721,0.18849
5572,0.16575,0.09462,0.091047,0.030633,-0.070382,0.67375,0.23883
5573,0.15828,0.088448,0.072533,0.037778,-0.030431,0.66726,0.26547
5574,0.13814,0.064737,0.050121,0.039727,-0.029457,0.71175,0.26514
5575,0.10729,0.033231,0.032906,0.025761,-0.064536,0.79783,0.23494
5576,0.075781,0.0059473,0.019589,-0.0076946,-0.12398,0.89332,0.18297
5577,0.049796,-0.0099683,0.010495,-0.053168,-0.18439,0.95536,0.1323
5578,0.028684,-0.013541,-0.00087364,-0.092469,-0.21785,0.95146,0.10371
5579,0.01017,-0.010943,-0.016464,-0.11456,-0.20778,0.88195,0.10534
5580,-0.0073698,-0.0057458,-0.036927,-0.11748,-0.1636,0.78126,0.12645
5581,-0.020687,-0.0044465,-0.058365,-0.10481,-0.1217,0.69519,0.15406
5582,-0.027833,-0.0057458,-0.077853,-0.0824,-0.11358,0.65199,0.17907
5583,-0.029457,-0.0093186,-0.094093,-0.060313,-0.14964,0.65654,0.20181
5584,-0.026209,-0.012892,-0.10514,-0.047646,-0.21135,0.69356,0.22422
5585,-0.017114,-0.012567,-0.10806,-0.048296,-0.27111,0.7202,0.24728
5586,0.00042559,-0.0044465,-0.10026,-0.056741,-0.31204,0.68285,0.26742
5587,0.027709,0.015042,-0.080127,-0.061288,-0.33478,0.54643,0.28073
5588,0.06084,0.042975,-0.04992,-0.062262,-0.3416,0.31744,0.28301
5589,0.096569,0.073832,-0.016464,-0.061288,-0.32795,0.038428,0.27456
5590,0.13132,0.10177,0.009845,-0.04927,-0.29677,-0.24123,0.26319
5591,0.15633,0.12223,0.022837,-0.026209,-0.25942,-0.48159,0.2593
5592,0.1651,0.13165,0.01894,0.0026992,-0.23181,-0.66121,0.26514
5593,0.15438,0.13002,0.0075714,0.031607,-0.22239,-0.77164,0.26774
5594,0.13067,0.12288,-0.0034721,0.056617,-0.21947,-0.81159,0.25085
5595,0.10047,0.11281,-0.0089938,0.075781,-0.18244,-0.78269,0.207
5596,0.067986,0.10144,-0.0089938,0.088124,-0.053492,-0.69044,0.14432
5597,0.03583,0.090072,-0.007045,0.092671,0.2096,-0.53453,0.082602
5598,0.0043233,0.07773,-0.0080194,0.09462,0.58605,-0.32471,0.039402
5599,-0.022961,0.061814,-0.013541,0.099817,0.98784,-0.10416,0.014392
5600,-0.04115,0.045574,-0.021337,0.10631,1.2958,0.076431,-0.0034721
5601,-0.044723,0.031932,-0.025234,0.11411,1.4296,0.18719,-0.019712
5602,-0.030756,0.023487,-0.02426,0.1245,1.3909,0.22941,-0.031406
5603,-0.00087364,0.021213,-0.021337,0.1336,1.2438,0.22194,-0.036278
5604,0.036479,0.020564,-0.019712,0.13944,1.0557,0.19011,-0.03303
5605,0.072208,0.022512,-0.021661,0.1362,0.86474,0.15179,-0.021986
5606,0.095269,0.024786,-0.024909,0.11703,0.67408,0.10989,-0.0054209
5607,0.10209,0.024461,-0.028157,0.084876,0.48601,0.06084,0.009845
5608,0.094945,0.021538,-0.026533,0.049796,0.32426,0.0065969,0.024786
5609,0.080003,0.020239,-0.015815,0.027709,0.21967,-0.036602,0.036154
5610,0.064737,0.020564,0.0020496,0.026735,0.18557,-0.044398,0.04395
5611,0.054668,0.025111,0.020239,0.046223,0.21252,-0.0018481,0.05272
5612,0.053369,0.03518,0.038428,0.078704,0.27261,0.089748,0.062464
5613,0.058891,0.050121,0.059216,0.11671,0.33108,0.20635,0.071234
5614,0.066686,0.067336,0.079354,0.14984,0.36778,0.31484,0.078055
5615,0.072533,0.076431,0.095594,0.16933,0.38078,0.39896,0.08585
5616,0.071234,0.072858,0.10599,0.17257,0.37623,0.45775,0.094945
5617,0.061489,0.056617,0.10664,0.15991,0.34829,0.49056,0.10566
5618,0.043625,0.029983,0.09397,0.14074,0.28268,0.48341,0.11248
5619,0.021538,0.0043233,0.072858,0.12418,0.16413,0.41098,0.11281
5620,-0.00022403,-0.017439,0.047847,0.11183,-0.0031473,0.26384,0.11021
5621,-0.018738,-0.03303,0.025761,0.10014,-0.18796,0.062139,0.11573
5622,-0.030106,-0.043423,0.0091954,0.086175,-0.33835,-0.14639,0.13197
5623,-0.035303,-0.045372,0.0023744,0.066037,-0.41695,-0.31139,0.14951
5624,-0.033679,-0.0405,0.0052977,0.042326,-0.4254,-0.41013,0.15406
5625,-0.03238,-0.032055,0.013418,0.020564,-0.40266,-0.44359,0.13587
5626,-0.03238,-0.022961,0.019589,0.0046481,-0.3835,-0.42735,0.099167
5627,-0.035303,-0.01484,0.023812,0.00042559,-0.38187,-0.3809,0.056617
5628,-0.042449,-0.012567,0.029983,0.008221,-0.39324,-0.31789,0.022837
5629,-0.052193,-0.020362,0.044275,0.021863,-0.40493,-0.24903,0.00010078
5630,-0.060313,-0.037577,0.064088,0.037454,-0.40266,-0.18407,-0.021661
5631,-0.064536,-0.059989,0.084876,0.050771,-0.38707,-0.13177,-0.060313
5632,-0.068109,-0.080451,0.095919,0.057917,-0.35232,-0.092145,-0.12268
5633,-0.071682,-0.096042,0.09397,0.058241,-0.30067,-0.054792,-0.19348
5634,-0.070058,-0.10351,0.082602,0.053694,-0.24935,-0.011267,-0.24286
5635,-0.057715,-0.095717,0.06961,0.044275,-0.22044,0.03518,-0.25682
5636,-0.035953,-0.072006,0.062789,0.029983,-0.21817,0.067661,-0.24091
5637,-0.0093186,-0.033354,0.061814,0.011144,-0.21785,0.079354,-0.21492
5638,0.017965,0.016341,0.066686,-0.007045,-0.1753,0.07708,-0.18991
5639,0.042326,0.071883,0.076106,-0.010618,-0.052518,0.087474,-0.16003
5640,0.060515,0.12548,0.087149,0.010819,0.16121,0.1271,-0.11651
5641,0.071558,0.16575,0.096244,0.047523,0.44054,0.19304,-0.056091
5642,0.07773,0.18589,0.099167,0.073182,0.72734,0.26839,0.009845
5643,0.078055,0.18492,0.094945,0.071558,0.94334,0.32783,0.065062
5644,0.073507,0.17257,0.0865,0.047198,1.0271,0.35447,0.096569
5645,0.061489,0.16348,0.076755,0.022188,0.95926,0.34277,0.10404
5646,0.041351,0.16445,0.071883,0.012119,0.76924,0.30087,0.098517
5647,0.019589,0.16478,0.074157,0.017316,0.51232,0.24176,0.09462
5648,0.0014,0.14756,0.080653,0.019264,0.24403,0.17939,0.09462
5649,-0.0093186,0.10177,0.080328,0.0036737,0.0039985,0.12645,0.088773
5650,-0.014516,0.025761,0.067011,-0.035628,-0.18114,0.076755,0.064413
5651,-0.018088,-0.064211,0.045249,-0.092794,-0.29223,0.022512,0.014392
5652,-0.019063,-0.14541,0.021538,-0.15386,-0.32178,-0.043423,-0.051219
5653,-0.021337,-0.19803,0.0033489,-0.2068,-0.28735,-0.11845,-0.12398
5654,-0.031081,-0.21362,-0.007045,-0.24026,-0.22369,-0.19836,-0.19283
5655,-0.051544,-0.19803,-0.013866,-0.23636,-0.15678,-0.27631,-0.25098
5656,-0.080776,-0.1636,-0.017439,-0.18439,-0.093769,-0.34484,-0.29677
5657,-0.11033,-0.12657,-0.018738,-0.093444,-0.026533,-0.38934,-0.32568
5658,-0.13275,-0.095393,-0.020687,0.01017,0.06019,-0.39616,-0.3325
5659,-0.13957,-0.069083,-0.02426,0.098193,0.1742,-0.35654,-0.31724
5660,-0.1334,-0.04927,-0.03173,0.15796,0.32621,-0.26462,-0.27793
5661,-0.12008,-0.037902,-0.040175,0.18654,0.52466,-0.13242,-0.21557
5662,-0.11098,-0.035953,-0.050244,0.18719,0.73352,0.0095202,-0.14249
5663,-0.10514,-0.043099,-0.061937,0.16835,0.87286,0.11963,-0.072331
5664,-0.10059,-0.052193,-0.074605,0.13944,0.8511,0.16121,-0.019388
5665,-0.092469,-0.055766,-0.083375,0.10371,0.61853,0.11801,0.01017
5666,-0.075579,-0.041799,-0.080127,0.074157,0.19953,0.015692,0.029333
5667,-0.044073,-0.0089938,-0.063886,0.065387,-0.32276,-0.09182,0.058241
5668,-0.00087364,0.038103,-0.034978,0.090072,-0.83563,-0.15029,0.10826
5669,0.0433,0.083576,-0.0047713,0.13749,-1.2494,-0.13047,0.16803
5670,0.072858,0.11216,0.016991,0.18459,-1.5005,-0.044073,0.2187
5671,0.078704,0.11736,0.025436,0.20798,-1.5765,0.079354,0.24468
5672,0.066362,0.10469,0.021538,0.20311,-1.506,0.21025,0.24403
5673,0.050446,0.081627,0.0091954,0.18264,-1.3258,0.33205,0.23136
5674,0.049147,0.056617,-0.0073698,0.16056,-1.0497,0.44346,0.23039
5675,0.065712,0.038428,-0.015165,0.14496,-0.70246,0.53993,0.2541
5676,0.094945,0.031282,-0.007045,0.13457,-0.34744,0.60749,0.2973
5677,0.13262,0.03583,0.016016,0.12937,-0.04927,0.62438,0.34505
5678,0.1755,0.053694,0.046223,0.12613,0.15406,0.588,0.38662
5679,0.22032,0.0852,0.073832,0.11638,0.2489,0.50485,0.41163
5680,0.26319,0.12775,0.086175,0.090072,0.22487,0.38727,0.41326
5681,0.29665,0.17745,0.075456,0.035505,0.089748,0.25053,0.38954
5682,0.30834,0.22714,0.042651,-0.042774,-0.1191,0.094295,0.3366
5683,0.28691,0.26384,-0.0021729,-0.12008,-0.3338,-0.086298,0.25215
5684,0.23364,0.27067,-0.047321,-0.16847,-0.48321,-0.28443,0.14204
5685,0.16413,0.24306,-0.080127,-0.1753,-0.51115,-0.48484,0.026085
5686,0.094295,0.18751,-0.096042,-0.14574,-0.39162,-0.66251,-0.076229
5687,0.035505,0.11606,-0.093769,-0.096692,-0.13242,-0.78658,-0.14704
5688,-0.007045,0.041027,-0.079152,-0.039526,0.21447,-0.81419,-0.17822
5689,-0.035303,-0.025559,-0.060638,0.015367,0.57469,-0.72519,-0.17172
5690,-0.04992,-0.073306,-0.043423,0.056292,0.89072,-0.53356,-0.14119
5691,-0.051219,-0.099615,-0.026533,0.079354,1.1467,-0.28605,-0.10481
5692,-0.040825,-0.10189,-0.0063954,0.093321,1.3305,-0.043099,-0.076879
5693,-0.021986,-0.083375,0.017965,0.10891,1.402,0.15146,-0.060638
5694,0.0036737,-0.050569,0.04395,0.131,1.3292,0.28463,-0.050244
5695,0.030308,-0.007045,0.070259,0.15341,1.1317,0.36486,-0.030431
5696,0.056942,0.043625,0.091372,0.16348,0.87318,0.40481,0.0075714
5697,0.081303,0.088448,0.10177,0.13035,0.60359,0.4191,0.063438
5698,0.10079,0.11833,0.092996,0.022837,0.34797,0.42722,0.12483
5699,0.11378,0.1284,0.066686,-0.161,0.13879,0.45646,0.18297
5700,0.1271,0.12125,0.029658,-0.37765,0.011469,0.52499,0.23559
5701,0.14302,0.10631,-0.0021729,-0.55922,-0.038227,0.61171,0.27294
5702,0.15763,0.090072,-0.015815,-0.64204,-0.061613,0.66401,0.27489
5703,0.16803,0.07773,-0.0073698,-0.5839,-0.10546,0.64225,0.22812
5704,0.16868,0.071234,0.018615,-0.38642,-0.18309,0.5422,0.14367
5705,0.15958,0.071883,0.054019,-0.10481,-0.27956,0.39182,0.047847
5706,0.14399,0.078055,0.087474,0.17582,-0.37895,0.22649,-0.027508
5707,0.1219,0.084551,0.11313,0.3863,-0.46372,0.069285,-0.075255
5708,0.089098,0.090722,0.12872,0.5003,-0.52154,-0.070707,-0.10838
5709,0.0433,0.088773,0.13457,0.52402,-0.54005,-0.18764,-0.13892
5710,-0.013541,0.075131,0.1336,0.48406,-0.51797,-0.27566,-0.16588
5711,-0.073306,0.050446,0.1219,0.40871,-0.47249,-0.34484,-0.18439
5712,-0.13177,0.01894,0.099492,0.31809,-0.42605,-0.41858,-0.19381
5713,-0.18471,-0.021337,0.068635,0.22974,-0.39779,-0.51959,-0.2016
5714,-0.23246,-0.065835,0.032906,0.15438,-0.39844,-0.65146,-0.21557
5715,-0.27371,-0.11001,-0.0037969,0.097543,-0.4202,-0.79633,-0.24188
5716,-0.30587,-0.14476,-0.03238,0.05207,-0.43547,-0.91845,-0.28411
5717,-0.32438,-0.16555,-0.045372,0.014392,-0.41728,-0.98114,-0.33413
5718,-0.32666,-0.17659,-0.0405,-0.01614,-0.35102,-0.95906,-0.36985
5719,-0.31496,-0.18342,-0.023285,-0.043748,-0.24026,-0.84992,-0.37213
5720,-0.29612,-0.19673,-0.0057458,-0.073306,-0.10221,-0.6716,-0.33965
5721,-0.27339,-0.21687,0.0020496,-0.10676,0.033556,-0.4569,-0.28248
5722,-0.24415,-0.23701,-0.0028225,-0.14281,0.13912,-0.24221,-0.22174
5723,-0.20745,-0.24253,-0.01549,-0.17984,0.19596,-0.061937,-0.17659
5724,-0.16425,-0.22272,-0.024909,-0.20518,0.19401,0.057267,-0.15386
5725,-0.11748,-0.17335,-0.022636,-0.19056,0.1349,0.10696,-0.14346
5726,-0.070382,-0.10351,-0.0037969,-0.11878,0.022188,0.092021,-0.13242
5727,-0.030431,-0.029782,0.027709,-0.010293,-0.12917,0.031282,-0.10903
5728,-0.0047713,0.037454,0.060515,0.090072,-0.28151,-0.044398,-0.073631
5729,0.0043233,0.093321,0.08585,0.14724,-0.39129,-0.10351,-0.037252
5730,0.0046481,0.14074,0.098517,0.15016,-0.43904,-0.12625,-0.0054209
5731,0.008221,0.18102,0.10112,0.11768,-0.44683,-0.10968,0.024461
5732,0.020564,0.2135,0.098842,0.079354,-0.45593,-0.057715,0.054993
5733,0.045249,0.23201,0.093645,0.056942,-0.49296,0.012768,0.085525
5734,0.079679,0.22714,0.088773,0.050446,-0.54947,0.072533,0.10696
5735,0.12028,0.20213,0.081627,0.045899,-0.58195,0.10631,0.11346
5736,0.15666,0.169,0.073182,0.032257,-0.54005,0.1284,0.11281
5737,0.18622,0.14496,0.063438,0.0052977,-0.40169,0.16543,0.10989
5738,0.21285,0.14042,0.051745,-0.034004,-0.17757,0.24046,0.10501
5739,0.23948,0.15341,0.032257,-0.075904,0.10826,0.35934,0.095594
5740,0.25897,0.1742,0.0095202,-0.10286,0.42105,0.51135,0.082602
5741,0.26384,0.18816,-0.0028225,-0.096367,0.71533,0.67148,0.073507
5742,0.24436,0.18881,0.0052977,-0.044723,0.94139,0.7988,0.074482
5743,0.20635,0.1703,0.03518,0.037129,1.0561,0.85629,0.08585
5744,0.15828,0.13652,0.074806,0.10371,1.0512,0.81537,0.095919
5745,0.10599,0.091696,0.10079,0.11151,0.96608,0.6783,0.09397
5746,0.056617,0.045249,0.099492,0.053369,0.85987,0.48049,0.082277
5747,0.025761,0.0075714,0.073182,-0.035953,0.78159,0.28138,0.078704
5748,0.01829,-0.011917,0.037454,-0.10741,0.72962,0.1258,0.096244
5749,0.027385,-0.01549,0.0069217,-0.12463,0.65751,0.021213,0.13749
5750,0.038103,-0.020687,-0.010618,-0.089221,0.49998,-0.058689,0.18069
5751,0.032906,-0.046996,-0.027833,-0.027508,0.22812,-0.15191,0.19986
5752,-0.00087364,-0.096042,-0.060313,0.03518,-0.11228,-0.27079,0.18102
5753,-0.062912,-0.15223,-0.10351,0.079354,-0.43417,-0.39487,0.13002
5754,-0.13697,-0.19381,-0.14249,0.088773,-0.65796,-0.48744,0.063438
5755,-0.2029,-0.2042,-0.16425,0.064088,-0.74761,-0.53551,0.0046481
5756,-0.24415,-0.18764,-0.1649,0.020239,-0.70733,-0.54687,-0.029782
5757,-0.25162,-0.15581,-0.15126,-0.027508,-0.57611,-0.53875,-0.033679
5758,-0.22467,-0.1191,-0.13307,-0.070382,-0.41143,-0.51894,-0.010943
5759,-0.17562,-0.080776,-0.11553,-0.10351,-0.27728,-0.49426,0.029983
5760,-0.12138,-0.04115,-0.10059,-0.11845,-0.22304,-0.46925,0.072858
5761,-0.065835,-0.0018481,-0.091495,-0.11228,-0.26104,-0.45528,0.10599
5762,-0.0099683,0.037129,-0.088896,-0.085973,-0.36856,-0.47119,0.12905
5763,0.047847,0.076755,-0.086948,-0.04862,-0.50205,-0.51992,0.15146
5764,0.10242,0.11346,-0.077528,-0.0099683,-0.62093,-0.57546,0.18167
5765,0.14756,0.14367,-0.056741,0.025111,-0.68524,-0.58715,0.21707
5766,0.18102,0.1651,-0.025559,0.055968,-0.6362,-0.504,0.24858
5767,0.20148,0.17777,0.008221,0.085525,-0.4202,-0.30619,0.27586
5768,0.2135,0.18232,0.033881,0.11313,-0.026533,-0.010618,0.2986
5769,0.22129,0.17874,0.048172,0.13457,0.47497,0.31841,0.31289
5770,0.22844,0.169,0.050121,0.14302,0.94432,0.59417,0.31159
5771,0.24176,0.1625,0.043625,0.13522,1.2597,0.75723,0.28983
5772,0.25832,0.1625,0.037778,0.1206,1.4052,0.7975,0.25702
5773,0.27911,0.16575,0.041027,0.11183,1.4487,0.73904,0.22584
5774,0.30574,0.17355,0.057917,0.11508,1.4442,0.62016,0.2057
5775,0.3327,0.18654,0.080653,0.12223,1.4023,0.48569,0.19596
5776,0.34992,0.19921,0.10144,0.12548,1.3165,0.38078,0.19044
5777,0.34537,0.20278,0.11216,0.1258,1.1908,0.33238,0.17972
5778,0.32036,0.19499,0.11508,0.13262,1.0431,0.34212,0.15893
5779,0.27911,0.18037,0.11411,0.15211,0.87773,0.3824,0.12613
5780,0.22487,0.16413,0.11248,0.18329,0.68577,0.40416,0.080978
5781,0.16835,0.14237,0.10761,0.21642,0.45288,0.37168,0.024786
5782,0.11606,0.10761,0.096569,0.23689,0.18394,0.28301,-0.0405
5783,0.066362,0.062789,0.080003,0.23136,-0.094418,0.1755,-0.10741
5784,0.021213,0.016341,0.063438,0.2044,-0.3325,0.10242,-0.15873
5785,-0.01484,-0.017764,0.05142,0.16965,-0.47672,0.09462,-0.17757
5786,-0.0405,-0.035628,0.0433,0.13327,-0.50757,0.14074,-0.16555
5787,-0.061937,-0.039201,0.033881,0.07773,-0.44878,0.21025,-0.13242
5788,-0.0824,-0.037577,0.015692,-0.0076946,-0.34744,0.28918,-0.090196
5789,-0.10286,-0.039851,-0.016464,-0.11033,-0.25,0.37948,-0.049595
5790,-0.11943,-0.047971,-0.04927,-0.19706,-0.18147,0.48147,-0.011917
5791,-0.12917,-0.058689,-0.069408,-0.23538,-0.13957,0.57826,0.024461
5792,-0.12852,-0.066485,-0.065186,-0.21492,-0.11391,0.6377,0.056292
5793,-0.1178,-0.068758,-0.036927,-0.15191,-0.10416,0.62016,0.080978
5794,-0.10384,-0.064861,0.0033489,-0.076229,-0.11326,0.51557,0.10274
5795,-0.086948,-0.055116,0.041027,-0.010618,-0.14379,0.35187,0.12775
5796,-0.067459,-0.044723,0.067336,0.037454,-0.18147,0.18297,0.15633
5797,-0.04927,-0.040175,0.083576,0.072858,-0.21005,0.06831,0.18297
5798,-0.040825,-0.045372,0.092346,0.10436,-0.22694,0.031932,0.19531
5799,-0.046996,-0.055441,0.097218,0.13327,-0.24221,0.053044,0.1729
5800,-0.067784,-0.066485,0.097218,0.15438,-0.26332,0.091047,0.10242
5801,-0.097341,-0.078178,0.091696,0.15991,-0.28768,0.098193,-0.010618
5802,-0.13047,-0.087597,0.080653,0.14886,-0.31236,0.048497,-0.13664
5803,-0.15841,-0.094418,0.070259,0.1271,-0.32925,-0.05739,-0.2526
5804,-0.17757,-0.09182,0.066362,0.097218,-0.33185,-0.19803,-0.34517
5805,-0.18666,-0.075255,0.072208,0.071883,-0.32178,-0.32666,-0.40558
5806,-0.18634,-0.044723,0.082927,0.064413,-0.30165,-0.40006,-0.42052
5807,-0.17887,-0.008669,0.095269,0.078704,-0.27566,-0.40948,-0.38772
5808,-0.16165,0.023487,0.10664,0.10274,-0.25552,-0.38447,-0.32406
5809,-0.13632,0.041027,0.11313,0.11638,-0.24903,-0.37148,-0.2461
5810,-0.10514,0.032257,0.10891,0.10924,-0.2578,-0.39974,-0.1675
5811,-0.073631,0.00042559,0.09397,0.083576,-0.28053,-0.48614,-0.10091
5812,-0.047971,-0.0405,0.074482,0.045249,-0.30652,-0.62158,-0.057065
5813,-0.03238,-0.073306,0.056942,0.0014,-0.32568,-0.77749,-0.037252
5814,-0.027508,-0.088572,0.044275,-0.035953,-0.32406,-0.9204,-0.040175
5815,-0.026858,-0.086298,0.036154,-0.054792,-0.29028,-1.0224,-0.05804
5816,-0.025884,-0.071357,0.035505,-0.050894,-0.22629,-1.0591,-0.080451
5817,-0.022961,-0.050894,0.039727,-0.029132,-0.14866,-1.0169,-0.097341
5818,-0.018088,-0.034978,0.045249,-0.0018481,-0.075904,-0.90221,-0.11033
5819,-0.017114,-0.029132,0.047198,0.017316,-0.026533,-0.74728,-0.12982
5820,-0.024909,-0.034329,0.039727,0.019264,-0.0099683,-0.59949,-0.16555
5821,-0.041799,-0.049595,0.021863,0.0033489,-0.022311,-0.49523,-0.20875
5822,-0.060638,-0.063886,-0.007045,-0.020362,-0.051868,-0.44424,-0.23928
5823,-0.07428,-0.068434,-0.042124,-0.044398,-0.082725,-0.43222,-0.24383
5824,-0.080451,-0.059989,-0.076879,-0.068109,-0.094093,-0.43871,-0.22272
5825,-0.077853,-0.037252,-0.10124,-0.093119,-0.07428,-0.44099,-0.18114
5826,-0.064211,-0.0024977,-0.11066,-0.11391,-0.024909,-0.41468,-0.13697
5827,-0.035628,0.03453,-0.10709,-0.1256,0.041027,-0.35329,-0.11098
5828,0.0017248,0.061814,-0.093119,-0.123,0.10112,-0.26559,-0.11943
5829,0.032906,0.076106,-0.078178,-0.10709,0.12678,-0.17205,-0.15386
5830,0.048497,0.079679,-0.071357,-0.084024,0.10566,-0.090196,-0.19511
5831,0.046873,0.075781,-0.075579,-0.059339,0.054668,-0.019712,-0.21752
5832,0.032906,0.064413,-0.084349,-0.041475,0.014717,0.055968,-0.20583
5833,0.016016,0.048172,-0.087597,-0.028807,0.022837,0.15568,-0.15938
5834,0.0033489,0.033231,-0.078178,-0.016464,0.080003,0.27554,-0.089221
5835,-0.0011985,0.022512,-0.059339,-0.0011985,0.14724,0.39052,-0.013541
5836,0.0072465,0.021538,-0.035953,0.012443,0.18687,0.47627,0.047847
5837,0.028034,0.02706,-0.020037,0.024786,0.18816,0.53343,0.092021
5838,0.055318,0.039402,-0.017114,0.031932,0.1677,0.57631,0.1323
5839,0.079354,0.054993,-0.029132,0.032582,0.15146,0.60944,0.17745
5840,0.094295,0.065712,-0.055116,0.025111,0.14691,0.62438,0.22812
5841,0.098842,0.069934,-0.085973,0.012768,0.14529,0.60976,0.27716
5842,0.098842,0.071558,-0.10903,-0.0050961,0.12743,0.55909,0.30899
5843,0.10599,0.076755,-0.11228,-0.021012,0.088773,0.48926,0.31711
5844,0.12125,0.090722,-0.089871,-0.029132,0.036479,0.43404,0.30769
5845,0.14399,0.11021,-0.043748,-0.02426,-0.012567,0.42235,0.29633
5846,0.16283,0.12743,0.011794,-0.010293,-0.042124,0.46587,0.2973
5847,0.16705,0.12937,0.061814,0.0075714,-0.043099,0.55455,0.31386
5848,0.15601,0.10534,0.087149,0.028034,-0.018413,0.67083,0.34245
5849,0.13717,0.056617,0.081952,0.047847,0.019914,0.78776,0.37818
5850,0.11541,-0.0063954,0.054344,0.062789,0.055643,0.86669,0.40838
5851,0.091696,-0.069083,0.018615,0.069934,0.074806,0.86831,0.41423
5852,0.066686,-0.11521,-0.011917,0.067986,0.07773,0.78516,0.39117
5853,0.046873,-0.13307,-0.028482,0.055318,0.071234,0.6377,0.33887
5854,0.039402,-0.11975,-0.034329,0.033556,0.071883,0.4597,0.26807
5855,0.04395,-0.085324,-0.032705,0.011144,0.08585,0.28463,0.19596
5856,0.053694,-0.047646,-0.031081,-0.0050961,0.10534,0.12807,0.13457
5857,0.06084,-0.022961,-0.033679,-0.01484,0.11736,-0.0047713,0.081627
5858,0.063763,-0.017764,-0.0405,-0.023285,0.11183,-0.10806,0.029333
5859,0.066686,-0.025234,-0.04862,-0.036602,0.083901,-0.17887,-0.026858
5860,0.070909,-0.034654,-0.056416,-0.054142,0.041027,-0.22012,-0.086623
5861,0.070909,-0.035628,-0.060638,-0.072656,0.0036737,-0.23311,-0.14119
5862,0.065387,-0.020362,-0.055116,-0.084999,-0.007045,-0.21525,-0.17984
5863,0.055643,0.009845,-0.038876,-0.080451,0.011794,-0.17042,-0.19966
5864,0.037778,0.050446,-0.015165,-0.059339,0.044275,-0.123,-0.21265
5865,0.012768,0.091372,0.015367,-0.029782,0.066686,-0.10221,-0.22791
5866,-0.012892,0.1245,0.054344,0.0065969,0.059216,-0.11683,-0.24903
5867,-0.030106,0.14659,0.097543,0.048822,-0.0015233,-0.15938,-0.26429
5868,-0.028482,0.15731,0.13814,0.097868,-0.13372,-0.22142,-0.26234
5869,-0.0050961,0.15991,0.16803,0.14756,-0.32698,-0.2945,-0.23181
5870,0.032582,0.15731,0.18037,0.18816,-0.52869,-0.35491,-0.16945
5871,0.072533,0.15146,0.18102,0.21188,-0.65991,-0.37895,-0.080127
5872,0.10436,0.14237,0.17485,0.21512,-0.64659,-0.35361,0.025111
5873,0.12515,0.1336,0.16803,0.20765,-0.46697,-0.28411,0.12807
5874,0.13684,0.1284,0.16153,0.20181,-0.17465,-0.19673,0.21123
5875,0.14204,0.13035,0.15796,0.20246,0.11995,-0.1321,0.26547
5876,0.14496,0.13587,0.15698,0.20018,0.3051,-0.12073,0.28658
5877,0.14302,0.14139,0.15406,0.18719,0.32069,-0.174,0.27619
5878,0.13327,0.14237,0.14691,0.16056,0.17712,-0.27469,0.24046
5879,0.11281,0.13652,0.1336,0.12548,-0.058365,-0.38545,0.18914
5880,0.0852,0.12158,0.11606,0.091372,-0.30067,-0.46762,0.14009
5881,0.056942,0.10014,0.096244,0.063113,-0.48808,-0.5027,0.10209
5882,0.031282,0.074157,0.080328,0.038428,-0.59365,-0.48191,0.080653
5883,0.014392,0.048822,0.072208,0.019914,-0.61476,-0.40039,0.073182
5884,0.0088706,0.029333,0.070909,0.017316,-0.55207,-0.25162,0.076106
5885,0.012119,0.015042,0.071558,0.03453,-0.40071,-0.039201,0.084226
5886,0.019589,0.0075714,0.071234,0.066037,-0.17075,0.21642,0.092021
5887,0.028359,0.0085458,0.06961,0.10079,0.10112,0.48147,0.095919
5888,0.036479,0.020888,0.06831,0.1284,0.36031,0.72994,0.10209
5889,0.042326,0.040052,0.071234,0.14334,0.56527,0.95374,0.10989
5890,0.042326,0.057592,0.076755,0.13912,0.71143,1.1558,0.10859
5891,0.036479,0.064737,0.077405,0.11866,0.81732,1.3425,0.09397
5892,0.029983,0.063113,0.06831,0.090072,0.89072,1.5218,0.083576
5893,0.028034,0.053694,0.050771,0.058566,0.92353,1.6953,0.099817
5894,0.032582,0.040702,0.032257,0.028034,0.90242,1.8343,0.14919
5895,0.041676,0.032582,0.016991,-0.0044465,0.82446,1.8768,0.2135
5896,0.050446,0.034206,0.0033489,-0.046996,0.69941,1.7463,0.26092
5897,0.050771,0.049147,-0.0099683,-0.095717,0.54805,1.4078,0.26255
5898,0.040377,0.071883,-0.02426,-0.14087,0.39117,0.90566,0.21058
5899,0.026735,0.089423,-0.038551,-0.17075,0.24955,0.34505,0.12678
5900,0.01894,0.093645,-0.046022,-0.17302,0.13392,-0.15613,0.049472
5901,0.020239,0.086175,-0.041475,-0.14314,0.05142,-0.52024,-0.00022403
5902,0.028684,0.075131,-0.025559,-0.09182,0.0069217,-0.73624,-0.018738
5903,0.037778,0.066362,-0.0024977,-0.036278,0.0056225,-0.834,-0.018413
5904,0.042651,0.062139,0.025111,0.009845,0.05207,-0.83725,-0.0057458
5905,0.041027,0.057917,0.050446,0.044275,0.12385,-0.76287,0.018615
5906,0.036804,0.054344,0.067336,0.065387,0.16543,-0.63652,0.056292
5907,0.033556,0.05272,0.070584,0.072858,0.12483,-0.49523,0.10306
5908,0.032257,0.050771,0.062464,0.06961,-0.00054884,-0.37505,0.14691
5909,0.035505,0.044924,0.047198,0.064088,-0.17237,-0.30554,0.16185
5910,0.041676,0.036479,0.035505,0.064413,-0.33023,-0.30294,0.12905
5911,0.049796,0.02706,0.029983,0.071558,-0.43612,-0.36921,0.053694
5912,0.055643,0.020564,0.026735,0.081303,-0.48549,-0.48938,-0.038876
5913,0.056617,0.022837,0.024461,0.083576,-0.49913,-0.62418,-0.11423
5914,0.055318,0.033881,0.018615,0.072208,-0.50822,-0.73591,-0.14996
5915,0.058891,0.053369,0.0088706,0.050771,-0.52869,-0.79275,-0.14411
5916,0.064737,0.076431,-0.00022403,0.026735,-0.5459,-0.77944,-0.10774
5917,0.06831,0.10014,-0.0050961,0.0091954,-0.52544,-0.69564,-0.058689
5918,0.066037,0.12093,-0.0054209,0.003024,-0.44359,-0.56019,-0.0060706
5919,0.065062,0.14139,-0.0015233,0.0075714,-0.31594,-0.3809,0.054993
5920,0.073832,0.15828,0.0033489,0.014068,-0.18082,-0.1662,0.12743
5921,0.097868,0.16575,0.0065969,0.013743,-0.072656,0.061489,0.19953
5922,0.12905,0.16283,0.0046481,-0.00022403,0.0023744,0.27132,0.24988
5923,0.15211,0.14821,-0.0044465,-0.034004,0.078055,0.44509,0.25865
5924,0.15666,0.12483,-0.01549,-0.078827,0.19499,0.57176,0.21447
5925,0.13132,0.097218,-0.022311,-0.12073,0.36811,0.63575,0.11963
5926,0.072533,0.06831,-0.026858,-0.15743,0.56559,0.62146,-0.011592
5927,-0.011592,0.033231,-0.034978,-0.19901,0.7202,0.51427,-0.15061
5928,-0.098965,-0.008669,-0.04927,-0.2526,0.7608,0.32653,-0.26949
5929,-0.16425,-0.051219,-0.067459,-0.31691,0.65231,0.10274,-0.3442
5930,-0.19186,-0.084024,-0.086623,-0.36173,0.41456,-0.098316,-0.36206
5931,-0.18277,-0.10286,-0.10189,-0.34192,0.10274,-0.24253,-0.33088
5932,-0.15288,-0.11163,-0.10741,-0.21979,-0.22337,-0.32666,-0.27274
5933,-0.1217,-0.12235,-0.10449,-0.00054884,-0.51309,-0.37505,-0.21622
5934,-0.10384,-0.14314,-0.092794,0.25572,-0.7161,-0.4137,-0.1727
5935,-0.096692,-0.16685,-0.073306,0.46977,-0.80737,-0.45268,-0.13372
5936,-0.094093,-0.17952,-0.04992,0.59093,-0.78723,-0.47379,-0.091495
5937,-0.082076,-0.17075,-0.021986,0.60717,-0.6742,-0.44618,-0.044073
5938,-0.061937,-0.14249,0.0069217,0.53668,-0.49198,-0.34972,0.00075039
5939,-0.041475,-0.10449,0.027385,0.41293,-0.26592,-0.19446,0.033881
5940,-0.034654,-0.071682,0.033556,0.27424,-0.025559,-0.020037,0.042001
5941,-0.04115,-0.04862,0.028359,0.15406,0.18589,0.12418,0.01894
5942,-0.056416,-0.033354,0.01894,0.065387,0.32166,0.20505,-0.028482
5943,-0.070707,-0.019388,0.011469,0.0065969,0.35739,0.2122,-0.084024
5944,-0.077528,-0.0031473,0.01017,-0.028157,0.30834,0.15016,-0.13989
5945,-0.073306,0.012768,0.016666,-0.046671,0.21188,0.037129,-0.19543
5946,-0.063561,0.022837,0.024786,-0.058689,0.10501,-0.094418,-0.24643
5947,-0.052518,0.025436,0.031607,-0.065835,0.0056225,-0.21265,-0.28378
5948,-0.047971,0.022837,0.031932,-0.064536,-0.078827,-0.29775,-0.29775
5949,-0.051219,0.015692,0.028359,-0.050569,-0.14054,-0.34744,-0.28248
5950,-0.057715,0.0010752,0.025761,-0.024585,-0.16782,-0.36303,-0.24091
5951,-0.06681,-0.024585,0.024786,0.0036737,-0.14541,-0.36141,-0.19056
5952,-0.0837,-0.059664,0.019914,0.019914,-0.070058,-0.37343,-0.1597
5953,-0.11033,-0.10319,0.008221,0.01829,0.029009,-0.42767,-0.1636
5954,-0.14411,-0.14704,-0.010293,0.00075039,0.10566,-0.51667,-0.19998
5955,-0.17822,-0.18309,-0.032705,-0.027183,0.14919,-0.60404,-0.24675
5956,-0.19933,-0.20031,-0.04992,-0.054467,0.18524,-0.63782,-0.27631
5957,-0.19933,-0.19511,-0.054792,-0.078503,0.23883,-0.59007,-0.27111
5958,-0.17562,-0.1701,-0.047321,-0.098965,0.29827,-0.47477,-0.23181
5959,-0.13145,-0.12722,-0.030106,-0.10806,0.32426,-0.32795,-0.16685
5960,-0.071682,-0.069083,-0.0093186,-0.096042,0.2921,-0.18699,-0.0824
5961,-0.0050961,-0.0073698,0.013743,-0.061288,0.20993,-0.070382,0.0069217
5962,0.057267,0.044275,0.040052,-0.014516,0.11541,0.0091954,0.088124
5963,0.10274,0.076755,0.067336,0.03583,0.041351,0.047847,0.15309
5964,0.12872,0.094295,0.093321,0.089423,-0.014516,0.036479,0.19499
5965,0.14432,0.10664,0.12028,0.14984,-0.078503,-0.02361,0.21707
5966,0.15373,0.1232,0.15146,0.21772,-0.14931,-0.10481,0.22909
5967,0.15991,0.14789,0.18654,0.28041,-0.19348,-0.16653,0.24663
5968,0.16738,0.17712,0.21902,0.32134,-0.16718,-0.17854,0.27879
5969,0.18004,0.19856,0.23818,0.32296,-0.061937,-0.14249,0.32393
5970,0.19141,0.2057,0.23526,0.29145,0.089423,-0.082725,0.36876
5971,0.19434,0.19563,0.21025,0.23981,0.24403,-0.028157,0.39637
5972,0.18784,0.169,0.1729,0.18297,0.38045,0.0014,0.39896
5973,0.17907,0.131,0.13295,0.13457,0.49965,0.0033489,0.3798
5974,0.17615,0.092021,0.099167,0.10014,0.61399,0.008221,0.34959
5975,0.17745,0.06019,0.076755,0.075456,0.71663,0.068635,0.32588
5976,0.17517,0.041351,0.067661,0.062139,0.78613,0.21675,0.31192
5977,0.16056,0.031932,0.067336,0.055318,0.79231,0.43177,0.30152
5978,0.12678,0.029009,0.066362,0.044924,0.71825,0.65037,0.28073
5979,0.080653,0.032582,0.054019,0.022512,0.57371,0.79913,0.23494
5980,0.037778,0.044275,0.032582,-0.013541,0.39052,0.81894,0.1638
5981,0.013418,0.06831,0.0052977,-0.055441,0.18816,0.70428,0.080328
5982,0.014392,0.10534,-0.021661,-0.092794,-0.014191,0.50745,0.010495
5983,0.040052,0.14659,-0.046671,-0.11423,-0.19543,0.31127,-0.027508
5984,0.078379,0.18557,-0.067134,-0.11618,-0.3377,0.18134,-0.025884
5985,0.12028,0.21512,-0.074605,-0.10514,-0.43092,0.14074,0.013093
5986,0.15861,0.23201,-0.070382,-0.086948,-0.47607,0.15958,0.072858
5987,0.18622,0.22844,-0.060638,-0.069408,-0.48126,0.18979,0.12807
5988,0.19531,0.20473,-0.04992,-0.063237,-0.46048,0.18362,0.15958
5989,0.17387,0.16218,-0.0405,-0.071032,-0.43417,0.11768,0.16218
5990,0.11703,0.10339,-0.033679,-0.092145,-0.41728,-0.0011985,0.14367
5991,0.037454,0.030633,-0.03303,-0.12203,-0.41176,-0.13957,0.11995
5992,-0.039851,-0.053492,-0.04862,-0.15581,-0.40493,-0.25942,0.10014
5993,-0.092794,-0.13762,-0.082725,-0.18342,-0.38772,-0.32763,0.088773
5994,-0.10936,-0.20388,-0.12527,-0.19283,-0.35296,-0.33088,0.082277
5995,-0.097666,-0.23733,-0.1623,-0.18374,-0.29645,-0.27436,0.079354
5996,-0.072656,-0.23571,-0.18244,-0.16165,-0.23214,-0.18017,0.075131
5997,-0.04927,-0.2094,-0.18634,-0.13469,-0.19283,-0.086298,0.062789
5998,-0.038876,-0.16912,-0.1753,-0.10903,-0.21752,-0.028157,0.037778
5999,-0.043748,-0.11715,-0.15256,-0.084349,-0.31009,-0.02426,-0.0018481
6000,-0.060963,-0.055116,-0.11878,-0.05804,-0.4215,-0.073306,-0.04992
6001,-0.089546,0.0085458,-0.081751,-0.03238,-0.47574,-0.15061,-0.10189
6002,-0.13015,0.059541,-0.052843,-0.0096434,-0.43579,-0.21817,-0.15678
6003,-0.17919,0.078704,-0.034978,0.0014,-0.32276,-0.2487,-0.20908
6004,-0.22109,0.057917,-0.034654,-0.0034721,-0.20031,-0.22304,-0.24188
6005,-0.23896,0.0020496,-0.050894,-0.016789,-0.123,-0.14346,-0.24123
6006,-0.2159,-0.064211,-0.072006,-0.024585,-0.090196,-0.023285,-0.20128
6007,-0.15548,-0.11033,-0.075904,-0.012242,-0.068758,0.11671,-0.13177
6008,-0.086298,-0.12722,-0.052193,0.021213,-0.019712,0.25605,-0.04992
6009,-0.044073,-0.12138,-0.0076946,0.065712,0.058891,0.38467,0.02706
6010,-0.047321,-0.11163,0.03518,0.10631,0.13327,0.50063,0.085525
6011,-0.092145,-0.11228,0.056617,0.12775,0.16023,0.59612,0.11898
6012,-0.1597,-0.1282,0.05142,0.12645,0.11995,0.64452,0.12418
6013,-0.22759,-0.15808,0.023487,0.10664,0.032582,0.63023,0.10371
6014,-0.27339,-0.19543,-0.01549,0.07708,-0.052193,0.56819,0.066037
6015,-0.28248,-0.22824,-0.054792,0.044924,-0.088896,0.50128,0.028359
6016,-0.24838,-0.23863,-0.080127,0.024461,-0.046671,0.46555,0.0036737
6017,-0.17594,-0.21492,-0.076554,0.025111,0.093321,0.47237,-0.0041217
6018,-0.072331,-0.15126,-0.040825,0.045899,0.32523,0.50583,0.0072465
6019,0.046873,-0.057065,0.012443,0.079029,0.60489,0.53863,0.029983
6020,0.16283,0.046873,0.065062,0.10956,0.86831,0.54805,0.053694
6021,0.26352,0.14821,0.10826,0.12775,1.0505,0.52824,0.075781
6022,0.34764,0.24078,0.14204,0.13262,1.1145,0.48309,0.092671
6023,0.41553,0.32393,0.16965,0.1258,1.0664,0.41553,0.10534
6024,0.46555,0.38857,0.19434,0.11086,0.9258,0.32004,0.11054
6025,0.49641,0.4243,0.2096,0.089423,0.71955,0.18849,0.10274
6026,0.50615,0.4256,0.20993,0.063113,0.47984,0.024137,0.079354
6027,0.49706,0.39409,0.19563,0.039402,0.23754,-0.1623,0.044275
6028,0.47367,0.34115,0.17517,0.02706,0.0056225,-0.34874,0.0062721
6029,0.44086,0.27911,0.15796,0.032906,-0.2146,-0.5014,-0.019063
6030,0.40254,0.22194,0.15146,0.053044,-0.42507,-0.59137,-0.029457
6031,0.34797,0.1768,0.15244,0.069285,-0.61963,-0.61508,-0.045047
6032,0.27294,0.14334,0.14984,0.063763,-0.77879,-0.59884,-0.091495
6033,0.17712,0.11671,0.1297,0.028359,-0.86486,-0.57091,-0.17789
6034,0.070584,0.091696,0.089423,-0.029457,-0.82134,-0.54655,-0.28735
6035,-0.030431,0.070259,0.0433,-0.085973,-0.60664,-0.50985,-0.3809
6036,-0.10449,0.056292,0.0091954,-0.11586,-0.23961,-0.42702,-0.4254
6037,-0.13924,0.054019,-0.0024977,-0.11813,0.17615,-0.28248,-0.41176
6038,-0.13372,0.064088,0.0056225,-0.10416,0.5081,-0.093119,-0.35654
6039,-0.096042,0.08585,0.025436,-0.081426,0.66791,0.11573,-0.28411
6040,-0.048296,0.11248,0.049147,-0.051868,0.65751,0.31906,-0.20972
6041,-0.011592,0.1284,0.069934,-0.018088,0.55812,0.48829,-0.14931
6042,0.0033489,0.12548,0.079679,0.014392,0.44119,0.59385,-0.10741
6043,-0.00054884,0.10501,0.075781,0.037778,0.32198,0.63283,-0.073955
6044,-0.010943,0.077405,0.057267,0.052395,0.18004,0.63737,-0.040175
6045,-0.013216,0.056942,0.031607,0.062789,0.0088706,0.64225,0.0052977
6046,-0.0011985,0.049796,0.01017,0.07773,-0.1623,0.66336,0.062464
6047,0.019264,0.053694,0.0039985,0.10501,-0.29905,0.69779,0.12905
6048,0.041676,0.057592,0.013743,0.14107,-0.38447,0.72312,0.19856
6049,0.051745,0.049472,0.03453,0.16965,-0.4202,0.71533,0.26125
6050,0.043625,0.024786,0.059541,0.18394,-0.4189,0.67732,0.30672
6051,0.018615,-0.007045,0.082602,0.18492,-0.40851,0.63932,0.33985
6052,-0.011917,-0.030756,0.10209,0.18134,-0.42994,0.65978,0.37103
6053,-0.033354,-0.032705,0.11411,0.18102,-0.5053,0.80108,0.41293
6054,-0.039851,-0.014516,0.11573,0.18362,-0.60534,1.0775,0.46815
6055,-0.027508,0.010819,0.10501,0.18914,-0.67745,1.4241,0.53019
6056,-0.00087364,0.030957,0.088124,0.19174,-0.68264,1.7131,0.5854
6057,0.029333,0.038428,0.074482,0.18394,-0.63782,1.8008,0.61529
6058,0.046223,0.033231,0.067011,0.16575,-0.58942,1.6047,0.59612
6059,0.043625,0.017316,0.061165,0.14237,-0.56734,1.1431,0.51265
6060,0.022512,-0.0034721,0.05207,0.11086,-0.54623,0.52499,0.37233
6061,-0.013216,-0.027508,0.030957,0.065387,-0.46665,-0.11131,0.20635
6062,-0.054467,-0.04992,-0.00087364,0.0075714,-0.2919,-0.65958,0.053369
6063,-0.095068,-0.067784,-0.035953,-0.050244,-0.055116,-1.0922,-0.064211
6064,-0.12365,-0.074605,-0.064861,-0.087272,0.16803,-1.4255,-0.14769
6065,-0.13437,-0.064211,-0.079152,-0.085648,0.31744,-1.6844,-0.212
6066,-0.1308,-0.036278,-0.078178,-0.046671,0.3798,-1.8971,-0.27014
6067,-0.1204,0.0023744,-0.06551,0.009845,0.3798,-2.0871,-0.33153
6068,-0.11228,0.038428,-0.049595,0.06084,0.35447,-2.2619,-0.39649
6069,-0.11066,0.053369,-0.037577,0.092346,0.3379,-2.4217,-0.47217
6070,-0.11586,0.0433,-0.030431,0.10566,0.34635,-2.5639,-0.56247
6071,-0.12398,0.014068,-0.030431,0.10501,0.36713,-2.6724,-0.67193
6072,-0.1334,-0.019388,-0.0405,0.087799,0.36778,-2.7218,-0.78561
6073,-0.13924,-0.0405,-0.05804,0.05272,0.32004,-2.6809,-0.87006
6074,-0.13599,-0.038551,-0.082076,0.003024,0.22454,-2.5181,-0.88175
6075,-0.11878,-0.015165,-0.10741,-0.059989,0.11866,-2.2255,-0.80217
6076,-0.092469,0.019589,-0.12398,-0.12463,0.057917,-1.8269,-0.64692
6077,-0.067784,0.054668,-0.12203,-0.17594,0.084226,-1.3651,-0.4595
6078,-0.050894,0.079679,-0.09994,-0.18829,0.20538,-0.88825,-0.28151
6079,-0.046996,0.086824,-0.065186,-0.14119,0.38435,-0.43774,-0.13502
6080,-0.054467,0.075456,-0.027183,-0.028482,0.55682,-0.04862,-0.022961
6081,-0.072656,0.043625,0.0026992,0.11866,0.65654,0.24403,0.058566
6082,-0.097666,-0.0057458,0.014717,0.25313,0.64095,0.41943,0.11476
6083,-0.1243,-0.066485,0.0046481,0.33238,0.5107,0.48731,0.14724
6084,-0.14054,-0.12592,-0.023285,0.33855,0.31029,0.47952,0.16673
6085,-0.13664,-0.17237,-0.057065,0.28463,0.095919,0.42852,0.18232
6086,-0.11098,-0.19803,-0.081101,0.20083,-0.092469,0.35901,0.19791
6087,-0.072006,-0.20096,-0.086948,0.11833,-0.24448,0.29015,0.21577
6088,-0.028157,-0.18374,-0.075904,0.050446,-0.37278,0.22714,0.23429
6089,0.013743,-0.15126,-0.055116,-0.00022403,-0.48289,0.16998,0.24923
6090,0.051745,-0.11131,-0.034329,-0.034329,-0.55857,0.11963,0.25475
6091,0.083901,-0.075904,-0.017439,-0.056091,-0.57351,0.081952,0.24371
6092,0.10924,-0.04992,-0.0047713,-0.063237,-0.52381,0.06019,0.22032
6093,0.12483,-0.035303,0.0052977,-0.061613,-0.42247,0.051745,0.20181
6094,0.1323,-0.026533,0.015042,-0.053492,-0.29255,0.061814,0.20181
6095,0.13392,-0.011917,0.027385,-0.042124,-0.1688,0.09397,0.22065
6096,0.1297,0.013418,0.042326,-0.028807,-0.09994,0.15341,0.24436
6097,0.11606,0.04395,0.05272,-0.018413,-0.12333,0.24338,0.258
6098,0.092346,0.065712,0.055318,-0.015815,-0.23181,0.36194,0.24923
6099,0.061165,0.068635,0.044924,-0.023285,-0.36856,0.49706,0.22032
6100,0.028034,0.051096,0.02706,-0.037902,-0.44229,0.64095,0.18459
6101,-0.0041217,0.022512,0.0056225,-0.048296,-0.36953,0.77737,0.15698
6102,-0.033679,-0.0057458,-0.0076946,-0.045047,-0.1243,0.89365,0.14139
6103,-0.054467,-0.026533,-0.0093186,-0.026209,0.23461,0.97712,0.12743
6104,-0.05804,-0.035628,0.00042559,0.003024,0.5919,1.0275,0.10631
6105,-0.043423,-0.028807,0.019589,0.039402,0.84135,1.0473,0.076106
6106,-0.020037,-0.0060706,0.044599,0.078055,0.93295,1.0379,0.047198
6107,0.0017248,0.023162,0.073182,0.11443,0.8852,1.0031,0.026085
6108,0.014392,0.047198,0.099492,0.14432,0.7595,0.94627,0.016016
6109,0.016991,0.062789,0.11801,0.15633,0.62211,0.86182,0.013743
6110,0.011469,0.06961,0.12158,0.13912,0.51557,0.74294,0.011794
6111,0.010495,0.075131,0.11313,0.0865,0.45418,0.59417,0.0072465
6112,0.023812,0.083251,0.10047,0.0062721,0.42495,0.43177,0.0069217
6113,0.057592,0.091696,0.091696,-0.082725,0.39312,0.28041,0.016341
6114,0.10826,0.096244,0.086175,-0.1623,0.32751,0.15991,0.035505
6115,0.16673,0.097543,0.080653,-0.2172,0.20798,0.0852,0.059216
6116,0.22552,0.098517,0.06961,-0.23993,0.029009,0.053044,0.072533
6117,0.27489,0.10014,0.054668,-0.23474,-0.18991,0.037129,0.070584
6118,0.30964,0.10534,0.039727,-0.21785,-0.40591,0.020564,0.059865
6119,0.32426,0.11476,0.03518,-0.19836,-0.58065,0.0078962,0.05272
6120,0.31809,0.12385,0.044599,-0.17692,-0.68199,0.014717,0.062464
6121,0.29633,0.1284,0.058891,-0.14606,-0.69369,0.055643,0.092021
6122,0.26417,0.12775,0.070259,-0.10514,-0.62288,0.131,0.13295
6123,0.22877,0.12125,0.071883,-0.06551,-0.50757,0.22292,0.16608
6124,0.19563,0.11086,0.064737,-0.042124,-0.39227,0.30834,0.1742
6125,0.1664,0.10014,0.053369,-0.035628,-0.31301,0.35609,0.14561
6126,0.13977,0.092671,0.036804,-0.034329,-0.27988,0.34829,0.084226
6127,0.11313,0.089748,0.020888,-0.029457,-0.25357,0.31094,0.015692
6128,0.090722,0.09462,0.012768,-0.010293,-0.15093,0.30802,-0.028482
6129,0.080003,0.10566,0.01894,0.028684,0.10956,0.39669,-0.020362
6130,0.080978,0.12028,0.037454,0.078379,0.51492,0.57144,0.043625
6131,0.088448,0.13847,0.063438,0.12385,0.93067,0.76145,0.14204
6132,0.092346,0.16413,0.089748,0.15244,1.1944,0.89105,0.24176
6133,0.088124,0.19011,0.11281,0.16218,1.2214,0.92158,0.31322
6134,0.072533,0.20083,0.12613,0.15568,1.033,0.85337,0.34829
6135,0.0433,0.18622,0.12678,0.13684,0.7228,0.7241,0.35024
6136,0.0075714,0.14561,0.11378,0.10664,0.38922,0.58735,0.32978
6137,-0.025559,0.087149,0.091696,0.070259,0.11021,0.48406,0.29892
6138,-0.055116,0.020564,0.064413,0.033556,-0.076554,0.42982,0.26742
6139,-0.082725,-0.048945,0.036804,-0.00022403,-0.17562,0.41033,0.24436
6140,-0.10384,-0.11326,0.009845,-0.025884,-0.21395,0.38792,0.22682
6141,-0.11456,-0.16003,-0.015815,-0.038551,-0.22142,0.32946,0.21512
6142,-0.11553,-0.18407,-0.037577,-0.034978,-0.21167,0.22552,0.20473
6143,-0.11131,-0.18277,-0.04927,-0.024909,-0.18049,0.095594,0.19304
6144,-0.10026,-0.16068,-0.047971,-0.020687,-0.1217,-0.021012,0.18167
6145,-0.085973,-0.1282,-0.035953,-0.033679,-0.054467,-0.098316,0.1742
6146,-0.072331,-0.096367,-0.022311,-0.067134,-0.022311,-0.13145,0.16705
6147,-0.059664,-0.067134,-0.016789,-0.10319,-0.062262,-0.13697,0.14756
6148,-0.053492,-0.046671,-0.018738,-0.11683,-0.19478,-0.16035,0.10404
6149,-0.05804,-0.037577,-0.027833,-0.09994,-0.40558,-0.2435,0.027709
6150,-0.076554,-0.04115,-0.039526,-0.060638,-0.63295,-0.40136,-0.078503
6151,-0.09994,-0.04927,-0.047971,-0.010293,-0.78106,-0.59884,-0.19446
6152,-0.11001,-0.047971,-0.048296,0.046873,-0.76904,-0.75735,-0.28118
6153,-0.097017,-0.028807,-0.035303,0.11411,-0.58878,-0.80055,-0.30165
6154,-0.060313,0.0056225,-0.014191,0.16673,-0.32211,-0.70278,-0.2448
6155,-0.008669,0.044599,0.0069217,0.17257,-0.097017,-0.50465,-0.13404
6156,0.037778,0.078055,0.012768,0.12125,-0.0063954,-0.28248,-0.012892
6157,0.064737,0.096569,-0.00054884,0.03518,-0.069408,-0.097991,0.075456
6158,0.063113,0.091047,-0.028807,-0.038551,-0.2435,0.023162,0.10599
6159,0.034855,0.067986,-0.064211,-0.064536,-0.46535,0.082602,0.079354
6160,-0.0093186,0.036479,-0.093769,-0.046022,-0.6677,0.092996,0.016016
6161,-0.054467,0.0075714,-0.10709,-0.018088,-0.78788,0.083251,-0.047646
6162,-0.085648,-0.013541,-0.10741,-0.016789,-0.78009,0.092021,-0.081751
6163,-0.096367,-0.024585,-0.09994,-0.061288,-0.62775,0.14464,-0.078503
6164,-0.090845,-0.025559,-0.088896,-0.12917,-0.34614,0.24533,-0.04992
6165,-0.077203,-0.022636,-0.072006,-0.17757,0.011794,0.3772,-0.014516
6166,-0.062587,-0.022636,-0.043748,-0.1701,0.37428,0.50258,0.0069217
6167,-0.052193,-0.03173,-0.0057458,-0.10611,0.70688,0.57891,0.0026992
6168,-0.045697,-0.04927,0.031932,-0.00022403,1.0122,0.58118,-0.019712
6169,-0.039526,-0.066485,0.066686,0.1232,1.2896,0.52012,-0.046671
6170,-0.029782,-0.080451,0.090072,0.24176,1.5062,0.41391,-0.057715
6171,-0.012242,-0.088572,0.098517,0.34245,1.6176,0.28658,-0.035953
6172,0.013093,-0.087597,0.093645,0.42105,1.5982,0.15731,0.016016
6173,0.041027,-0.075255,0.07708,0.47075,1.4536,0.0433,0.084226
6174,0.064737,-0.055441,0.054993,0.48471,1.2233,-0.039201,0.14204
6175,0.072208,-0.032055,0.03583,0.46393,0.95503,-0.075255,0.17257
6176,0.058891,-0.010943,0.025436,0.41683,0.6757,-0.059989,0.17095
6177,0.02706,0.0072465,0.022837,0.35382,0.38597,-0.0073698,0.14529
6178,-0.008669,0.024786,0.026735,0.28756,0.086175,0.051096,0.11736
6179,-0.036602,0.045249,0.03453,0.23266,-0.18829,0.082277,0.10274
6180,-0.056091,0.066686,0.045574,0.18979,-0.3835,0.072208,0.10209
6181,-0.063561,0.085525,0.061489,0.15893,-0.46762,0.03453,0.10761
6182,-0.054142,0.098517,0.079029,0.13814,-0.46405,-0.0073698,0.10826
6183,-0.029782,0.10209,0.093321,0.12807,-0.42605,-0.042124,0.089748
6184,-0.0024977,0.096569,0.099817,0.12418,-0.40396,-0.076229,0.03518
6185,0.016666,0.084551,0.097218,0.12255,-0.41305,-0.12917,-0.06681
6186,0.025436,0.06961,0.089098,0.11736,-0.428,-0.21037,-0.20388
6187,0.029333,0.056292,0.079029,0.10469,-0.41695,-0.31236,-0.33672
6188,0.037778,0.047198,0.071558,0.083901,-0.35849,-0.40916,-0.41565
6189,0.057267,0.049796,0.068635,0.057592,-0.2487,-0.47542,-0.4163
6190,0.087799,0.066362,0.069285,0.031607,-0.11066,-0.50822,-0.35264
6191,0.12548,0.10469,0.075781,0.014717,0.011144,-0.51699,-0.26072
6192,0.1729,0.16121,0.089098,0.012768,0.091047,-0.52771,-0.174
6193,0.23071,0.22974,0.10761,0.028359,0.12223,-0.55532,-0.10579
6194,0.2986,0.30347,0.13132,0.057592,0.11606,-0.60177,-0.063561
6195,0.37103,0.37655,0.15211,0.086824,0.096893,-0.65601,-0.046671
6196,0.44541,0.44151,0.1651,0.10436,0.097218,-0.69726,-0.046671
6197,0.51427,0.49381,0.16965,0.098517,0.13912,-0.69531,-0.046996
6198,0.56689,0.52856,0.16673,0.069934,0.22714,-0.63392,-0.038227
6199,0.58638,0.54058,0.15958,0.037454,0.34147,-0.51699,-0.020362
6200,0.56624,0.52369,0.14367,0.01829,0.43534,-0.37083,0.0026992
6201,0.50518,0.48017,0.11898,0.01894,0.47042,-0.23441,0.013093
6202,0.4152,0.42105,0.088448,0.026735,0.43404,-0.13275,-0.0011985
6203,0.31386,0.35576,0.06019,0.026085,0.34277,-0.0824,-0.041475
6204,0.21805,0.28918,0.041351,0.009845,0.22617,-0.081101,-0.086623
6205,0.14074,0.22714,0.033231,-0.018088,0.10664,-0.10903,-0.11293
6206,0.090397,0.17355,0.034855,-0.046022,-0.0028225,-0.13892,-0.10611
6207,0.061814,0.13067,0.0433,-0.060313,-0.097341,-0.15061,-0.067459
6208,0.039402,0.095919,0.05207,-0.056416,-0.18049,-0.14606,-0.015165
6209,0.011144,0.061165,0.057917,-0.037577,-0.26267,-0.13859,0.030633
6210,-0.022311,0.016016,0.058891,-0.0050961,-0.35394,-0.14087,0.055318
6211,-0.054467,-0.038876,0.057267,0.031932,-0.45853,-0.15808,0.057267
6212,-0.081101,-0.096367,0.054344,0.057917,-0.56182,-0.18439,0.042001
6213,-0.10319,-0.14541,0.05142,0.062789,-0.62808,-0.21167,0.01764
6214,-0.12625,-0.1753,0.045574,0.048172,-0.63165,-0.23538,-0.011917
6215,-0.15191,-0.18277,0.032906,0.019589,-0.58455,-0.25227,-0.043099
6216,-0.17919,-0.17724,0.008221,-0.021337,-0.52349,-0.26592,-0.074605
6217,-0.20225,-0.17497,-0.025884,-0.068109,-0.48451,-0.27761,-0.097017
6218,-0.2172,-0.18569,-0.067459,-0.11066,-0.48484,-0.28995,-0.10351
6219,-0.22369,-0.20875,-0.10838,-0.13827,-0.51699,-0.32016,-0.089221
6220,-0.22726,-0.23701,-0.13892,-0.14769,-0.56019,-0.39519,-0.062587
6221,-0.22726,-0.25975,-0.15126,-0.14476,-0.5904,-0.53453,-0.032055
6222,-0.22272,-0.26689,-0.14346,-0.13404,-0.59072,-0.71318,-0.007045
6223,-0.21362,-0.25422,-0.11878,-0.11715,-0.56182,-0.8785,0.010819
6224,-0.2016,-0.22174,-0.089221,-0.095393,-0.51504,-0.97465,0.023812
6225,-0.18926,-0.17919,-0.068758,-0.078178,-0.46502,-0.96588,0.03518
6226,-0.17627,-0.13827,-0.06681,-0.069408,-0.42832,-0.84472,0.047523
6227,-0.15776,-0.11293,-0.080776,-0.069733,-0.41078,-0.6258,0.059541
6228,-0.1321,-0.10709,-0.09994,-0.076229,-0.40916,-0.34744,0.068635
6229,-0.09994,-0.11521,-0.11618,-0.089546,-0.41728,-0.062587,0.070259
6230,-0.071032,-0.12495,-0.12495,-0.10903,-0.42832,0.18751,0.061165
6231,-0.053817,-0.1269,-0.1269,-0.1256,-0.43092,0.39864,0.048822
6232,-0.048296,-0.1178,-0.1256,-0.13145,-0.4163,0.5919,0.048822
6233,-0.048296,-0.10384,-0.12235,-0.12657,-0.38674,0.76665,0.066362
6234,-0.053817,-0.092469,-0.1191,-0.11293,-0.35784,0.8917,0.091372
6235,-0.062262,-0.089546,-0.1191,-0.095393,-0.33413,0.931,0.096244
6236,-0.076879,-0.096042,-0.12495,-0.076879,-0.31106,0.87253,0.066037
6237,-0.10514,-0.10936,-0.13534,-0.063561,-0.27826,0.74423,0.0088706
6238,-0.14281,-0.123,-0.14476,-0.05739,-0.23116,0.58898,-0.053817
6239,-0.17627,-0.12852,-0.14606,-0.053817,-0.16782,0.44704,-0.095068
6240,-0.18991,-0.1217,-0.13859,-0.043423,-0.089221,0.33823,-0.097341
6241,-0.17692,-0.10838,-0.12625,-0.027833,0.0043233,0.25995,-0.063237
6242,-0.14346,-0.097991,-0.11001,-0.0096434,0.11995,0.19953,-0.013866
6243,-0.10319,-0.093119,-0.094743,0.0049729,0.2567,0.14237,0.022837
6244,-0.069408,-0.090196,-0.086623,0.0085458,0.39377,0.081627,0.039078
6245,-0.04862,-0.084674,-0.086298,-0.0011985,0.49283,0.010819,0.042975
6246,-0.041475,-0.079477,-0.089546,-0.016464,0.52272,-0.078178,0.042001
6247,-0.047321,-0.07428,-0.090845,-0.031081,0.47594,-0.19511,0.03453
6248,-0.064211,-0.067784,-0.086298,-0.040825,0.385,-0.33575,0.013743
6249,-0.083375,-0.055116,-0.075579,-0.042124,0.29762,-0.47607,-0.019712
6250,-0.095393,-0.033354,-0.060313,-0.035953,0.24306,-0.60144,-0.055766
6251,-0.090521,-0.00054884,-0.042124,-0.024585,0.22617,-0.70636,-0.081426
6252,-0.070707,0.040052,-0.018088,-0.010618,0.23916,-0.78204,-0.092469
6253,-0.04115,0.07773,0.011144,0.0075714,0.28203,-0.8077,-0.095393
6254,-0.0099683,0.10501,0.042326,0.031282,0.35187,-0.7606,-0.092469
6255,0.014717,0.11346,0.070909,0.058241,0.43632,-0.63068,-0.082076
6256,0.028359,0.10079,0.092671,0.082927,0.5042,-0.43514,-0.063237
6257,0.038428,0.080003,0.10826,0.10047,0.52207,-0.2042,-0.03303
6258,0.048497,0.062464,0.11801,0.10599,0.47432,0.034855,-0.0011985
6259,0.059865,0.055318,0.12385,0.10177,0.37103,0.25767,0.017316
6260,0.073182,0.055643,0.1271,0.093645,0.23721,0.44866,0.017965
6261,0.086175,0.058241,0.12775,0.0865,0.096569,0.60652,0.0091954
6262,0.092346,0.058566,0.12288,0.079354,-0.033354,0.74164,0.009845
6263,0.088773,0.056617,0.11476,0.078379,-0.11748,0.85792,0.027385
6264,0.07708,0.050121,0.10339,0.095269,-0.13145,0.94691,0.054993
6265,0.063113,0.038103,0.093645,0.13327,-0.078503,0.99823,0.082602
6266,0.050121,0.021538,0.091696,0.18427,0.01017,0.99694,0.10144
6267,0.041676,0.0069217,0.10047,0.23299,0.096244,0.92678,0.10501
6268,0.041027,-0.00054884,0.11573,0.2619,0.15438,0.78678,0.097218
6269,0.046223,0.0039985,0.12905,0.26482,0.18849,0.59807,0.088124
6270,0.055318,0.022188,0.13587,0.24598,0.22292,0.39702,0.084551
6271,0.064413,0.042651,0.1323,0.19726,0.27651,0.21675,0.083576
6272,0.067986,0.054344,0.1219,0.10729,0.34927,0.084876,0.075781
6273,0.059216,0.048822,0.11281,-0.0099683,0.43242,0.0091954,0.050121
6274,0.037129,0.030308,0.10924,-0.12138,0.51492,-0.021337,0.0039985
6275,0.0059473,0.008221,0.11021,-0.18861,0.56981,-0.032705,-0.059339
6276,-0.027183,-0.0093186,0.11476,-0.18829,0.56624,-0.044073,-0.12527
6277,-0.058689,-0.018738,0.12158,-0.13892,0.49316,-0.074605,-0.17432
6278,-0.080776,-0.018738,0.1258,-0.077853,0.35706,-0.13307,-0.19543
6279,-0.084349,-0.013216,0.11898,-0.039526,0.17257,-0.20323,-0.18991
6280,-0.068434,-0.010618,0.094945,-0.042449,-0.0405,-0.24675,-0.16133
6281,-0.043423,-0.01549,0.055968,-0.082076,-0.25292,-0.23084,-0.11618
6282,-0.025234,-0.025559,0.014392,-0.12982,-0.43579,-0.14866,-0.063237
6283,-0.018738,-0.031081,-0.018413,-0.15223,-0.57189,-0.029132,-0.011917
6284,-0.020687,-0.025559,-0.032705,-0.13632,-0.64919,0.08585,0.032257
6285,-0.022636,-0.0067202,-0.022961,-0.087272,-0.66218,0.17842,0.067661
6286,-0.013866,0.023812,0.013093,-0.018738,-0.61931,0.25118,0.099817
6287,0.012119,0.061165,0.067986,0.063763,-0.51927,0.33173,0.14074
6288,0.055968,0.097218,0.12645,0.15179,-0.34907,0.44996,0.19596
6289,0.10761,0.1258,0.17582,0.22747,-0.10156,0.62763,0.25605
6290,0.15666,0.14139,0.20246,0.26449,0.2109,0.85857,0.31451
6291,0.18914,0.13944,0.20278,0.2463,0.54285,1.1002,0.36194
6292,0.20051,0.12483,0.18037,0.18362,0.82414,1.2824,0.39344
6293,0.19531,0.10729,0.15438,0.11313,0.99076,1.35,0.41066
6294,0.18751,0.098842,0.14367,0.067336,1.0129,1.2987,0.42138
6295,0.18719,0.10696,0.15276,0.055318,0.90112,1.1821,0.42852
6296,0.19563,0.13067,0.16933,0.063438,0.70623,1.0788,0.43372
6297,0.20928,0.15958,0.17387,0.072858,0.49413,1.0379,0.43145
6298,0.22,0.18362,0.15731,0.072533,0.31484,1.0512,0.41553
6299,0.21805,0.19369,0.12613,0.071883,0.1742,1.0437,0.38305
6300,0.20018,0.18622,0.089423,0.082602,0.05272,0.92873,0.33108
6301,0.1729,0.16738,0.057592,0.10534,-0.062912,0.66401,0.25962
6302,0.14204,0.14399,0.031932,0.12645,-0.16945,0.27749,0.17582
6303,0.11573,0.12288,0.009845,0.1362,-0.24643,-0.15905,0.095919
6304,0.098193,0.10859,-0.0093186,0.12905,-0.26494,-0.56312,0.032257
6305,0.087799,0.10014,-0.026209,0.10534,-0.21785,-0.87785,-0.012892
6306,0.081627,0.095269,-0.042774,0.071234,-0.12527,-1.0831,-0.0405
6307,0.074482,0.087474,-0.057715,0.032257,-0.01614,-1.1884,-0.055766
6308,0.062789,0.075781,-0.071357,-0.0011985,0.081303,-1.2118,-0.069083
6309,0.047198,0.062464,-0.079802,-0.027833,0.14561,-1.1627,-0.093444
6310,0.024786,0.054668,-0.0824,-0.054142,0.17127,-1.0503,-0.14087
6311,-0.0018481,0.057267,-0.081101,-0.077853,0.1625,-0.90968,-0.21427
6312,-0.026533,0.064737,-0.086623,-0.096367,0.12515,-0.77684,-0.30522
6313,-0.041799,0.06831,-0.10579,-0.11033,0.06084,-0.66868,-0.3848
6314,-0.046996,0.061489,-0.1321,-0.12008,-0.018738,-0.59625,-0.42182
6315,-0.044723,0.047198,-0.15451,-0.12495,-0.10156,-0.56831,-0.40526
6316,-0.042774,0.037778,-0.16588,-0.12268,-0.18049,-0.58715,-0.34549
6317,-0.042124,0.039078,-0.16523,-0.11228,-0.25552,-0.64009,-0.26494
6318,-0.040175,0.050121,-0.16035,-0.092469,-0.32893,-0.69564,-0.18829
6319,-0.034978,0.059865,-0.15386,-0.062587,-0.40006,-0.72682,-0.12722
6320,-0.024585,0.062139,-0.14639,-0.031406,-0.45658,-0.71545,-0.085648
6321,-0.0099683,0.054993,-0.13664,-0.0096434,-0.48841,-0.66316,-0.060963
6322,0.011144,0.041351,-0.12495,-0.0021729,-0.48808,-0.58488,-0.044073
6323,0.037454,0.026735,-0.11261,-0.00087364,-0.45625,-0.49133,-0.021337
6324,0.064413,0.01894,-0.096692,0.0072465,-0.40428,-0.39097,0.016016
6325,0.087474,0.023487,-0.076229,0.032257,-0.33218,-0.29807,0.061489
6326,0.10047,0.039402,-0.055116,0.069934,-0.212,-0.23636,0.097218
6327,0.097543,0.056942,-0.033679,0.10729,-0.010943,-0.21265,0.10371
6328,0.080653,0.066362,-0.01484,0.13587,0.26774,-0.21395,0.0852
6329,0.057267,0.067661,-0.0015233,0.15049,0.55422,-0.21947,0.06019
6330,0.041351,0.064088,0.0059473,0.15179,0.74456,-0.21622,0.047847
6331,0.044275,0.06084,0.010495,0.14464,0.7621,-0.19966,0.059541
6332,0.070259,0.059865,0.017316,0.14334,0.60554,-0.17562,0.095594
6333,0.10891,0.067661,0.029333,0.15666,0.34375,-0.14639,0.15373
6334,0.15016,0.084551,0.046223,0.18524,0.073832,-0.10091,0.22682
6335,0.18524,0.10761,0.067986,0.22617,-0.11683,-0.013541,0.30607
6336,0.21025,0.12775,0.091696,0.26904,-0.17789,0.1271,0.37395
6337,0.22,0.13749,0.11313,0.30185,-0.10059,0.30412,0.41553
6338,0.21123,0.13425,0.1232,0.31289,0.087149,0.47399,0.4217
6339,0.18816,0.1219,0.12125,0.29568,0.31971,0.59385,0.39767
6340,0.16056,0.10859,0.11248,0.25475,0.51752,0.64257,0.35479
6341,0.14009,0.10177,0.10112,0.19726,0.61594,0.63477,0.30477
6342,0.12613,0.10079,0.092021,0.13165,0.58735,0.59872,0.25572
6343,0.11736,0.097543,0.087799,0.072208,0.44281,0.55422,0.2135
6344,0.10566,0.083901,0.0865,0.028359,0.22032,0.50583,0.17322
6345,0.08585,0.059216,0.088773,0.0091954,-0.025559,0.4597,0.12775
6346,0.055318,0.026735,0.092671,0.011794,-0.2487,0.41943,0.073182
6347,0.01894,-0.0050961,0.094945,0.019914,-0.4176,0.3772,0.011469
6348,-0.021661,-0.034654,0.087799,0.0095202,-0.52706,0.32069,-0.050894
6349,-0.056741,-0.063237,0.070259,-0.029457,-0.58358,0.24695,-0.10611
6350,-0.082076,-0.093119,0.04395,-0.093444,-0.60307,0.1651,-0.15061
6351,-0.095717,-0.12105,0.016016,-0.16912,-0.60534,0.091696,-0.17822
6352,-0.098316,-0.13762,-0.0063954,-0.24415,-0.5852,0.047198,-0.18114
6353,-0.089871,-0.13372,-0.01549,-0.31334,-0.52609,0.051745,-0.15776
6354,-0.069083,-0.10611,-0.0067202,-0.36336,-0.415,0.12775,-0.11131
6355,-0.039201,-0.065186,0.019914,-0.36401,-0.25065,0.29275,-0.045047
6356,-0.0093186,-0.02361,0.053694,-0.28151,-0.048945,0.54643,0.034855
6357,0.012119,0.0078962,0.078704,-0.10741,0.15373,0.85077,0.11183
6358,0.01894,0.022837,0.081627,0.12418,0.31874,1.1386,0.16673
6359,0.010819,0.019589,0.066686,0.34635,0.43599,1.3386,0.19239
6360,-0.011592,-0.0031473,0.045249,0.49056,0.52986,1.4065,0.20051
6361,-0.043423,-0.037577,0.032906,0.52564,0.6377,1.3432,0.20538
6362,-0.079802,-0.078503,0.03518,0.4649,0.77542,1.1879,0.20765
6363,-0.11228,-0.11196,0.050121,0.34537,0.92515,0.98914,0.19304
6364,-0.13957,-0.13307,0.063763,0.21025,1.033,0.77282,0.15179
6365,-0.16165,-0.14249,0.067336,0.092671,1.0392,0.53961,0.083901
6366,-0.17335,-0.13924,0.059541,0.0088706,0.91606,0.27846,0.0020496
6367,-0.16523,-0.12398,0.048822,-0.037902,0.69909,-0.0093186,-0.08305
6368,-0.13534,-0.09929,0.039402,-0.049595,0.46458,-0.31431,-0.16555
6369,-0.09182,-0.068758,0.031282,-0.037252,0.27781,-0.62126,-0.2448
6370,-0.047321,-0.037577,0.023162,-0.01549,0.15568,-0.90774,-0.31854
6371,-0.013541,-0.011267,0.014068,0.0017248,0.071558,-1.1526,-0.38934
6372,0.0043233,0.0088706,0.0056225,0.00010078,-0.02361,-1.3592,-0.44943
6373,0.015042,0.027385,0.0043233,-0.019063,-0.18244,-1.5499,-0.48516
6374,0.028359,0.050446,0.016666,-0.034654,-0.44813,-1.7353,-0.48321
6375,0.053044,0.086824,0.0433,-0.021986,-0.81906,-1.8818,-0.44034
6376,0.0865,0.13457,0.080653,0.025436,-1.2241,-1.9299,-0.36401
6377,0.12548,0.18622,0.12353,0.10144,-1.5473,-1.8377,-0.26981
6378,0.16543,0.23039,0.16153,0.18719,-1.6785,-1.6116,-0.1753
6379,0.20213,0.25085,0.18849,0.25248,-1.5843,-1.2907,-0.096367
6380,0.22747,0.24273,0.19628,0.27424,-1.3248,-0.92463,-0.040175
6381,0.23883,0.21252,0.17972,0.23851,-1.0107,-0.5524,-0.00087364
6382,0.23624,0.17225,0.14042,0.15114,-0.73624,-0.21135,0.029009
6383,0.21902,0.12872,0.085525,0.03583,-0.5407,0.067661,0.047847
6384,0.18946,0.092996,0.025436,-0.075255,-0.41533,0.27229,0.049472
6385,0.15276,0.071558,-0.025884,-0.14996,-0.3325,0.41001,0.033231
6386,0.11703,0.064737,-0.059014,-0.17562,-0.28248,0.49316,0.012119
6387,0.0865,0.071558,-0.069733,-0.1636,-0.28508,0.52921,-0.00022403
6388,0.062139,0.089748,-0.063561,-0.13437,-0.36336,0.52954,0.0014
6389,0.040377,0.11118,-0.047321,-0.10189,-0.51082,0.5146,0.012768
6390,0.019914,0.12548,-0.029782,-0.067459,-0.68914,0.51427,0.032582
6391,0.00010078,0.1232,-0.018738,-0.03303,-0.8405,0.54708,0.058566
6392,-0.01549,0.096569,-0.020037,-0.0076946,-0.91131,0.5997,0.09397
6393,-0.022636,0.042651,-0.039851,-0.0031473,-0.86843,0.64679,0.14107
6394,-0.019388,-0.031081,-0.071032,-0.018088,-0.70928,0.66011,0.18362
6395,-0.016464,-0.11131,-0.10579,-0.047321,-0.47314,0.60652,0.19304
6396,-0.030431,-0.18114,-0.13859,-0.080127,-0.21655,0.46523,0.14302
6397,-0.062912,-0.23084,-0.16847,-0.10156,0.015367,0.25995,0.037129
6398,-0.10481,-0.2539,-0.19024,-0.10676,0.20181,0.059865,-0.090196
6399,-0.14346,-0.25227,-0.20388,-0.098965,0.34635,-0.06681,-0.18764
6400,-0.17075,-0.23636,-0.20713,-0.093444,0.47464,-0.097666,-0.22726
6401,-0.18569,-0.21395,-0.20031,-0.098641,0.61918,-0.04927,-0.20778
6402,-0.18829,-0.19121,-0.18309,-0.11358,0.80108,0.043625,-0.15126
6403,-0.18504,-0.17205,-0.161,-0.12722,1.0073,0.14854,-0.086298
6404,-0.18407,-0.16035,-0.14119,-0.13534,1.1915,0.23169,-0.041475
6405,-0.19413,-0.15288,-0.12755,-0.13989,1.2928,0.27034,-0.033354
6406,-0.21265,-0.14087,-0.11423,-0.14866,1.2714,0.25995,-0.055766
6407,-0.22791,-0.11456,-0.098641,-0.15905,1.1246,0.22584,-0.094418
6408,-0.23181,-0.068758,-0.078827,-0.16685,0.88553,0.19791,-0.1308
6409,-0.21687,-0.0060706,-0.053817,-0.16847,0.60619,0.19109,-0.15581
6410,-0.18277,0.065712,-0.025559,-0.1636,0.3353,0.20311,-0.1649
6411,-0.13437,0.13652,0.0056225,-0.15938,0.12158,0.22454,-0.15776
6412,-0.080451,0.19336,0.038103,-0.15061,0.0010752,0.2502,-0.13469
6413,-0.028482,0.22617,0.065712,-0.1308,-0.015165,0.26677,-0.095068
6414,0.010819,0.22974,0.081627,-0.10644,0.030633,0.25767,-0.041799
6415,0.030633,0.20733,0.078379,-0.088896,0.065712,0.21058,0.014717
6416,0.024461,0.16153,0.051745,-0.081751,0.023487,0.12288,0.056617
6417,-0.007045,0.098517,0.0095202,-0.077203,-0.12235,-0.0011985,0.072858
6418,-0.054792,0.029658,-0.030756,-0.057065,-0.34355,-0.14411,0.064413
6419,-0.10611,-0.029132,-0.056741,-0.012567,-0.54947,-0.27501,0.03583
6420,-0.14574,-0.070382,-0.064536,0.0433,-0.63587,-0.36076,0.0023744
6421,-0.16847,-0.095717,-0.059989,0.091047,-0.5446,-0.37927,-0.023935
6422,-0.174,-0.10709,-0.048296,0.11703,-0.30717,-0.33348,-0.039201
6423,-0.16555,-0.10156,-0.034329,0.11801,-0.028482,-0.25422,-0.044723
6424,-0.14509,-0.084024,-0.021661,0.089423,0.18232,-0.19186,-0.042449
6425,-0.11715,-0.063237,-0.01614,0.039402,0.27489,-0.18634,-0.037252
6426,-0.081101,-0.045697,-0.016789,-0.01614,0.26027,-0.23961,-0.029782
6427,-0.033679,-0.034654,-0.017114,-0.059014,0.20148,-0.31236,-0.0089938
6428,0.02641,-0.02426,-0.0096434,-0.07428,0.16445,-0.35102,0.037129
6429,0.097218,-0.0067202,0.011144,-0.054467,0.19109,-0.3286,0.10989
6430,0.16478,0.022512,0.046548,-0.0037969,0.28041,-0.2526,0.19563
6431,0.21805,0.062139,0.092021,0.065062,0.39539,-0.15516,0.27716
6432,0.2476,0.10436,0.14107,0.13587,0.47107,-0.072006,0.33855
6433,0.2528,0.14561,0.19044,0.19434,0.44769,-0.033354,0.37298
6434,0.23754,0.18264,0.23234,0.23591,0.31451,-0.047971,0.37785
6435,0.20895,0.21058,0.26092,0.26125,0.15958,-0.094093,0.35836
6436,0.18232,0.21805,0.26839,0.27229,0.11606,-0.11813,0.32361
6437,0.16445,0.20083,0.25507,0.26807,0.24598,-0.077528,0.28301
6438,0.15471,0.16543,0.22812,0.24598,0.47464,0.027709,0.24468
6439,0.14626,0.12645,0.19888,0.20993,0.65037,0.15016,0.21285
6440,0.13522,0.096893,0.17745,0.17387,0.65589,0.24013,0.19434
6441,0.12028,0.078055,0.16608,0.14659,0.47919,0.27554,0.18881
6442,0.10371,0.070909,0.1638,0.1336,0.18297,0.26092,0.18881
6443,0.086175,0.071558,0.16185,0.13587,-0.14476,0.21285,0.18784
6444,0.06831,0.07708,0.15633,0.14529,-0.42832,0.15114,0.17517
6445,0.048822,0.083576,0.14594,0.14626,-0.62385,0.098517,0.14204
6446,0.028359,0.084551,0.1284,0.1284,-0.72097,0.07773,0.098517
6447,0.011144,0.081303,0.10599,0.095594,-0.71837,0.10339,0.059865
6448,0.0020496,0.074806,0.081952,0.063763,-0.60047,0.17745,0.042326
6449,0.0033489,0.067986,0.063113,0.044599,-0.34484,0.27879,0.047523
6450,0.016016,0.064088,0.053044,0.040702,0.048497,0.37168,0.06831
6451,0.034855,0.074806,0.056942,0.050121,0.51622,0.43015,0.095269
6452,0.056942,0.10631,0.076431,0.061814,0.94951,0.45613,0.12418
6453,0.077405,0.14984,0.10436,0.063763,1.2428,0.46133,0.16023
6454,0.092996,0.18232,0.12548,0.057592,1.3364,0.44249,0.20213
6455,0.10144,0.1768,0.12548,0.045899,1.2314,0.38142,0.23429
6456,0.10339,0.12515,0.099167,0.032257,0.98557,0.26709,0.24338
6457,0.097868,0.043625,0.054993,0.019589,0.67732,0.11216,0.22389
6458,0.082602,-0.044073,0.010495,0.0039985,0.36713,-0.059664,0.17972
6459,0.053044,-0.11878,-0.020687,-0.011592,0.087149,-0.21947,0.11995
6460,0.015367,-0.16555,-0.03238,-0.022311,-0.14314,-0.34647,0.053694
6461,-0.020687,-0.17724,-0.027183,-0.023935,-0.30912,-0.43319,-0.0057458
6462,-0.045047,-0.15743,-0.01484,-0.012242,-0.39941,-0.47932,-0.044398
6463,-0.050894,-0.12073,-0.0018481,0.009845,-0.41046,-0.49426,-0.056416
6464,-0.039201,-0.081426,0.0065969,0.039402,-0.35232,-0.49166,-0.040825
6465,-0.014516,-0.049595,0.0075714,0.067661,-0.2526,-0.48224,-0.0067202
6466,0.013743,-0.026533,-0.0028225,0.080653,-0.15321,-0.47769,0.032582
6467,0.040052,-0.0083442,-0.023285,0.071883,-0.10351,-0.47737,0.069934
6468,0.062464,0.010495,-0.043748,0.045899,-0.1334,-0.47574,0.10339
6469,0.083251,0.032257,-0.051868,0.011469,-0.22824,-0.4582,0.131
6470,0.10436,0.052395,-0.051219,-0.020362,-0.34387,-0.41468,0.14659
6471,0.12255,0.064088,-0.050569,-0.044073,-0.42865,-0.34549,0.14172
6472,0.13165,0.065712,-0.051544,-0.05804,-0.43709,-0.25812,0.11313
6473,0.1258,0.053369,-0.054142,-0.059989,-0.35426,-0.15938,0.070584
6474,0.10209,0.02641,-0.057715,-0.046022,-0.22142,-0.064861,0.029983
6475,0.067011,-0.013216,-0.064861,-0.022961,-0.11196,0.0056225,-0.00087364
6476,0.032257,-0.059014,-0.072006,0.0020496,-0.078827,0.033881,-0.023285
6477,0.0075714,-0.10189,-0.076879,0.017965,-0.12755,0.01764,-0.038227
6478,-0.0067202,-0.13177,-0.081426,0.019914,-0.2094,-0.025234,-0.039201
6479,-0.012892,-0.14574,-0.087272,0.013418,-0.25,-0.062262,-0.026209
6480,-0.013866,-0.14184,-0.098641,0.0059473,-0.18342,-0.059339,-0.0047713
6481,-0.010293,-0.11813,-0.11066,0.0017248,0.0062721,-0.0099683,0.013743
6482,-0.0011985,-0.081101,-0.1178,-0.0011985,0.2593,0.069934,0.023162
6483,0.011469,-0.034329,-0.11488,-0.0031473,0.46587,0.16218,0.019589
6484,0.024786,0.014068,-0.10059,-0.0031473,0.53506,0.25572,0.01017
6485,0.033556,0.053369,-0.077853,0.0014,0.43859,0.3444,0.0065969
6486,0.033881,0.074482,-0.051868,0.011144,0.21155,0.41423,0.015692
6487,0.022837,0.075781,-0.032055,0.025761,-0.071357,0.42885,0.022837
6488,0.00010078,0.063438,-0.02426,0.041676,-0.32406,0.36096,0.0085458
6489,-0.03173,0.047198,-0.028807,0.050446,-0.49133,0.22487,-0.036278
6490,-0.068758,0.032582,-0.040825,0.052395,-0.55824,0.080003,-0.10351
6491,-0.10416,0.022837,-0.051544,0.043625,-0.5407,-0.012892,-0.17627
6492,-0.12852,0.016991,-0.059664,0.028034,-0.46762,-0.019712,-0.24026
6493,-0.13697,0.016016,-0.063886,0.015042,-0.37733,0.055968,-0.28086
6494,-0.13177,0.016991,-0.065186,0.012443,-0.30587,0.18362,-0.29223
6495,-0.11553,0.020239,-0.061937,0.018615,-0.27988,0.31874,-0.27566
6496,-0.095393,0.024786,-0.055441,0.024461,-0.30652,0.42138,-0.23798
6497,-0.073306,0.032906,-0.046347,0.026085,-0.36888,0.46328,-0.19803
6498,-0.046671,0.046548,-0.034978,0.024137,-0.42572,0.43437,-0.17302
6499,-0.015165,0.06896,-0.023935,0.016666,-0.42605,0.34732,-0.17075
6500,0.017316,0.098842,-0.012242,0.008221,-0.32795,0.23299,-0.18796
6501,0.046223,0.1336,0.0010752,0.0033489,-0.13469,0.12255,-0.20518
6502,0.070259,0.16803,0.019914,0.0088706,0.092996,0.042001,-0.19901
6503,0.093321,0.19661,0.048822,0.028359,0.26904,0.0026992,-0.15581
6504,0.11573,0.21285,0.084551,0.061489,0.33303,0.0014,-0.074605
6505,0.13327,0.20798,0.1206,0.10209,0.27911,0.024137,0.025761
6506,0.14042,0.18232,0.14626,0.14367,0.15179,0.050121,0.1206
6507,0.13587,0.14237,0.15536,0.17192,0.019914,0.070259,0.18751
6508,0.11801,0.09462,0.14951,0.17939,-0.054467,0.079029,0.21772
6509,0.089748,0.045574,0.13684,0.16575,-0.045047,0.076431,0.21025
6510,0.057267,0.0020496,0.12093,0.13327,0.045249,0.06084,0.16803
6511,0.029333,-0.028157,0.10566,0.090072,0.18589,0.036479,0.10112
6512,0.019264,-0.043423,0.097543,0.047523,0.33205,0.015367,0.034206
6513,0.032906,-0.039851,0.096893,0.01764,0.43989,0.016016,-0.0083442
6514,0.067336,-0.020037,0.10177,0.0023744,0.48114,0.048497,-0.016464
6515,0.10989,0.0036737,0.10794,-0.00054884,0.44574,0.10989,0.0069217
6516,0.14334,0.022188,0.10956,0.0065969,0.34115,0.18654,0.049147
6517,0.15536,0.031282,0.10599,0.021863,0.19044,0.26255,0.085525
6518,0.14269,0.031932,0.10177,0.042326,0.024137,0.32101,0.087149
6519,0.10924,0.028359,0.099492,0.067661,-0.13989,0.34245,0.039727
6520,0.070584,0.02641,0.10047,0.095269,-0.29417,0.30737,-0.048296
6521,0.039727,0.030308,0.10274,0.12678,-0.44326,0.21675,-0.14769
6522,0.027709,0.038753,0.10339,0.16185,-0.59625,0.088448,-0.22012
6523,0.030957,0.051745,0.10696,0.19596,-0.74273,-0.046347,-0.23636
6524,0.047523,0.072858,0.11866,0.22389,-0.84895,-0.15548,-0.18439
6525,0.073507,0.10631,0.14042,0.23754,-0.87006,-0.21265,-0.079477
6526,0.10371,0.15016,0.16575,0.23396,-0.79016,-0.21979,0.049472
6527,0.1336,0.19109,0.18849,0.2135,-0.64042,-0.19738,0.16673
6528,0.15698,0.21837,0.20116,0.19239,-0.47379,-0.16912,0.24923
6529,0.16803,0.22617,0.20018,0.18816,-0.3299,-0.14866,0.28138
6530,0.16673,0.22,0.18232,0.19693,-0.23116,-0.14184,0.26514
6531,0.15341,0.20051,0.15049,0.19174,-0.18634,-0.14866,0.21285
6532,0.1284,0.16608,0.10566,0.14107,-0.18634,-0.1688,0.14237
6533,0.098193,0.11995,0.054019,0.039402,-0.19673,-0.19706,0.074482
6534,0.068635,0.06831,0.0062721,-0.084024,-0.1636,-0.22564,0.024461
6535,0.046548,0.020564,-0.029782,-0.18731,-0.045047,-0.24968,-0.0099683
6536,0.033231,-0.018088,-0.051544,-0.24448,0.15471,-0.27501,-0.037577
6537,0.021213,-0.046996,-0.062587,-0.2526,0.38142,-0.30652,-0.076229
6538,-0.00054884,-0.06551,-0.064211,-0.23214,0.57891,-0.339,-0.13957
6539,-0.036278,-0.076229,-0.065186,-0.20648,0.72215,-0.34192,-0.22174
6540,-0.079802,-0.08305,-0.06616,-0.18407,0.83096,-0.27144,-0.29417
6541,-0.11813,-0.086298,-0.070058,-0.1662,0.93327,-0.10091,-0.32438
6542,-0.13567,-0.083375,-0.075904,-0.14964,1.031,0.15471,-0.29158
6543,-0.12235,-0.073955,-0.083375,-0.13437,1.0921,0.42917,-0.20096
6544,-0.080451,-0.059989,-0.09182,-0.11975,1.0778,0.64744,-0.07428
6545,-0.022636,-0.043423,-0.095393,-0.10221,0.96868,0.76112,0.059541
6546,0.03453,-0.025559,-0.087272,-0.080776,0.77022,0.74651,0.1729
6547,0.082277,-0.0083442,-0.066485,-0.053492,0.52207,0.60035,0.24955
6548,0.11248,0.010495,-0.038876,-0.015165,0.27846,0.35479,0.28756
6549,0.1219,0.029658,-0.01549,0.025436,0.082602,0.069285,0.29795
6550,0.11216,0.045574,-0.0011985,0.058891,-0.047321,-0.19154,0.29405
6551,0.086175,0.055968,0.0056225,0.078379,-0.13145,-0.39811,0.28171
6552,0.042001,0.063438,0.0072465,0.089098,-0.2029,-0.55694,0.2528
6553,-0.019712,0.067661,0.011144,0.10177,-0.2893,-0.68459,0.19758
6554,-0.096367,0.058241,0.017316,0.11216,-0.39681,-0.78658,0.11638
6555,-0.17075,0.030308,0.020239,0.10566,-0.50368,-0.84537,0.018615
6556,-0.22012,-0.015165,0.014717,0.07708,-0.58228,-0.84083,-0.07493
6557,-0.22889,-0.063237,0.00042559,0.030308,-0.61476,-0.77132,-0.14736
6558,-0.19738,-0.10189,-0.020687,-0.013866,-0.60079,-0.66998,-0.19056
6559,-0.14509,-0.11943,-0.040175,-0.034654,-0.55402,-0.58715,-0.21687
6560,-0.092794,-0.11586,-0.050569,-0.021337,-0.48776,-0.5498,-0.22856
6561,-0.052193,-0.10189,-0.047321,0.01764,-0.39779,-0.54817,-0.22109
6562,-0.022311,-0.083375,-0.039526,0.059865,-0.27728,-0.5498,-0.18894
6563,-0.0037969,-0.068109,-0.034004,0.087474,-0.14411,-0.51764,-0.13632
6564,0.0085458,-0.052518,-0.036278,0.082927,-0.041799,-0.43254,-0.072656
6565,0.017316,-0.032055,-0.046996,0.054019,-0.015165,-0.29742,-0.0054209
6566,0.025761,-0.0060706,-0.062262,0.016666,-0.079152,-0.1334,0.057592
6567,0.038428,0.024137,-0.072331,-0.014191,-0.20096,0.033231,0.10794
6568,0.056617,0.056292,-0.070707,-0.028807,-0.31236,0.18557,0.14561
6569,0.080653,0.090397,-0.054142,-0.024909,-0.34907,0.32069,0.1716
6570,0.10891,0.13132,-0.026209,-0.012892,-0.27826,0.42852,0.18232
6571,0.14074,0.17842,0.0036737,-0.0034721,-0.10579,0.49608,0.1755
6572,0.1677,0.21935,0.023487,-0.0015233,0.11573,0.52337,0.15601
6573,0.18232,0.23299,0.029658,-0.0037969,0.29925,0.53116,0.13327
6574,0.18199,0.21415,0.025761,-0.0063954,0.38272,0.5487,0.1206
6575,0.16835,0.1664,0.01829,-0.00087364,0.36096,0.5932,0.1219
6576,0.14691,0.10664,0.009845,0.012119,0.26482,0.65784,0.1284
6577,0.1219,0.049796,0.0023744,0.026735,0.13262,0.72767,0.131
6578,0.098193,0.011794,0.0010752,0.03453,0.0020496,0.78808,0.12613
6579,0.074806,-0.00022403,0.0039985,0.031607,-0.094743,0.81797,0.11508
6580,0.050121,0.0075714,0.0052977,0.020888,-0.1321,0.79685,0.098193
6581,0.029333,0.025111,0.0020496,0.012768,-0.099615,0.71565,0.077405
6582,0.020564,0.044599,-0.0015233,0.010495,-0.00054884,0.58508,0.059865
6583,0.032257,0.065062,0.0026992,0.017316,0.14886,0.42462,0.048497
6584,0.056942,0.083576,0.016666,0.025436,0.32686,0.25248,0.037454
6585,0.078379,0.095269,0.03453,0.027385,0.51557,0.087799,0.016341
6586,0.079354,0.098842,0.049147,0.021213,0.71987,-0.042449,-0.011917
6587,0.049796,0.092021,0.055318,0.012443,0.93652,-0.11261,-0.046022
6588,-0.0021729,0.074482,0.049796,0.0056225,1.1278,-0.11228,-0.082725
6589,-0.055441,0.044924,0.03453,-0.0028225,1.2353,-0.050894,-0.12333
6590,-0.093444,0.0069217,0.019589,-0.013216,1.222,0.038753,-0.1662
6591,-0.10709,-0.033679,0.0075714,-0.022961,1.097,0.11736,-0.19836
6592,-0.098316,-0.068109,0.0023744,-0.030106,0.90599,0.15081,-0.20453
6593,-0.077203,-0.0837,0.0039985,-0.03173,0.715,0.13197,-0.17562
6594,-0.051868,-0.078503,0.012119,-0.019063,0.55844,0.073507,-0.11845
6595,-0.026533,-0.059339,0.027385,0.0091954,0.42235,-0.0031473,-0.045372
6596,-0.0037969,-0.036602,0.045899,0.047847,0.26872,-0.079477,0.02641
6597,0.013418,-0.020362,0.065062,0.089748,0.087799,-0.13859,0.088448
6598,0.025436,-0.012892,0.083901,0.12288,-0.0837,-0.15776,0.13814
6599,0.029009,-0.0096434,0.10242,0.14139,-0.19283,-0.1204,0.17615
6600,0.020564,-0.0099683,0.11476,0.14951,-0.20193,-0.032705,0.20181
6601,0.008221,-0.013216,0.11703,0.15763,-0.12398,0.076106,0.21577
6602,-0.0011985,-0.01549,0.11476,0.17582,-0.011917,0.1651,0.22162
6603,-0.0015233,-0.011917,0.11866,0.19823,0.064088,0.21025,0.22519
6604,0.0065969,0.00042559,0.13197,0.22194,0.063763,0.21317,0.22714
6605,0.01764,0.023812,0.15471,0.24273,0.0014,0.19531,0.22422
6606,0.024461,0.054993,0.17842,0.2567,-0.082076,0.1729,0.20993
6607,0.022188,0.080653,0.18914,0.25085,-0.15223,0.13814,0.18102
6608,0.0085458,0.087149,0.17972,0.21707,-0.19511,0.082277,0.13652
6609,-0.013216,0.071883,0.15341,0.1638,-0.2159,0.01764,0.0865
6610,-0.031081,0.034206,0.11963,0.11086,-0.21492,-0.032055,0.0433
6611,-0.044398,-0.018413,0.090397,0.084226,-0.19348,-0.055441,0.012443
6612,-0.058689,-0.077853,0.06896,0.087149,-0.15938,-0.070058,-0.011917
6613,-0.075255,-0.13275,0.056617,0.10047,-0.13534,-0.10416,-0.034978
6614,-0.090521,-0.17205,0.046873,0.098517,-0.14087,-0.1636,-0.050569
6615,-0.097991,-0.18569,0.03583,0.071234,-0.18082,-0.22174,-0.045372
6616,-0.087272,-0.17724,0.022188,0.024786,-0.24578,-0.24188,-0.020362
6617,-0.062262,-0.15288,0.0078962,-0.026533,-0.31042,-0.21362,0.0052977
6618,-0.032705,-0.12073,-0.0067202,-0.068109,-0.35037,-0.15451,0.0052977
6619,-0.012242,-0.088572,-0.022961,-0.086623,-0.36271,-0.090196,-0.032055
6620,-0.0089938,-0.063237,-0.037577,-0.078178,-0.3731,-0.044723,-0.096692
6621,-0.02361,-0.044398,-0.048296,-0.056416,-0.40688,-0.036602,-0.17107
6622,-0.045697,-0.03238,-0.052843,-0.032055,-0.47509,-0.06616,-0.24188
6623,-0.064211,-0.022636,-0.054467,-0.008669,-0.56799,-0.12268,-0.29482
6624,-0.071682,-0.011592,-0.055766,0.0091954,-0.66251,-0.19446,-0.31691
6625,-0.06681,-0.00022403,-0.059989,0.011794,-0.73949,-0.26559,-0.30424
6626,-0.052518,0.0095202,-0.064211,-0.0018481,-0.78756,-0.32731,-0.25975
6627,-0.038551,0.013418,-0.06681,-0.027183,-0.796,-0.377,-0.19673
6628,-0.030431,0.01017,-0.072006,-0.046996,-0.75215,-0.41695,-0.13794
6629,-0.034329,0.0033489,-0.078178,-0.053168,-0.65309,-0.43319,-0.097017
6630,-0.046022,-0.0021729,-0.087597,-0.065186,-0.52771,-0.40786,-0.07428
6631,-0.054792,-0.0099683,-0.10189,-0.11066,-0.41923,-0.3403,-0.064536
6632,-0.055766,-0.023285,-0.12138,-0.18991,-0.36206,-0.25227,-0.057065
6633,-0.048296,-0.035953,-0.14574,-0.27923,-0.36141,-0.17692,-0.045372
6634,-0.035303,-0.035953,-0.17075,-0.34322,-0.37245,-0.14054,-0.028807
6635,-0.021661,-0.019712,-0.18634,-0.35654,-0.32048,-0.14606,-0.014191
6636,-0.011592,0.008221,-0.18504,-0.31561,-0.13697,-0.17075,-0.0096434
6637,-0.0060706,0.040377,-0.1675,-0.23896,0.18004,-0.16977,-0.015165
6638,-0.0031473,0.06961,-0.14281,-0.15613,0.55292,-0.10903,-0.024909
6639,0.0023744,0.092671,-0.11651,-0.088247,0.87253,0.009845,-0.022961
6640,0.011144,0.10924,-0.091495,-0.045047,1.0642,0.15958,-0.0083442
6641,0.020239,0.11606,-0.069733,-0.024909,1.1122,0.30639,0.013418
6642,0.029009,0.11541,-0.052843,-0.01484,1.0444,0.43372,0.03583
6643,0.040052,0.10956,-0.039201,-0.0047713,0.89722,0.53896,0.059216
6644,0.051096,0.097868,-0.028482,0.0095202,0.69811,0.61139,0.086175
6645,0.057267,0.082602,-0.021986,0.027709,0.47757,0.62665,0.11281
6646,0.05142,0.064413,-0.019712,0.042001,0.26742,0.56072,0.13002
6647,0.030957,0.0433,-0.024585,0.041351,0.091047,0.40416,0.12937
6648,-0.0011985,0.018615,-0.034004,0.023487,-0.044073,0.18004,0.10696
6649,-0.030431,-0.0067202,-0.043423,-0.0021729,-0.13859,-0.048296,0.071558
6650,-0.047321,-0.030431,-0.047971,-0.022636,-0.19316,-0.2159,0.041027
6651,-0.046996,-0.044723,-0.04927,-0.030106,-0.2055,-0.2932,0.031607
6652,-0.031406,-0.043423,-0.045697,-0.023935,-0.18699,-0.28768,0.049472
6653,-0.0021729,-0.027833,-0.039201,-0.0047713,-0.15256,-0.22694,0.085525
6654,0.033881,-0.0050961,-0.024909,0.020564,-0.12268,-0.13827,0.12905
6655,0.06896,0.019589,-0.0031473,0.045899,-0.11326,-0.046996,0.17062
6656,0.095594,0.038103,0.022837,0.06961,-0.13404,0.015692,0.20603
6657,0.10924,0.049147,0.042975,0.092021,-0.18439,0.031607,0.22812
6658,0.11346,0.058566,0.051745,0.10794,-0.25098,0.0014,0.23526
6659,0.11573,0.074482,0.05272,0.11476,-0.30554,-0.055766,0.22714
6660,0.11833,0.10014,0.055643,0.11086,-0.31691,-0.11488,0.20668
6661,0.11866,0.13132,0.062139,0.10566,-0.26397,-0.14184,0.18232
6662,0.11476,0.16056,0.073182,0.10696,-0.16555,-0.11098,0.16088
6663,0.10209,0.17907,0.087149,0.11898,-0.075255,-0.025559,0.14367
6664,0.083251,0.18687,0.10242,0.13944,-0.04992,0.09397,0.12418
6665,0.06019,0.17972,0.11313,0.15796,-0.11845,0.22065,0.10274
6666,0.034206,0.15731,0.11606,0.17062,-0.26657,0.32783,0.080328
6667,0.008221,0.12093,0.11281,0.1729,-0.44878,0.40676,0.064413
6668,-0.01614,0.077405,0.10794,0.1677,-0.58488,0.46523,0.059541
6669,-0.029132,0.038753,0.10339,0.15796,-0.5943,0.5081,0.067661
6670,-0.028482,0.013743,0.10371,0.14756,-0.4254,0.53149,0.080978
6671,-0.013541,0.0078962,0.10924,0.13944,-0.095717,0.53376,0.096569
6672,0.014392,0.021538,0.12125,0.13067,0.31484,0.52239,0.11313
6673,0.046548,0.04395,0.13522,0.1219,0.70266,0.50225,0.12872
6674,0.078055,0.066037,0.14789,0.11898,0.9781,0.46977,0.14009
6675,0.10306,0.081952,0.15666,0.1219,1.0794,0.41553,0.13912
6676,0.11378,0.091047,0.16088,0.12775,0.99888,0.32751,0.11736
6677,0.10761,0.097543,0.16056,0.12678,0.78711,0.20668,0.079679
6678,0.093321,0.10761,0.15893,0.11768,0.53343,0.062789,0.036154
6679,0.080653,0.11931,0.15698,0.10534,0.31874,-0.085648,-0.0021729
6680,0.075781,0.13132,0.15633,0.091696,0.18167,-0.22142,-0.027508
6681,0.077405,0.14594,0.15406,0.073507,0.12028,-0.32666,-0.037252
6682,0.0852,0.1677,0.14951,0.055318,0.11054,-0.3705,-0.033354
6683,0.098193,0.19953,0.14399,0.033556,0.11963,-0.32081,-0.022311
6684,0.11541,0.23039,0.1362,0.0091954,0.12028,-0.17594,-0.0060706
6685,0.13197,0.24436,0.12288,-0.015165,0.10436,0.025436,0.01017
6686,0.14496,0.23201,0.10014,-0.036602,0.083901,0.21805,0.023487
6687,0.14626,0.20083,0.070909,-0.051868,0.07708,0.35154,0.031607
6688,0.1297,0.16023,0.046223,-0.053492,0.092996,0.41293,0.038103
6689,0.098193,0.11248,0.03518,-0.034978,0.10469,0.40903,0.048822
6690,0.057267,0.054993,0.038103,-0.0057458,0.072533,0.34862,0.06831
6691,0.016666,-0.008669,0.050771,0.024461,-0.031081,0.22844,0.090397
6692,-0.017764,-0.072331,0.066037,0.042326,-0.19608,0.051096,0.10924
6693,-0.041475,-0.12657,0.078055,0.045899,-0.36661,-0.15613,0.12515
6694,-0.053168,-0.16328,0.082927,0.0433,-0.48126,-0.34712,0.13847
6695,-0.055766,-0.18309,0.077405,0.045899,-0.51472,-0.47867,0.15049
6696,-0.055441,-0.19121,0.062789,0.060515,-0.48419,-0.53323,0.16088
6697,-0.056091,-0.19154,0.0433,0.085525,-0.42929,-0.53096,0.16348
6698,-0.057065,-0.18601,0.025761,0.10956,-0.38804,-0.49978,0.14854
6699,-0.060313,-0.17789,0.014717,0.12125,-0.38285,-0.45723,0.10826
6700,-0.067459,-0.17172,0.015042,0.12255,-0.42507,-0.41338,0.047847
6701,-0.072981,-0.16815,0.024786,0.13295,-0.49133,-0.37538,-0.012892
6702,-0.069083,-0.16458,0.041027,0.16056,-0.51797,-0.34744,-0.054467
6703,-0.044073,-0.15418,0.057917,0.19369,-0.43579,-0.32341,-0.065835
6704,0.0026992,-0.12885,0.070909,0.21675,-0.22239,-0.2854,-0.043099
6705,0.064088,-0.081751,0.080978,0.2187,0.069285,-0.22661,0.0095202
6706,0.12645,-0.012892,0.089748,0.207,0.32718,-0.1662,0.069285
6707,0.17745,0.071883,0.095919,0.18784,0.44996,-0.13275,0.11086
6708,0.21025,0.16185,0.095594,0.15763,0.40189,-0.13827,0.11378
6709,0.22747,0.24241,0.088773,0.11508,0.21772,-0.18342,0.074157
6710,0.23591,0.30412,0.074157,0.065712,-0.011917,-0.25455,0.0014
6711,0.24111,0.34147,0.05272,0.016341,-0.20485,-0.33153,-0.081101
6712,0.24825,0.35382,0.026085,-0.025234,-0.32016,-0.39941,-0.15256
6713,0.25605,0.34212,-0.0024977,-0.055766,-0.35394,-0.46113,-0.20258
6714,0.25832,0.31192,-0.028807,-0.072656,-0.32893,-0.51829,-0.23181
6715,0.25053,0.27002,-0.049595,-0.076879,-0.27501,-0.56247,-0.24903
6716,0.22649,0.22487,-0.064861,-0.072331,-0.21882,-0.58455,-0.26234
6717,0.18459,0.18264,-0.078178,-0.070707,-0.17952,-0.58585,-0.28021
6718,0.12905,0.14626,-0.092794,-0.078503,-0.17237,-0.58001,-0.30814
6719,0.070909,0.11476,-0.11196,-0.098641,-0.20128,-0.57546,-0.33413
6720,0.029009,0.08585,-0.13307,-0.11845,-0.25098,-0.56052,-0.33575
6721,0.017316,0.064088,-0.14899,-0.1269,-0.288,-0.50985,-0.2971
6722,0.037454,0.054344,-0.15321,-0.1217,-0.27404,-0.40948,-0.22369
6723,0.078055,0.058891,-0.14639,-0.10319,-0.18601,-0.26169,-0.1308
6724,0.12418,0.082602,-0.12982,-0.077528,-0.030756,-0.081426,-0.035953
6725,0.16543,0.12385,-0.10644,-0.054467,0.15406,0.10306,0.047198
6726,0.19466,0.17127,-0.081426,-0.039526,0.31841,0.25735,0.10761
6727,0.21025,0.20668,-0.061613,-0.041475,0.42657,0.35317,0.14107
6728,0.21382,0.21512,-0.051544,-0.05804,0.4623,0.3824,0.14626
6729,0.20635,0.19726,-0.05804,-0.081101,0.42527,0.35641,0.131
6730,0.18459,0.16088,-0.077203,-0.10384,0.33595,0.29827,0.10469
6731,0.14432,0.11443,-0.098316,-0.1204,0.23364,0.23234,0.081952
6732,0.086175,0.063763,-0.11163,-0.12722,0.15633,0.19076,0.069934
6733,0.013093,0.012443,-0.10903,-0.11878,0.12385,0.21155,0.072208
6734,-0.061288,-0.036927,-0.09182,-0.096692,0.14204,0.31874,0.087149
6735,-0.1204,-0.082076,-0.065835,-0.068758,0.19823,0.5016,0.11638
6736,-0.15613,-0.1217,-0.035628,-0.037252,0.26579,0.71922,0.15666
6737,-0.16653,-0.15093,-0.0034721,-0.0041217,0.30899,0.92061,0.19856
6738,-0.15581,-0.1688,0.02641,0.027385,0.30769,1.0622,0.23234
6739,-0.13664,-0.17335,0.047523,0.049147,0.27619,1.1191,0.2476
6740,-0.12398,-0.1701,0.056292,0.054993,0.24955,1.0804,0.22909
6741,-0.12333,-0.16133,0.054344,0.049472,0.25605,0.95828,0.17355
6742,-0.13664,-0.15029,0.046873,0.042975,0.30672,0.78808,0.087149
6743,-0.16295,-0.13729,0.038103,0.038103,0.39929,0.62438,-0.017439
6744,-0.19901,-0.1282,0.030633,0.034855,0.52304,0.49868,-0.1204
6745,-0.23668,-0.12787,0.023812,0.034855,0.65264,0.41748,-0.19511
6746,-0.26169,-0.13957,0.016991,0.042651,0.74326,0.38013,-0.2172
6747,-0.26527,-0.1597,0.013093,0.057917,0.75528,0.37525,-0.18179
6748,-0.24968,-0.18049,0.013418,0.077405,0.66661,0.36746,-0.1191
6749,-0.22661,-0.19348,0.019264,0.090722,0.47952,0.32036,-0.072981
6750,-0.20648,-0.19024,0.026735,0.088773,0.21902,0.22909,-0.067459
6751,-0.19543,-0.17075,0.038103,0.073182,-0.061288,0.12678,-0.094418
6752,-0.18894,-0.14054,0.049472,0.051745,-0.2997,0.057917,-0.1256
6753,-0.18147,-0.11066,0.056292,0.032582,-0.43449,0.054668,-0.1295
6754,-0.1701,-0.085648,0.058891,0.022512,-0.43287,0.11541,-0.096042
6755,-0.15483,-0.067784,0.058241,0.01829,-0.31464,0.19499,-0.037577
6756,-0.13729,-0.056091,0.058566,0.01764,-0.15093,0.22617,0.014392
6757,-0.12138,-0.052518,0.057267,0.017316,-0.012567,0.14984,0.029009
6758,-0.10968,-0.05804,0.053369,0.014392,0.062789,-0.051868,-0.010618
6759,-0.10286,-0.067784,0.045249,0.0085458,0.075781,-0.3364,-0.094418
6760,-0.099615,-0.079477,0.036154,0.0039985,0.045574,-0.62873,-0.19446
6761,-0.10124,-0.084674,0.033556,0.0036737,-0.011267,-0.85479,-0.27436
6762,-0.10384,-0.080776,0.036154,0.0046481,-0.088572,-0.97497,-0.30912
6763,-0.10449,-0.070707,0.038753,0.0078962,-0.17822,-0.99771,-0.29807
6764,-0.10156,-0.065186,0.035505,0.014068,-0.26527,-0.96815,-0.26039
6765,-0.095068,-0.067134,0.023812,0.02641,-0.32373,-0.92755,-0.2172
6766,-0.084999,-0.075255,0.01017,0.039402,-0.33672,-0.90189,-0.17627
6767,-0.07493,-0.081751,0.0026992,0.050446,-0.30359,-0.90221,-0.14087
6768,-0.06681,-0.081426,0.0046481,0.058566,-0.23214,-0.92333,-0.11098
6769,-0.061937,-0.069408,0.013743,0.06896,-0.14444,-0.94119,-0.084024
6770,-0.062262,-0.050244,0.02706,0.08585,-0.060313,-0.9243,-0.058689
6771,-0.067134,-0.031081,0.044275,0.11021,0.023812,-0.84375,-0.0405
6772,-0.067459,-0.011917,0.066037,0.13879,0.13327,-0.67972,-0.025559
6773,-0.04862,0.010819,0.090722,0.17485,0.30477,-0.43157,0.0017248
6774,-0.0067202,0.044599,0.11573,0.22129,0.55097,-0.10806,0.054019
6775,0.049796,0.085525,0.13327,0.26644,0.83518,0.26969,0.13392
6776,0.10242,0.11898,0.1323,0.28041,1.069,0.65361,0.22844
6777,0.13587,0.13165,0.10891,0.23851,1.1548,0.98362,0.31776
6778,0.14464,0.12028,0.065387,0.13749,1.044,1.2136,0.38597
6779,0.13814,0.095594,0.014392,0.003024,0.76177,1.3234,0.42397
6780,0.12807,0.074157,-0.029457,-0.123,0.39117,1.3198,0.43112
6781,0.12353,0.065712,-0.051544,-0.20713,0.037129,1.2211,0.41553
6782,0.12548,0.071234,-0.046022,-0.23474,-0.21947,1.046,0.38402
6783,0.1323,0.084226,-0.026209,-0.21785,-0.35296,0.81504,0.34017
6784,0.1362,0.092671,-0.007045,-0.18439,-0.38739,0.55227,0.28528
6785,0.1271,0.090072,-0.00054884,-0.16003,-0.37862,0.29438,0.22227
6786,0.10242,0.078055,-0.0083442,-0.14834,-0.36791,0.078055,0.16218
6787,0.073182,0.06084,-0.025559,-0.14087,-0.377,-0.07493,0.12028
6788,0.050121,0.041676,-0.045047,-0.12073,-0.40558,-0.16198,0.10014
6789,0.037778,0.026735,-0.058365,-0.082725,-0.43969,-0.19998,0.095594
6790,0.036479,0.021863,-0.062587,-0.034004,-0.45463,-0.20745,0.10112
6791,0.04395,0.029983,-0.057715,0.014392,-0.44001,-0.18829,0.11248
6792,0.054344,0.048497,-0.051219,0.050121,-0.40363,-0.14119,0.1245
6793,0.064413,0.070584,-0.04927,0.062139,-0.36985,-0.070058,0.1284
6794,0.073832,0.089748,-0.050569,0.051096,-0.36173,0.019264,0.12223
6795,0.080978,0.10501,-0.047971,0.029658,-0.38317,0.11411,0.10696
6796,0.084226,0.11606,-0.041799,0.0049729,-0.4202,0.18622,0.081627
6797,0.082602,0.12028,-0.037902,-0.015165,-0.45268,0.20765,0.047198
6798,0.074157,0.11573,-0.039201,-0.028807,-0.47477,0.16673,0.0072465
6799,0.062139,0.10079,-0.044723,-0.037902,-0.48873,0.071234,-0.029782
6800,0.045899,0.080653,-0.053492,-0.049595,-0.49653,-0.051219,-0.058365
6801,0.029983,0.06084,-0.064536,-0.062912,-0.51082,-0.1753,-0.08305
6802,0.013418,0.041676,-0.073955,-0.076879,-0.5459,-0.27371,-0.10579
6803,-0.0021729,0.015692,-0.078827,-0.089221,-0.59495,-0.32568,-0.1269
6804,-0.012892,-0.017114,-0.080776,-0.093119,-0.6336,-0.32438,-0.14022
6805,-0.011267,-0.049595,-0.077528,-0.080451,-0.63717,-0.28476,-0.13307
6806,0.0026992,-0.06616,-0.071357,-0.052193,-0.59722,-0.23766,-0.10091
6807,0.024461,-0.060638,-0.061937,-0.01549,-0.52446,-0.20518,-0.04927
6808,0.04395,-0.034978,-0.046022,0.031932,-0.44554,-0.18699,0.016016
6809,0.062789,0.0020496,-0.025884,0.090397,-0.36206,-0.15223,0.089748
6810,0.079679,0.041676,0.00075039,0.14886,-0.25292,-0.076554,0.16023
6811,0.094945,0.074806,0.032906,0.18946,-0.095068,0.017965,0.21252
6812,0.10696,0.099167,0.061489,0.20246,0.10469,0.072208,0.23851
6813,0.11995,0.12158,0.07773,0.18849,0.30477,0.031932,0.24533
6814,0.13717,0.14854,0.082602,0.1625,0.43957,-0.10546,0.24858
6815,0.16153,0.18459,0.080653,0.14107,0.4649,-0.29223,0.26514
6816,0.19174,0.22454,0.077405,0.1349,0.38532,-0.44326,0.30607
6817,0.22714,0.25865,0.078055,0.14594,0.2593,-0.47542,0.37136
6818,0.26417,0.27814,0.08585,0.17127,0.15958,-0.35849,0.44736
6819,0.29665,0.27944,0.10209,0.20116,0.13035,-0.1191,0.51395
6820,0.31354,0.27034,0.13067,0.22389,0.17712,0.18719,0.54805
6821,0.30769,0.25605,0.17127,0.23364,0.28236,0.49121,0.53441
6822,0.27814,0.23526,0.22,0.23234,0.42495,0.72799,0.46458
6823,0.23201,0.20051,0.26222,0.22194,0.59352,0.87156,0.34732
6824,0.17615,0.14854,0.28626,0.2109,0.77704,0.94074,0.21545
6825,0.11833,0.07773,0.28041,0.20311,0.94464,0.95309,0.095269
6826,0.067011,-0.0044465,0.24728,0.19661,1.0372,0.89884,-0.0073698
6827,0.024786,-0.08305,0.19499,0.18427,1.0057,0.76567,-0.095068
6828,-0.0044465,-0.14022,0.14042,0.16218,0.83388,0.57209,-0.17335
6829,-0.022311,-0.16295,0.095594,0.1336,0.55227,0.37103,-0.23733
6830,-0.029782,-0.14769,0.069934,0.10599,0.23591,0.22649,-0.27793
6831,-0.024909,-0.10611,0.062789,0.083901,-0.024909,0.1625,-0.2893
6832,-0.0089938,-0.051868,0.066362,0.06896,-0.17042,0.15016,-0.27631
6833,0.014068,0.0026992,0.073832,0.066037,-0.18731,0.14172,-0.2461
6834,0.037778,0.05142,0.084876,0.076106,-0.1178,0.097218,-0.20518
6835,0.054993,0.092671,0.098842,0.096893,-0.02361,0.0014,-0.16425
6836,0.060515,0.1206,0.11313,0.1232,0.053369,-0.13827,-0.13697
6837,0.053694,0.12645,0.12483,0.15016,0.10242,-0.29353,-0.12755
6838,0.041676,0.10794,0.1323,0.17322,0.131,-0.43059,-0.13145
6839,0.029983,0.068635,0.13002,0.18102,0.14432,-0.51699,-0.14119
6840,0.021538,0.014392,0.11736,0.169,0.13977,-0.53486,-0.14769
6841,0.0078962,-0.043099,0.10047,0.14074,0.10566,-0.5001,-0.15158
6842,-0.016464,-0.094743,0.081627,0.10761,0.036804,-0.44976,-0.15548
6843,-0.047646,-0.13404,0.062464,0.07773,-0.060963,-0.41143,-0.15905
6844,-0.0824,-0.15581,0.0433,0.053369,-0.17692,-0.39519,-0.16523
6845,-0.11326,-0.15678,0.029009,0.032257,-0.30684,-0.3848,-0.17075
6846,-0.13469,-0.14152,0.024137,0.016016,-0.44196,-0.35686,-0.17237
6847,-0.14314,-0.11586,0.02641,0.0023744,-0.56571,-0.2958,-0.16588
6848,-0.13989,-0.087922,0.027709,-0.0093186,-0.65861,-0.20485,-0.15256
6849,-0.12885,-0.060313,0.025761,-0.021986,-0.70278,-0.090521,-0.13599
6850,-0.10871,-0.033679,0.023487,-0.03238,-0.68232,0.037129,-0.11683
6851,-0.084999,-0.0099683,0.029009,-0.038551,-0.59105,0.15601,-0.094743
6852,-0.059014,0.013418,0.041351,-0.036278,-0.44359,0.24306,-0.070707
6853,-0.03173,0.036479,0.055318,-0.024585,-0.26299,0.28626,-0.046671
6854,-0.00087364,0.06084,0.063438,-0.013216,-0.077528,0.29308,-0.027508
6855,0.027385,0.082602,0.060515,-0.013216,0.092346,0.26677,-0.026858
6856,0.048822,0.10566,0.046223,-0.025234,0.22779,0.20018,-0.052843
6857,0.063113,0.12905,0.027385,-0.046347,0.30639,0.093321,-0.10189
6858,0.071234,0.14984,0.0062721,-0.073631,0.30574,-0.033679,-0.15873
6859,0.073182,0.1625,-0.016464,-0.10416,0.22454,-0.14834,-0.20518
6860,0.071883,0.16478,-0.040825,-0.13275,0.090722,-0.22564,-0.22532
6861,0.071883,0.15666,-0.067784,-0.15353,-0.051868,-0.26397,-0.21492
6862,0.072533,0.14139,-0.096692,-0.1649,-0.16718,-0.2854,-0.18114
6863,0.065712,0.1206,-0.12625,-0.16945,-0.24123,-0.31009,-0.13827
6864,0.048497,0.095594,-0.14996,-0.1688,-0.27793,-0.34647,-0.10286
6865,0.021538,0.069934,-0.16263,-0.16328,-0.28248,-0.39162,-0.0824
6866,-0.0076946,0.044275,-0.16393,-0.15548,-0.26299,-0.43124,-0.075579
6867,-0.028807,0.028359,-0.15776,-0.14379,-0.22921,-0.45788,-0.073955
6868,-0.033354,0.025436,-0.15093,-0.13404,-0.19543,-0.47119,-0.069083
6869,-0.018413,0.036154,-0.14769,-0.12885,-0.15548,-0.48061,-0.053817
6870,0.015692,0.057917,-0.14314,-0.12463,-0.072331,-0.48094,-0.020687
6871,0.061165,0.082927,-0.1282,-0.11196,0.091047,-0.45236,0.029333
6872,0.10599,0.10599,-0.10351,-0.079477,0.3444,-0.37408,0.084226
6873,0.13879,0.1232,-0.070707,-0.027508,0.65946,-0.24838,0.12905
6874,0.15211,0.1245,-0.0405,0.029658,0.95341,-0.10351,0.15114
6875,0.14594,0.10696,-0.020362,0.070909,1.1379,0.030308,0.14626
6876,0.12353,0.072533,-0.014516,0.084551,1.1743,0.13652,0.12093
6877,0.096244,0.029983,-0.021661,0.074806,1.083,0.2135,0.090072
6878,0.07708,-0.008669,-0.038551,0.056942,0.91346,0.26027,0.065387
6879,0.06896,-0.039851,-0.058365,0.042001,0.70948,0.27424,0.053369
6880,0.065387,-0.064536,-0.078827,0.027709,0.49121,0.25053,0.05142
6881,0.054344,-0.079152,-0.094093,0.0062721,0.25865,0.18979,0.053369
6882,0.029983,-0.084999,-0.10481,-0.030756,0.016666,0.098193,0.049147
6883,-0.014516,-0.086623,-0.11196,-0.074605,-0.2133,-0.014191,0.030957
6884,-0.073306,-0.088572,-0.11293,-0.10806,-0.39746,-0.12105,0.0049729
6885,-0.13372,-0.089221,-0.10871,-0.1217,-0.49491,-0.18699,-0.010293
6886,-0.17627,-0.0824,-0.10254,-0.11293,-0.47834,-0.18764,-0.0073698
6887,-0.19024,-0.061937,-0.094093,-0.090196,-0.35361,-0.12885,0.012443
6888,-0.17367,-0.027833,-0.080776,-0.063886,-0.16555,-0.036602,0.04395
6889,-0.13697,0.01017,-0.061288,-0.043748,0.019264,0.052395,0.078704
6890,-0.10026,0.036154,-0.040175,-0.032705,0.13717,0.11216,0.10371
6891,-0.082725,0.039727,-0.024909,-0.030431,0.15666,0.13555,0.11183
6892,-0.090196,0.021538,-0.01614,-0.037577,0.08585,0.13002,0.10924
6893,-0.11456,-0.010293,-0.012892,-0.051219,-0.035303,0.10469,0.098193
6894,-0.14769,-0.042449,-0.015165,-0.069083,-0.15386,0.061489,0.080003
6895,-0.18504,-0.068109,-0.02361,-0.084674,-0.22759,0.0062721,0.054668
6896,-0.2172,-0.080451,-0.035953,-0.097341,-0.23571,-0.043423,0.023487
6897,-0.23149,-0.077203,-0.046671,-0.10221,-0.17432,-0.071032,-0.0063954
6898,-0.21557,-0.05804,-0.048945,-0.089871,-0.077528,-0.072656,-0.028482
6899,-0.1649,-0.027833,-0.038227,-0.057715,-0.0096434,-0.051868,-0.035628
6900,-0.089221,0.0088706,-0.017114,-0.018088,-0.036602,-0.0015233,-0.026209
6901,-0.013216,0.041676,0.009845,0.015692,-0.18634,0.077405,-0.0096434
6902,0.039402,0.063763,0.036479,0.037454,-0.42312,0.15698,0.0065969
6903,0.056292,0.070584,0.056292,0.050121,-0.65276,0.21123,0.015367
6904,0.040052,0.066037,0.071234,0.056292,-0.76709,0.24208,0.017965
6905,0.0085458,0.056617,0.083901,0.064088,-0.69174,0.29373,0.021863
6906,-0.016464,0.049796,0.097218,0.07708,-0.42507,0.40903,0.039078
6907,-0.017764,0.048497,0.11508,0.10047,-0.059339,0.58248,0.079354
6908,0.00042559,0.053044,0.13555,0.13165,0.26904,0.74618,0.13327
6909,0.027385,0.059216,0.15601,0.16933,0.46263,0.81537,0.18199
6910,0.047198,0.064413,0.17485,0.2083,0.50128,0.74196,0.21545
6911,0.054344,0.064088,0.18654,0.23494,0.42073,0.54903,0.23234
6912,0.052395,0.055318,0.18784,0.24241,0.27716,0.31159,0.24176
6913,0.047198,0.038428,0.1768,0.23429,0.11995,0.11021,0.24825
6914,0.047198,0.015042,0.15666,0.22032,-0.013541,-0.0041217,0.25475
6915,0.056617,-0.0054209,0.13392,0.20798,-0.10254,-0.026209,0.2606
6916,0.075781,-0.017439,0.11183,0.20376,-0.1334,0.012443,0.26255
6917,0.10631,-0.015165,0.10112,0.20181,-0.10319,0.082927,0.258
6918,0.14074,0.0049729,0.10859,0.19499,-0.024585,0.16478,0.24663
6919,0.16608,0.040052,0.13002,0.18654,0.06961,0.24013,0.22747
6920,0.17615,0.080003,0.15666,0.18037,0.15179,0.28918,0.19434
6921,0.17192,0.11606,0.18102,0.1781,0.20473,0.30477,0.14659
6922,0.15601,0.14367,0.19563,0.17842,0.21935,0.29438,0.089098
6923,0.13814,0.15633,0.19791,0.1768,0.19563,0.27586,0.032257
6924,0.1206,0.14821,0.18622,0.16348,0.14594,0.26612,-0.014191
6925,0.10729,0.1219,0.15796,0.1336,0.098842,0.26482,-0.042449
6926,0.10112,0.08585,0.11995,0.092346,0.070909,0.25345,-0.052193
6927,0.10306,0.048822,0.080003,0.051745,0.061165,0.20603,-0.052193
6928,0.10989,0.016666,0.049147,0.022837,0.054668,0.11931,-0.050569
6929,0.11671,-0.007045,0.027709,0.011469,0.038428,0.016666,-0.054142
6930,0.11573,-0.022636,0.018615,0.012443,0.017965,-0.072006,-0.059339
6931,0.10436,-0.029782,0.019264,0.01829,0.010495,-0.11423,-0.059014
6932,0.090397,-0.037577,0.023162,0.022188,0.024461,-0.094743,-0.04927
6933,0.084876,-0.050244,0.02641,0.017316,0.048822,-0.022636,-0.026858
6934,0.092671,-0.069408,0.030308,0.0072465,0.053694,0.061489,0.0069217
6935,0.11086,-0.086623,0.038428,0.00075039,0.0026992,0.10371,0.042001
6936,0.1284,-0.088896,0.053044,-0.0031473,-0.11651,0.062139,0.069285
6937,0.13749,-0.070058,0.073182,-0.013541,-0.28021,-0.066485,0.090722
6938,0.13522,-0.03173,0.088124,-0.032705,-0.44521,-0.24026,0.11054
6939,0.12678,0.016341,0.092996,-0.052518,-0.56539,-0.38545,0.1284
6940,0.11833,0.062139,0.086175,-0.064211,-0.61963,-0.44066,0.14269
6941,0.11086,0.092021,0.066686,-0.065835,-0.60794,-0.3848,0.14529
6942,0.10014,0.099817,0.036479,-0.063886,-0.54168,-0.23798,0.1323
6943,0.088773,0.089748,0.0033489,-0.06616,-0.42929,-0.021661,0.11378
6944,0.080978,0.070259,-0.026209,-0.068758,-0.27923,0.2502,0.10534
6945,0.081303,0.050771,-0.048945,-0.068434,-0.10189,0.54513,0.11931
6946,0.0852,0.039078,-0.062912,-0.066485,0.09462,0.81504,0.15373
6947,0.083576,0.036154,-0.070058,-0.064536,0.30867,1.0112,0.19693
6948,0.071558,0.036479,-0.069733,-0.055766,0.53896,1.1012,0.23071
6949,0.055643,0.03453,-0.062912,-0.039526,0.77347,1.0804,0.24371
6950,0.041027,0.031607,-0.052843,-0.016789,0.9638,0.96835,0.23234
6951,0.029658,0.025761,-0.046671,0.0075714,1.0362,0.78516,0.19628
6952,0.016016,0.01764,-0.048945,0.02641,0.93912,0.53408,0.12775
6953,-0.0050961,0.0075714,-0.056741,0.030308,0.68804,0.21382,0.018615
6954,-0.030431,0.0020496,-0.06616,0.026085,0.34829,-0.15776,-0.11813
6955,-0.050894,0.0046481,-0.073955,0.024786,0.009845,-0.53161,-0.24058
6956,-0.060638,0.014068,-0.079802,0.035505,-0.26299,-0.86324,-0.30814
6957,-0.055441,0.027385,-0.0824,0.053369,-0.44034,-1.1257,-0.31009
6958,-0.038876,0.03583,-0.0824,0.066686,-0.51699,-1.3124,-0.26754
6959,-0.020362,0.038753,-0.082725,0.069934,-0.5079,-1.4317,-0.21492
6960,-0.0054209,0.040702,-0.087272,0.06896,-0.43547,-1.4989,-0.18471
6961,0.00042559,0.041351,-0.093444,0.067661,-0.33023,-1.5437,-0.19089
6962,-0.0047713,0.037129,-0.10026,0.065062,-0.21167,-1.6044,-0.23311
6963,-0.021012,0.028034,-0.10481,0.058241,-0.080776,-1.6983,-0.2893
6964,-0.046022,0.012443,-0.10514,0.043625,0.061814,-1.7928,-0.3325
6965,-0.075904,-0.008669,-0.10059,0.020888,0.2109,-1.8367,-0.35134
6966,-0.10189,-0.03238,-0.095717,-0.0060706,0.35544,-1.7922,-0.35556
6967,-0.12235,-0.052518,-0.093769,-0.026209,0.48406,-1.6476,-0.36076
6968,-0.13892,-0.071357,-0.096692,-0.031406,0.58475,-1.4268,-0.3861
6969,-0.15711,-0.091495,-0.10156,-0.021986,0.64354,-1.1643,-0.42735
6970,-0.17952,-0.11001,-0.09994,-0.0050961,0.6377,-0.88695,-0.4686
6971,-0.19901,-0.11683,-0.0837,0.015042,0.55195,-0.61411,-0.47607
6972,-0.2029,-0.10384,-0.055116,0.038103,0.38597,-0.35199,-0.42312
6973,-0.18114,-0.069408,-0.022311,0.06019,0.16445,-0.096042,-0.31009
6974,-0.1334,-0.018413,0.0062721,0.078055,-0.06551,0.15016,-0.16165
6975,-0.072981,0.037129,0.023812,0.0865,-0.26072,0.3811,-0.0076946
6976,-0.01549,0.081952,0.032257,0.085525,-0.39616,0.58443,0.12385
6977,0.026085,0.11248,0.032582,0.07708,-0.46827,0.75041,0.21025
6978,0.041676,0.12743,0.028034,0.068635,-0.5027,0.86799,0.24241
6979,0.034206,0.1284,0.023162,0.063438,-0.53486,0.93132,0.22552
6980,0.014068,0.12125,0.025111,0.059216,-0.58618,0.93912,0.18037
6981,-0.0041217,0.10794,0.036154,0.050771,-0.64367,0.90242,0.1336
6982,-0.010618,0.089423,0.05207,0.044275,-0.68427,0.83258,0.10112
6983,-0.0028225,0.068635,0.071558,0.049472,-0.68622,0.73157,0.081303
6984,0.016991,0.050771,0.090397,0.065062,-0.6245,0.59872,0.065062
6985,0.040052,0.042326,0.10826,0.083576,-0.46307,0.45386,0.050771
6986,0.061165,0.045249,0.12288,0.10112,-0.19706,0.33563,0.042975
6987,0.07708,0.056292,0.13165,0.11313,0.13847,0.27424,0.05272
6988,0.084876,0.065712,0.13327,0.11736,0.47594,0.27684,0.083901
6989,0.080003,0.065712,0.12905,0.11476,0.73709,0.32523,0.12937
6990,0.064413,0.057592,0.12483,0.11183,0.85337,0.39572,0.17225
6991,0.045574,0.043625,0.1245,0.11151,0.80075,0.46652,0.20668
6992,0.033556,0.027709,0.12775,0.11021,0.61561,0.52954,0.22259
6993,0.03518,0.017316,0.1297,0.10696,0.36324,0.59125,0.21707
6994,0.044599,0.017316,0.12905,0.098517,0.12093,0.66238,0.19921
6995,0.050121,0.026735,0.12613,0.084226,-0.051868,0.74359,0.18004
6996,0.042975,0.039727,0.11671,0.064413,-0.13762,0.82056,0.17062
6997,0.026085,0.050446,0.10339,0.049147,-0.1727,0.87578,0.17842
6998,0.013093,0.058891,0.095594,0.045249,-0.21167,0.89527,0.20538
6999,0.013093,0.073182,0.10144,0.052395,-0.27664,0.87123,0.24371
7000,0.022837,0.092996,0.11995,0.064088,-0.3338,0.80627,0.27749
7001,0.036804,0.10956,0.14107,0.07773,-0.31886,0.7163,0.29957
7002,0.046548,0.11963,0.15341,0.087149,-0.18699,0.62048,0.30477
7003,0.048172,0.11866,0.15016,0.093321,0.042651,0.53961,0.29243
7004,0.041027,0.10306,0.12678,0.092996,0.29145,0.48666,0.26125
7005,0.024461,0.075781,0.0852,0.083901,0.46555,0.47789,0.22194
7006,0.0010752,0.041676,0.037778,0.065062,0.51784,0.53116,0.19011
7007,-0.025234,0.0095202,-0.00054884,0.041027,0.45905,0.64484,0.1768
7008,-0.050244,-0.010943,-0.022636,0.011794,0.33043,0.77866,0.18264
7009,-0.070058,-0.017764,-0.029782,-0.019712,0.18784,0.88033,0.20311
7010,-0.080127,-0.017439,-0.029132,-0.047321,0.079354,0.91281,0.23039
7011,-0.076879,-0.018738,-0.025559,-0.068434,0.024786,0.86279,0.2528
7012,-0.065835,-0.025559,-0.022636,-0.084999,0.01764,0.74164,0.25865
7013,-0.059339,-0.040175,-0.025559,-0.10091,0.037454,0.57891,0.24695
7014,-0.059014,-0.053168,-0.035303,-0.11651,0.061165,0.40773,0.23006
7015,-0.062262,-0.059989,-0.046671,-0.13242,0.072858,0.25637,0.21902
7016,-0.061937,-0.055766,-0.050894,-0.14314,0.064737,0.13717,0.21642
7017,-0.055116,-0.043099,-0.047321,-0.14054,0.040377,0.035505,0.21642
7018,-0.038876,-0.029457,-0.038227,-0.12463,0.003024,-0.087272,0.20051
7019,-0.017764,-0.017764,-0.024585,-0.092469,-0.036278,-0.26624,0.15601
7020,0.0033489,-0.0067202,-0.008669,-0.038551,-0.072006,-0.49815,0.07708
7021,0.017965,0.003024,0.008221,0.029983,-0.11586,-0.758,-0.029457
7022,0.023487,0.010495,0.020239,0.083901,-0.19024,-1.0143,-0.15353
7023,0.022837,0.016991,0.018615,0.088773,-0.31789,-1.2361,-0.28118
7024,0.022188,0.027709,0.0046481,0.037454,-0.49393,-1.406,-0.39454
7025,0.023812,0.044924,-0.011267,-0.040175,-0.68297,-1.5051,-0.46925
7026,0.028359,0.066362,-0.024585,-0.10611,-0.82231,-1.5284,-0.49361
7027,0.033556,0.089098,-0.031081,-0.13729,-0.85349,-1.4843,-0.47119
7028,0.041676,0.10794,-0.030756,-0.12982,-0.7541,-1.3927,-0.41468
7029,0.052395,0.11963,-0.029132,-0.092145,-0.56766,-1.2852,-0.34842
7030,0.065712,0.11963,-0.027183,-0.045372,-0.37733,-1.1851,-0.28605
7031,0.079679,0.10956,-0.02361,-0.0067202,-0.25682,-1.0977,-0.23376
7032,0.092996,0.092021,-0.01484,0.019914,-0.22726,-1.012,-0.18829
7033,0.10079,0.070909,-0.0018481,0.038753,-0.2578,-0.91553,-0.14736
7034,0.10177,0.051096,0.0075714,0.048822,-0.29417,-0.80315,-0.11196
7035,0.096893,0.037454,0.0091954,0.044599,-0.30782,-0.67972,-0.087597
7036,0.092021,0.031932,0.0014,0.031282,-0.29645,-0.54882,-0.071357
7037,0.088124,0.032906,-0.011592,0.011469,-0.27923,-0.40851,-0.059664
7038,0.084226,0.034206,-0.029132,-0.0093186,-0.26884,-0.26429,-0.045372
7039,0.079679,0.030308,-0.044723,-0.027833,-0.24838,-0.11813,-0.028482
7040,0.075131,0.020888,-0.053168,-0.039526,-0.18374,0.037454,-0.0093186
7041,0.071234,0.010495,-0.04927,-0.039526,-0.050244,0.22292,0.021538
7042,0.072533,0.0059473,-0.03303,-0.029782,0.13327,0.43632,0.073182
7043,0.079679,0.012768,-0.010618,-0.015165,0.30867,0.64809,0.13749
7044,0.089423,0.029983,0.0078962,0.003024,0.42787,0.8105,0.19304
7045,0.092671,0.047847,0.016016,0.014717,0.48699,0.89917,0.22032
7046,0.083576,0.060515,0.010819,0.014392,0.51622,0.92028,0.21935
7047,0.063763,0.061165,-0.0044465,0.0039985,0.55422,0.89754,0.20213
7048,0.042326,0.057267,-0.026209,-0.010618,0.61431,0.84752,0.18167
7049,0.032582,0.056617,-0.051219,-0.023935,0.6718,0.77704,0.16445
7050,0.038753,0.067986,-0.071032,-0.029782,0.67797,0.68415,0.14659
7051,0.060515,0.091372,-0.08305,-0.022961,0.60002,0.56754,0.1232
7052,0.092021,0.12223,-0.084674,-0.0024977,0.43664,0.4295,0.093645
7053,0.12483,0.15114,-0.075904,0.020239,0.22032,0.28626,0.058566
7054,0.14659,0.1729,-0.055766,0.037454,-0.0041217,0.15211,0.020239
7055,0.14821,0.18199,-0.028157,0.047523,-0.2029,0.042326,-0.016789
7056,0.1258,0.1677,0.0049729,0.050446,-0.35784,-0.035953,-0.051868
7057,0.0865,0.12548,0.035505,0.049147,-0.45366,-0.085648,-0.079802
7058,0.0433,0.055318,0.059216,0.054019,-0.47769,-0.11391,-0.09117
7059,0.0095202,-0.035953,0.071234,0.067011,-0.42637,-0.12885,-0.082725
7060,-0.0050961,-0.13469,0.071558,0.0852,-0.29288,-0.1282,-0.05739
7061,0.0095202,-0.22077,0.064413,0.10339,-0.072656,-0.10514,-0.018088
7062,0.047847,-0.27566,0.054668,0.11378,0.20473,-0.051544,0.025111
7063,0.088448,-0.29223,0.046223,0.11963,0.48212,0.029333,0.057592
7064,0.10826,-0.26981,0.044924,0.11931,0.70428,0.11963,0.071558
7065,0.099492,-0.21622,0.053044,0.11118,0.84817,0.18849,0.070259
7066,0.074157,-0.14119,0.073832,0.096893,0.931,0.20765,0.060515
7067,0.047523,-0.057065,0.10079,0.080328,0.98492,0.15861,0.047523
7068,0.037129,0.017965,0.1271,0.066037,1.0359,0.051745,0.034855
7069,0.0433,0.070909,0.14399,0.054019,1.0937,-0.081751,0.029983
7070,0.053044,0.097868,0.14886,0.046873,1.1509,-0.19933,0.041351
7071,0.058566,0.10404,0.14302,0.050121,1.1753,-0.27014,0.06961
7072,0.057592,0.096244,0.12937,0.057267,1.1233,-0.27988,0.10047
7073,0.054993,0.076755,0.11118,0.058241,0.97225,-0.22921,0.11313
7074,0.05272,0.051745,0.093645,0.05142,0.73514,-0.12235,0.10274
7075,0.05272,0.029009,0.081952,0.042651,0.4597,0.034206,0.078704
7076,0.053694,0.013743,0.074157,0.040702,0.19888,0.22682,0.053369
7077,0.05272,0.0043233,0.067336,0.04395,-0.012892,0.41975,0.030957
7078,0.045899,-0.00054884,0.059541,0.05207,-0.16653,0.56332,0.0033489
7079,0.027709,-0.0060706,0.053694,0.059216,-0.27664,0.61886,-0.042124
7080,-0.0028225,-0.01614,0.054019,0.059216,-0.36141,0.57306,-0.10968
7081,-0.039851,-0.027508,0.057592,0.05142,-0.42442,0.45516,-0.19316
7082,-0.072656,-0.032055,0.061814,0.043625,-0.45301,0.32588,-0.27436
7083,-0.093444,-0.024909,0.063438,0.047523,-0.43319,0.2463,-0.32536
7084,-0.094743,-0.0076946,0.065387,0.065062,-0.38252,0.24208,-0.32308
7085,-0.079802,0.011794,0.066037,0.088448,-0.339,0.28853,-0.26364
7086,-0.055116,0.029983,0.061165,0.10696,-0.33932,0.33205,-0.16588
7087,-0.031081,0.046873,0.053044,0.10761,-0.40006,0.32491,-0.063561
7088,-0.010943,0.066686,0.041027,0.091372,-0.50887,0.24598,0.016341
7089,0.0065969,0.093321,0.032257,0.066362,-0.62873,0.11086,0.068635
7090,0.022837,0.12548,0.029658,0.045249,-0.7148,-0.047971,0.10404
7091,0.038428,0.15438,0.032906,0.039727,-0.73526,-0.19966,0.1297
7092,0.053044,0.17582,0.036479,0.054668,-0.6729,-0.32113,0.14302
7093,0.062464,0.18719,0.037778,0.079354,-0.53388,-0.40981,0.13522
7094,0.06084,0.18751,0.039402,0.10047,-0.34907,-0.47347,0.10242
7095,0.048822,0.17452,0.039727,0.10371,-0.1753,-0.52381,0.057917
7096,0.028359,0.14854,0.036479,0.084226,-0.067134,-0.56766,0.017316
7097,0.0017248,0.11216,0.030633,0.046873,-0.055766,-0.60014,-0.008669
7098,-0.028157,0.066362,0.019914,0.0036737,-0.13762,-0.60761,-0.018088
7099,-0.055441,0.018615,0.008221,-0.026533,-0.27079,-0.58878,-0.012242
7100,-0.079477,-0.024909,-0.0044465,-0.034004,-0.40266,-0.55402,0.0023744
7101,-0.10384,-0.058365,-0.018738,-0.019063,-0.49198,-0.51017,0.017965
7102,-0.13047,-0.084349,-0.030756,0.0091954,-0.51147,-0.44651,0.025111
7103,-0.15061,-0.10026,-0.035953,0.038753,-0.44618,-0.34712,0.022188
7104,-0.15711,-0.10124,-0.034978,0.060515,-0.2958,-0.20453,0.0072465
7105,-0.14574,-0.0837,-0.030431,0.071234,-0.082076,-0.013866,-0.013541
7106,-0.11943,-0.05739,-0.022636,0.074482,0.14561,0.21902,-0.027508
7107,-0.080776,-0.036278,-0.017764,0.075131,0.33205,0.47075,-0.021012
7108,-0.032055,-0.028157,-0.021337,0.080328,0.43989,0.69292,0.013743
7109,0.019589,-0.03173,-0.031081,0.088448,0.461,0.83713,0.074157
7110,0.066037,-0.038227,-0.043748,0.095594,0.40903,0.88195,0.14432
7111,0.10112,-0.040175,-0.055766,0.097543,0.31159,0.82998,0.20343
7112,0.12223,-0.032055,-0.064861,0.0865,0.19499,0.7163,0.23494
7113,0.12775,-0.0099683,-0.068758,0.057592,0.080003,0.58281,0.23624
7114,0.12093,0.025761,-0.065835,0.013418,-0.016789,0.46523,0.21675
7115,0.10469,0.066037,-0.059014,-0.030756,-0.076229,0.38337,0.19076
7116,0.082602,0.098517,-0.054142,-0.056741,-0.088572,0.3314,0.17062
7117,0.059216,0.11963,-0.055116,-0.055766,-0.060963,0.28528,0.15958
7118,0.03583,0.13392,-0.059339,-0.035953,-0.01614,0.22584,0.15081
7119,0.012119,0.14302,-0.063886,-0.013541,0.021863,0.14204,0.13555
7120,-0.012567,0.13684,-0.072331,-0.0021729,0.034206,0.032257,0.10761
7121,-0.037252,0.10826,-0.088896,-0.010943,0.0091954,-0.090196,0.066037
7122,-0.05804,0.061165,-0.10936,-0.038876,-0.045697,-0.19381,0.018615
7123,-0.072981,0.003024,-0.12755,-0.077528,-0.10124,-0.23506,-0.019388
7124,-0.080451,-0.04992,-0.13794,-0.11163,-0.12527,-0.2016,-0.042774
7125,-0.080451,-0.085648,-0.13599,-0.12625,-0.11228,-0.12917,-0.04927
7126,-0.067784,-0.095393,-0.12527,-0.11651,-0.090521,-0.077528,-0.044073
7127,-0.047646,-0.079477,-0.10709,-0.088896,-0.095717,-0.094093,-0.035628
7128,-0.024909,-0.046022,-0.084999,-0.050894,-0.15061,-0.18764,-0.026209
7129,-0.0015233,-0.0063954,-0.063237,-0.013541,-0.25065,-0.33218,-0.012892
7130,0.022512,0.029333,-0.047321,0.013093,-0.36693,-0.48971,0.0033489
7131,0.045249,0.053694,-0.037902,0.021863,-0.46697,-0.63068,0.01894
7132,0.065062,0.067011,-0.029782,0.014717,-0.54233,-0.73526,0.029333
7133,0.076755,0.074157,-0.020687,-0.00054884,-0.60534,-0.78398,0.03518
7134,0.078379,0.080003,-0.0037969,-0.012567,-0.65666,-0.7554,0.039727
7135,0.075131,0.088773,0.020564,-0.011917,-0.67777,-0.63815,0.048497
7136,0.076106,0.097218,0.047523,-0.00054884,-0.6375,-0.43677,0.065062
7137,0.084876,0.10306,0.06961,0.017965,-0.53323,-0.17075,0.092346
7138,0.098517,0.10404,0.082927,0.041676,-0.38512,0.11833,0.11995
7139,0.10859,0.10404,0.087799,0.066362,-0.22402,0.36778,0.1323
7140,0.11021,0.10306,0.090722,0.086824,-0.067784,0.5107,0.11931
7141,0.10469,0.10371,0.096893,0.10696,0.085525,0.51882,0.081303
7142,0.096569,0.10469,0.11054,0.14302,0.24111,0.42138,0.038103
7143,0.092346,0.10631,0.13002,0.19628,0.39247,0.28723,0.013743
7144,0.090072,0.10436,0.14269,0.24371,0.52791,0.18037,0.020239
7145,0.085525,0.095594,0.14107,0.24923,0.62243,0.11671,0.05207
7146,0.081303,0.081303,0.1284,0.207,0.64354,0.072208,0.089748
7147,0.079679,0.069285,0.11638,0.13944,0.57696,0.018615,0.11183
7148,0.080328,0.059541,0.11346,0.075456,0.44931,-0.04862,0.11443
7149,0.082277,0.054668,0.12288,0.044275,0.32361,-0.10416,0.11054
7150,0.0865,0.055643,0.14139,0.056292,0.26027,-0.11391,0.11606
7151,0.096893,0.064088,0.15991,0.096893,0.27846,-0.070382,0.1349
7152,0.11021,0.076755,0.16965,0.14237,0.34764,0.0059473,0.16023
7153,0.1206,0.090397,0.1677,0.17582,0.42982,0.083251,0.17615
7154,0.12483,0.10014,0.15698,0.18719,0.51687,0.14496,0.17647
7155,0.12385,0.10112,0.14496,0.17745,0.62081,0.18329,0.15731
7156,0.11703,0.092996,0.13555,0.15081,0.74001,0.19044,0.12093
7157,0.10404,0.080003,0.12678,0.11248,0.84135,0.16218,0.076755
7158,0.087149,0.063113,0.11833,0.071234,0.88488,0.10404,0.03518
7159,0.066362,0.046223,0.11411,0.036154,0.85207,0.027709,-0.0011985
7160,0.040377,0.032582,0.11151,0.0056225,0.75398,-0.06551,-0.033679
7161,0.0052977,0.021538,0.10761,-0.025559,0.61529,-0.16685,-0.061613
7162,-0.034004,0.014068,0.099492,-0.056416,0.45938,-0.26429,-0.088896
7163,-0.064536,0.0078962,0.090722,-0.076554,0.30185,-0.34484,-0.11261
7164,-0.078503,0.00010078,0.084876,-0.080451,0.14399,-0.41208,-0.12787
7165,-0.078178,-0.0073698,0.083251,-0.07493,-0.025234,-0.48744,-0.13437
7166,-0.067784,-0.016464,0.082277,-0.071682,-0.21785,-0.58163,-0.13404
7167,-0.055116,-0.029132,0.07708,-0.071032,-0.42767,-0.67387,-0.13112
7168,-0.043748,-0.037902,0.063113,-0.070058,-0.61768,-0.72812,-0.13015
7169,-0.036278,-0.038551,0.046223,-0.068758,-0.73819,-0.70993,-0.12527
7170,-0.032705,-0.029782,0.03453,-0.073631,-0.7554,-0.60631,-0.11488
7171,-0.028482,-0.01549,0.032257,-0.083375,-0.66413,-0.41338,-0.09929
7172,-0.022636,-0.00054884,0.037454,-0.089221,-0.49458,-0.16035,-0.080776
7173,-0.016789,0.0056225,0.044599,-0.084024,-0.30457,0.095919,-0.067134
7174,-0.016464,-0.00054884,0.046223,-0.06551,-0.15905,0.28723,-0.062587
7175,-0.023285,-0.020362,0.038103,-0.043099,-0.095068,0.37201,-0.072006
7176,-0.032705,-0.047321,0.025111,-0.024585,-0.10189,0.34959,-0.088247
7177,-0.036927,-0.068434,0.014392,-0.0099683,-0.14346,0.26904,-0.10481
7178,-0.03173,-0.073631,0.011144,0.0023744,-0.18179,0.19434,-0.11618
7179,-0.019388,-0.061288,0.015692,0.015692,-0.19121,0.1664,-0.12268
7180,0.0020496,-0.034329,0.026085,0.029333,-0.16782,0.19044,-0.1269
7181,0.026085,0.00075039,0.032906,0.039402,-0.11683,0.2515,-0.12463
7182,0.046548,0.036479,0.033881,0.046223,-0.04927,0.33758,-0.10806
7183,0.059216,0.067661,0.028684,0.053694,0.014392,0.43145,-0.078503
7184,0.064413,0.092346,0.01764,0.056292,0.06084,0.50355,-0.042449
7185,0.065062,0.10599,0.0052977,0.051096,0.08585,0.53149,-0.0096434
7186,0.062139,0.10631,-0.0083442,0.036479,0.10144,0.52207,0.017316
7187,0.058241,0.098517,-0.023935,0.016016,0.1219,0.51427,0.04395
7188,0.057267,0.086824,-0.042449,-0.0073698,0.15179,0.53181,0.067986
7189,0.053369,0.072208,-0.059989,-0.03173,0.18459,0.56527,0.090072
7190,0.036479,0.054668,-0.072981,-0.051219,0.20635,0.58443,0.10989
7191,0.003024,0.032582,-0.07493,-0.056416,0.19271,0.56072,0.12645
7192,-0.034654,0.0056225,-0.069083,-0.048945,0.13684,0.47854,0.14204
7193,-0.059989,-0.029782,-0.060638,-0.037902,0.049796,0.32816,0.15438
7194,-0.068434,-0.068758,-0.05804,-0.027183,-0.041799,0.12872,0.16348
7195,-0.067784,-0.10416,-0.06681,-0.018738,-0.11391,-0.077528,0.16413
7196,-0.06681,-0.13177,-0.085324,-0.013541,-0.15776,-0.24286,0.14659
7197,-0.062912,-0.14996,-0.11098,-0.014516,-0.1727,-0.34192,0.10664
7198,-0.051219,-0.15613,-0.12885,-0.026858,-0.16718,-0.37375,0.05272
7199,-0.028157,-0.14054,-0.13534,-0.052843,-0.14996,-0.35524,-0.0067202
7200,0.0020496,-0.10644,-0.13275,-0.085324,-0.12592,-0.30619,-0.058689
7201,0.034855,-0.061613,-0.12495,-0.10871,-0.09182,-0.24513,-0.081426
7202,0.063113,-0.020037,-0.11715,-0.10871,-0.042449,-0.19121,-0.061288
7203,0.080328,0.012119,-0.10676,-0.085973,0.011794,-0.17659,-0.0031473
7204,0.096244,0.037454,-0.092794,-0.053492,0.03583,-0.22954,0.073832
7205,0.11671,0.06084,-0.073955,-0.020037,0.00042559,-0.36109,0.14789
7206,0.13977,0.082277,-0.052843,0.0078962,-0.10189,-0.54428,0.19953
7207,0.15633,0.094945,-0.033354,0.030633,-0.26169,-0.7096,0.22357
7208,0.15633,0.093321,-0.021986,0.045574,-0.45203,-0.78463,0.22324
7209,0.13555,0.079354,-0.021986,0.055643,-0.62613,-0.73429,0.19986
7210,0.099167,0.062789,-0.029782,0.063113,-0.71935,-0.57124,0.15601
7211,0.056942,0.049147,-0.031081,0.070259,-0.67517,-0.32243,0.11021
7212,0.01894,0.042326,-0.024585,0.078704,-0.47672,-0.013216,0.08585
7213,-0.0050961,0.041676,-0.013541,0.083576,-0.17465,0.32101,0.092346
7214,-0.014191,0.05142,-0.0028225,0.084551,0.12223,0.61659,0.11248
7215,-0.010943,0.065387,0.0056225,0.083251,0.32004,0.80238,0.11216
7216,-0.0054209,0.07708,0.011794,0.084226,0.3889,0.83063,0.063763
7217,-0.0083442,0.082277,0.015692,0.088124,0.36843,0.71403,-0.046022
7218,-0.025559,0.076755,0.014717,0.087474,0.3366,0.52207,-0.2042
7219,-0.057715,0.058891,0.0062721,0.075131,0.36031,0.33725,-0.37895
7220,-0.098965,0.025436,-0.0083442,0.054993,0.47205,0.22584,-0.53128
7221,-0.14054,-0.021337,-0.025234,0.037454,0.67343,0.21967,-0.6258
7222,-0.174,-0.073955,-0.035628,0.031282,0.93002,0.31127,-0.64009
7223,-0.19771,-0.11813,-0.036278,0.038753,1.172,0.44249,-0.58001
7224,-0.21622,-0.15029,-0.026533,0.050446,1.3234,0.53571,-0.47379
7225,-0.23181,-0.16945,-0.010618,0.056292,1.3312,0.53863,-0.36336
7226,-0.2435,-0.1753,0.0059473,0.050446,1.1944,0.45256,-0.27761
7227,-0.2435,-0.15873,0.023812,0.040052,0.95536,0.32946,-0.21687
7228,-0.22207,-0.11196,0.049796,0.033881,0.67213,0.22129,-0.16945
7229,-0.17952,-0.038227,0.079679,0.032906,0.39831,0.14269,-0.12105
7230,-0.12008,0.042651,0.10404,0.039402,0.16348,0.075781,-0.070382
7231,-0.058365,0.10306,0.11378,0.046223,-0.026209,-0.0034721,-0.022311
7232,-0.008669,0.12158,0.10761,0.044599,-0.17042,-0.10351,0.013743
7233,0.023162,0.10144,0.091696,0.034206,-0.27858,-0.20875,0.032582
7234,0.036804,0.062139,0.07708,0.025436,-0.36856,-0.2906,0.038103
7235,0.037454,0.025111,0.070259,0.025436,-0.44683,-0.33218,0.037454
7236,0.03453,0.0065969,0.074806,0.033556,-0.49361,-0.33185,0.03583
7237,0.034855,0.011144,0.091696,0.046873,-0.47737,-0.29645,0.037778
7238,0.046873,0.037778,0.11281,0.06896,-0.38025,-0.23474,0.045574
7239,0.067336,0.071558,0.13035,0.09397,-0.22791,-0.15938,0.058566
7240,0.090072,0.099492,0.14204,0.11248,-0.073955,-0.088247,0.069285
7241,0.10794,0.11573,0.14496,0.11573,0.024461,-0.047646,0.075131
7242,0.11313,0.11801,0.14302,0.098842,0.03453,-0.055116,0.075456
7243,0.10209,0.10761,0.13782,0.071234,-0.037902,-0.10709,0.075131
7244,0.081303,0.087149,0.1297,0.039078,-0.16458,-0.18666,0.079029
7245,0.063113,0.06019,0.11671,0.013093,-0.30554,-0.27858,0.091047
7246,0.054344,0.033231,0.098193,-0.0011985,-0.43092,-0.36823,0.10436
7247,0.058891,0.014392,0.07708,-0.0028225,-0.51342,-0.44489,0.11801
7248,0.076431,0.0078962,0.058891,0.0033489,-0.52154,-0.49133,0.13295
7249,0.099817,0.015042,0.045574,0.012443,-0.43579,-0.49296,0.15633
7250,0.12125,0.029983,0.033881,0.014392,-0.26981,-0.45073,0.19174
7251,0.13522,0.049472,0.023162,0.008221,-0.076554,-0.37895,0.22877
7252,0.13652,0.071558,0.015692,-0.00054884,0.07708,-0.29385,0.25702
7253,0.13067,0.090072,0.016991,-0.0024977,0.14756,-0.2055,0.27164
7254,0.1232,0.10144,0.027709,0.0062721,0.12775,-0.11943,0.27554
7255,0.12125,0.10826,0.0433,0.025111,0.048822,-0.028807,0.27489
7256,0.12613,0.11606,0.06019,0.050446,-0.054467,0.076106,0.27359
7257,0.13197,0.12743,0.076431,0.07708,-0.15678,0.19271,0.27164
7258,0.13425,0.14269,0.088124,0.10306,-0.24968,0.29957,0.26352
7259,0.12678,0.15666,0.092996,0.12937,-0.3351,0.3759,0.24663
7260,0.10534,0.16121,0.088448,0.14984,-0.41305,0.40708,0.22292
7261,0.075131,0.15244,0.072858,0.15731,-0.47672,0.39702,0.19921
7262,0.047198,0.12937,0.05207,0.15114,-0.51602,0.36453,0.18362
7263,0.029983,0.094295,0.028684,0.13165,-0.52284,0.33823,0.17647
7264,0.029983,0.053694,0.0059473,0.10306,-0.48484,0.3392,0.16835
7265,0.045249,0.013743,-0.014516,0.070909,-0.40851,0.37006,0.15406
7266,0.066686,-0.015815,-0.03303,0.038753,-0.33348,0.40416,0.13652
7267,0.086175,-0.030431,-0.04862,0.0043233,-0.30294,0.40546,0.12223
7268,0.097218,-0.031406,-0.060638,-0.032055,-0.32698,0.35187,0.11411
7269,0.098193,-0.022961,-0.068434,-0.061288,-0.39227,0.24728,0.11346
7270,0.090072,-0.010293,-0.071032,-0.079477,-0.46535,0.11443,0.11866
7271,0.075456,0.0043233,-0.071032,-0.087272,-0.51115,-0.019388,0.12548
7272,0.058241,0.01829,-0.072331,-0.081751,-0.5066,-0.13469,0.1245
7273,0.040377,0.028034,-0.078178,-0.061937,-0.45788,-0.22272,0.10761
7274,0.020888,0.030633,-0.085973,-0.031406,-0.38967,-0.28183,0.073182
7275,-0.0044465,0.023487,-0.093444,0.00075039,-0.33283,-0.31171,0.029009
7276,-0.035628,0.008221,-0.097666,0.024137,-0.30132,-0.31756,-0.015815
7277,-0.068109,-0.017114,-0.098316,0.030308,-0.30424,-0.31204,-0.052843
7278,-0.096692,-0.047321,-0.092145,0.021213,-0.33705,-0.30035,-0.073306
7279,-0.1178,-0.074605,-0.081751,0.0069217,-0.38057,-0.28118,-0.072656
7280,-0.12592,-0.093444,-0.069733,-0.0041217,-0.39909,-0.24675,-0.053168
7281,-0.12235,-0.10124,-0.055766,-0.0044465,-0.34517,-0.19706,-0.019388
7282,-0.11293,-0.098316,-0.040825,0.0085458,-0.17887,-0.13567,0.015692
7283,-0.10481,-0.089871,-0.028157,0.029983,0.13165,-0.055116,0.038428
7284,-0.099615,-0.080776,-0.021986,0.046873,0.57306,0.056617,0.044275
7285,-0.09182,-0.070707,-0.021337,0.059541,1.0703,0.2057,0.045574
7286,-0.075904,-0.059014,-0.021661,0.075456,1.4991,0.3746,0.059865
7287,-0.049595,-0.040175,-0.020037,0.092996,1.7466,0.52694,0.089423
7288,-0.013216,-0.013541,-0.012892,0.10404,1.7684,0.62665,0.12613
7289,0.028034,0.019589,-0.0021729,0.10501,1.6043,0.64809,0.15503
7290,0.065712,0.054668,0.0088706,0.09462,1.3403,0.588,0.16738
7291,0.098193,0.091047,0.01764,0.080003,1.0661,0.46263,0.15601
7292,0.1245,0.12775,0.02641,0.067661,0.83908,0.30282,0.12807
7293,0.14269,0.16121,0.032257,0.064088,0.66628,0.13944,0.090072
7294,0.14919,0.18946,0.033231,0.063113,0.52661,-0.0050961,0.046548
7295,0.14659,0.2122,0.025111,0.057917,0.39637,-0.11423,0.0059473
7296,0.14107,0.22617,0.012768,0.046223,0.27034,-0.17984,-0.026858
7297,0.13684,0.23104,0.00010078,0.029333,0.15893,-0.20323,-0.047971
7298,0.1349,0.22584,-0.0067202,0.0095202,0.078704,-0.18894,-0.059014
7299,0.13749,0.21545,-0.0047713,-0.008669,0.037129,-0.14736,-0.065186
7300,0.14269,0.20311,0.0046481,-0.02361,0.023812,-0.10156,-0.079152
7301,0.14594,0.19239,0.01894,-0.034329,0.016341,-0.076554,-0.10838
7302,0.13912,0.18004,0.033231,-0.042124,-0.010943,-0.092469,-0.14931
7303,0.11541,0.15796,0.044599,-0.045372,-0.063561,-0.14541,-0.19154
7304,0.075781,0.11866,0.047198,-0.04992,-0.13047,-0.21622,-0.22629
7305,0.030308,0.064088,0.041676,-0.057715,-0.19901,-0.2854,-0.24708
7306,-0.0093186,0.0059473,0.029983,-0.071682,-0.26364,-0.33185,-0.2513
7307,-0.028482,-0.0405,0.016016,-0.085648,-0.32633,-0.3377,-0.23636
7308,-0.026209,-0.064861,0.0065969,-0.084674,-0.39227,-0.30912,-0.20518
7309,-0.0067202,-0.069733,0.0078962,-0.064861,-0.46437,-0.26754,-0.16588
7310,0.017316,-0.062912,0.021538,-0.032705,-0.53583,-0.23928,-0.12885
7311,0.041351,-0.051544,0.042975,-0.0018481,-0.5865,-0.22954,-0.10091
7312,0.061489,-0.034654,0.062139,0.016991,-0.59917,-0.22044,-0.077853
7313,0.075781,-0.010618,0.070909,0.021213,-0.57448,-0.19706,-0.047646
7314,0.083901,0.013743,0.067661,0.016016,-0.53486,-0.16523,-0.0034721
7315,0.086824,0.031282,0.057267,0.012119,-0.50205,-0.14346,0.053694
7316,0.086824,0.041351,0.051745,0.018615,-0.47996,-0.13404,0.11378
7317,0.075456,0.049796,0.059216,0.036154,-0.4556,-0.11683,0.1625
7318,0.050771,0.05142,0.081303,0.064737,-0.4163,-0.061937,0.19856
7319,0.014392,0.038753,0.11183,0.10242,-0.35232,0.033231,0.21707
7320,-0.022636,0.0036737,0.14074,0.14042,-0.24675,0.13425,0.22162
7321,-0.051868,-0.053168,0.15763,0.16998,-0.095393,0.21123,0.22
7322,-0.071032,-0.11715,0.16348,0.18687,0.074806,0.26319,0.22844
7323,-0.080127,-0.16523,0.16121,0.19239,0.22,0.30639,0.25053
7324,-0.081426,-0.17789,0.15666,0.18362,0.29892,0.34602,0.27359
7325,-0.080127,-0.15288,0.15081,0.15698,0.27586,0.37753,0.27586
7326,-0.081101,-0.096042,0.14496,0.11573,0.14269,0.39702,0.23883
7327,-0.085973,-0.032055,0.13684,0.074157,-0.058689,0.39799,0.16023
7328,-0.090845,0.015042,0.1245,0.048172,-0.2552,0.36356,0.062139
7329,-0.084999,0.036804,0.11086,0.052395,-0.37862,0.29308,-0.022636
7330,-0.058365,0.041027,0.099492,0.091372,-0.40981,0.2057,-0.059989
7331,-0.010293,0.039402,0.092021,0.15179,-0.37473,0.12158,-0.037902
7332,0.049796,0.039402,0.085525,0.20311,-0.31529,0.062139,0.02641
7333,0.10404,0.040052,0.073507,0.22097,-0.25585,0.046873,0.098193
7334,0.13652,0.041027,0.053044,0.19401,-0.19803,0.091047,0.15244
7335,0.14561,0.042326,0.029983,0.13717,-0.11358,0.20798,0.18037
7336,0.13555,0.045249,0.013743,0.081303,0.024137,0.39214,0.18004
7337,0.11963,0.054668,0.012119,0.050121,0.21415,0.60814,0.15926
7338,0.10826,0.06896,0.02706,0.056292,0.43989,0.81082,0.13197
7339,0.10696,0.087149,0.053369,0.090397,0.69292,0.9716,0.11638
7340,0.10956,0.10306,0.082927,0.12872,0.96868,1.0759,0.1206
7341,0.11216,0.10566,0.10079,0.15049,1.2461,1.1054,0.14302
7342,0.11411,0.090722,0.097218,0.14756,1.451,1.031,0.1664
7343,0.11183,0.060515,0.070909,0.12093,1.4867,0.82771,0.17127
7344,0.10371,0.024786,0.031607,0.079679,1.3013,0.49933,0.14302
7345,0.089098,-0.0011985,-0.0080194,0.03583,0.92125,0.084876,0.071558
7346,0.06831,-0.0096434,-0.036927,-0.0024977,0.44931,-0.34582,-0.034978
7347,0.0433,-0.0044465,-0.04862,-0.031406,0.020888,-0.71642,-0.15321
7348,0.013743,0.00042559,-0.048296,-0.050244,-0.23636,-0.97335,-0.2539
7349,-0.017439,-0.0063954,-0.043423,-0.056091,-0.25845,-1.0909,-0.32178
7350,-0.044723,-0.020687,-0.038551,-0.052843,-0.069408,-1.0828,-0.35816
7351,-0.066485,-0.033354,-0.036602,-0.04115,0.22422,-0.99219,-0.37115
7352,-0.083375,-0.040175,-0.039201,-0.02426,0.48082,-0.86616,-0.36173
7353,-0.095717,-0.037577,-0.04115,-0.0037969,0.61204,-0.73331,-0.3299
7354,-0.098965,-0.027833,-0.037252,0.011794,0.60717,-0.60469,-0.27956
7355,-0.092145,-0.01484,-0.03173,0.011469,0.51395,-0.48581,-0.22369
7356,-0.077203,-0.0031473,-0.03238,-0.0076946,0.38402,-0.38739,-0.17822
7357,-0.050244,0.0046481,-0.041799,-0.039851,0.2502,-0.32341,-0.15061
7358,-0.017764,0.0059473,-0.052518,-0.073631,0.11866,-0.30782,-0.13632
7359,0.009845,0.0023744,-0.061288,-0.095717,-0.022311,-0.34452,-0.12463
7360,0.019914,-0.0037969,-0.065835,-0.10156,-0.18374,-0.41013,-0.11293
7361,0.016016,-0.010943,-0.067459,-0.089221,-0.36076,-0.45625,-0.097017
7362,0.0069217,-0.016464,-0.064211,-0.065186,-0.52219,-0.43417,-0.07428
7363,-0.0015233,-0.019388,-0.059989,-0.034978,-0.63392,-0.32601,-0.040175
7364,0.00010078,-0.015165,-0.054792,-0.0050961,-0.67972,-0.15581,0.0056225
7365,0.014068,-0.0021729,-0.04862,0.014392,-0.6651,0.032906,0.057592
7366,0.034855,0.018615,-0.039851,0.018615,-0.61443,0.18167,0.10566
7367,0.052395,0.041027,-0.030756,0.0078962,-0.56052,0.25443,0.13587
7368,0.055968,0.055318,-0.023285,-0.0057458,-0.52901,0.25215,0.14302
7369,0.041027,0.055968,-0.021012,-0.011917,-0.52674,0.20246,0.12872
7370,0.015367,0.046223,-0.022961,-0.012892,-0.53973,0.14367,0.10047
7371,-0.0073698,0.035505,-0.028157,-0.015165,-0.54752,0.10436,0.068635
7372,-0.016789,0.030308,-0.035628,-0.02361,-0.53973,0.10274,0.047198
7373,-0.015165,0.029983,-0.045372,-0.040175,-0.51082,0.15503,0.042975
7374,-0.007045,0.028359,-0.057715,-0.062587,-0.46632,0.26904,0.054344
7375,-0.00054884,0.024461,-0.068758,-0.0837,-0.41565,0.43047,0.075781
7376,-0.0015233,0.020239,-0.074605,-0.098965,-0.36433,0.58865,0.092671
7377,-0.011592,0.016016,-0.076879,-0.10838,-0.32243,0.67473,0.089748
7378,-0.024909,0.012119,-0.075904,-0.10838,-0.29807,0.6364,0.063438
7379,-0.031406,0.01017,-0.072981,-0.10156,-0.28995,0.4688,0.022512
7380,-0.029457,0.011144,-0.067134,-0.090521,-0.28476,0.21317,-0.015815
7381,-0.024585,0.014392,-0.05804,-0.075904,-0.26657,-0.079152,-0.039201
7382,-0.026858,0.021213,-0.044073,-0.063561,-0.21687,-0.36206,-0.045372
7383,-0.041799,0.029983,-0.029457,-0.060638,-0.13469,-0.60437,-0.04115
7384,-0.069733,0.037454,-0.018738,-0.06616,-0.040825,-0.78106,-0.037252
7385,-0.096367,0.04395,-0.0099683,-0.069733,0.021213,-0.8811,-0.037577
7386,-0.11196,0.048172,0.0020496,-0.067134,0.0095202,-0.91196,-0.047321
7387,-0.10806,0.051096,0.019589,-0.051544,-0.088896,-0.90027,-0.067784
7388,-0.086948,0.055643,0.043625,-0.020687,-0.23863,-0.87396,-0.097666
7389,-0.059339,0.060515,0.072208,0.019264,-0.3705,-0.85544,-0.13469
7390,-0.035628,0.06019,0.10079,0.058891,-0.40266,-0.85057,-0.17107
7391,-0.020362,0.053694,0.12353,0.092021,-0.29353,-0.84927,-0.19478
7392,-0.012242,0.041351,0.13684,0.11443,-0.059664,-0.83206,-0.19933
7393,-0.008669,0.031932,0.14074,0.12483,0.22389,-0.7658,-0.18439
7394,-0.0034721,0.031932,0.13847,0.12093,0.4597,-0.6336,-0.15158
7395,0.0062721,0.041676,0.13295,0.10371,0.57598,-0.43741,-0.10968
7396,0.025111,0.056292,0.12483,0.081627,0.56624,-0.18894,-0.070382
7397,0.052395,0.073182,0.1258,0.063438,0.49056,0.088773,-0.034978
7398,0.084551,0.093321,0.14399,0.050121,0.42625,0.36713,0.0033489
7399,0.11671,0.11931,0.17225,0.03583,0.40026,0.61106,0.044599
7400,0.13912,0.14724,0.19401,0.017965,0.38695,0.77801,0.072533
7401,0.14691,0.16705,0.19758,0.0088706,0.34212,0.8394,0.067661
7402,0.13879,0.16543,0.18134,0.026735,0.22454,0.78938,0.031282
7403,0.11703,0.14139,0.15309,0.082277,0.017316,0.64225,-0.023285
7404,0.089098,0.094945,0.12255,0.16218,-0.25552,0.42365,-0.068109
7405,0.06019,0.041676,0.096244,0.23656,-0.52316,0.1716,-0.082725
7406,0.031282,-0.0011985,0.076431,0.27781,-0.69726,-0.068758,-0.065186
7407,-0.0018481,-0.030431,0.061814,0.27489,-0.70765,-0.25422,-0.026858
7408,-0.034654,-0.046671,0.050771,0.23234,-0.53453,-0.35524,0.013743
7409,-0.059989,-0.051219,0.041351,0.16868,-0.22726,-0.35751,0.045249
7410,-0.073631,-0.04992,0.031607,0.10209,0.11768,-0.27274,0.063763
7411,-0.075579,-0.046022,0.020564,0.046548,0.38695,-0.1334,0.072858
7412,-0.069733,-0.043423,0.009845,0.0043233,0.50583,0.017965,0.071234
7413,-0.057065,-0.044398,0.00010078,-0.025234,0.46652,0.13749,0.054668
7414,-0.0405,-0.046671,-0.0080194,-0.043748,0.32751,0.20668,0.031282
7415,-0.025234,-0.047646,-0.010293,-0.051868,0.19044,0.24566,0.016016
7416,-0.014191,-0.047321,-0.0057458,-0.050244,0.14919,0.30574,0.030633
7417,-0.00054884,-0.039851,-0.0015233,-0.047321,0.24955,0.43307,0.084226
7418,0.025436,-0.02426,0.00042559,-0.04992,0.47335,0.62665,0.16673
7419,0.06084,-0.00022403,0.00075039,-0.05739,0.73806,0.84103,0.24663
7420,0.097543,0.026735,-0.0011985,-0.059014,0.93295,1.0141,0.29697
7421,0.1271,0.05142,-0.0044465,-0.054792,0.95991,1.1054,0.30737
7422,0.13977,0.067011,-0.014191,-0.046996,0.77899,1.1093,0.28203
7423,0.1336,0.06896,-0.030756,-0.039526,0.4269,1.0382,0.23721
7424,0.11054,0.058241,-0.050894,-0.042774,-0.0041217,0.92061,0.18687
7425,0.079679,0.041027,-0.071357,-0.061288,-0.40071,0.78386,0.13717
7426,0.050446,0.026085,-0.089546,-0.090521,-0.66478,0.64939,0.096569
7427,0.031932,0.023812,-0.10481,-0.11943,-0.75053,0.53571,0.074482
7428,0.02706,0.036479,-0.11033,-0.13015,-0.69239,0.44834,0.070584
7429,0.033881,0.057917,-0.10546,-0.11098,-0.56441,0.36973,0.073507
7430,0.045574,0.079679,-0.095393,-0.071032,-0.42735,0.27261,0.077405
7431,0.058241,0.097543,-0.08305,-0.024585,-0.31756,0.14789,0.083901
7432,0.072208,0.10891,-0.067459,0.024461,-0.24383,0.016341,0.10047
7433,0.088773,0.11508,-0.053168,0.073832,-0.19543,-0.093444,0.13132
7434,0.10566,0.11833,-0.039851,0.11671,-0.15451,-0.16653,0.17257
7435,0.11638,0.11866,-0.030431,0.14529,-0.11943,-0.19901,0.21447
7436,0.11671,0.11443,-0.025884,0.15536,-0.094743,-0.20096,0.24728
7437,0.10566,0.10371,-0.025559,0.15309,-0.082725,-0.18374,0.26222
7438,0.084226,0.090072,-0.024909,0.14789,-0.079802,-0.14834,0.25767
7439,0.064737,0.07708,-0.019063,0.14789,-0.072331,-0.086948,0.24046
7440,0.057592,0.072208,-0.0073698,0.16088,-0.03238,0.010819,0.21447
7441,0.065062,0.078055,0.010495,0.18979,0.06831,0.15016,0.18849
7442,0.082927,0.084551,0.028359,0.22097,0.22519,0.31419,0.1703
7443,0.099167,0.080978,0.037454,0.23136,0.39929,0.47075,0.16445
7444,0.10729,0.063438,0.033556,0.19888,0.54383,0.58865,0.17517
7445,0.10404,0.040377,0.018615,0.11931,0.61918,0.65394,0.19304
7446,0.091372,0.024461,-0.0021729,0.012443,0.60944,0.66531,0.20505
7447,0.070584,0.015042,-0.022311,-0.087597,0.53051,0.62536,0.19986
7448,0.048822,0.0095202,-0.034004,-0.15548,0.41066,0.55097,0.17387
7449,0.033556,0.0049729,-0.036927,-0.18049,0.27716,0.46263,0.13002
7450,0.024461,0.0062721,-0.03238,-0.16198,0.14334,0.37201,0.078704
7451,0.019914,0.010495,-0.026209,-0.11488,0.014392,0.28366,0.030633
7452,0.015692,0.010819,-0.022961,-0.061613,-0.10124,0.20246,-0.0067202
7453,0.0091954,0.0033489,-0.021337,-0.018413,-0.17335,0.13912,-0.029457
7454,0.0017248,-0.0080194,-0.019712,0.0065969,-0.17205,0.10079,-0.038876
7455,-0.0076946,-0.021012,-0.020037,0.015692,-0.085324,0.088124,-0.038876
7456,-0.015815,-0.032705,-0.020362,0.017316,0.059216,0.093645,-0.034654
7457,-0.026858,-0.045047,-0.026209,0.013743,0.19174,0.09462,-0.034004
7458,-0.043423,-0.059014,-0.039851,-0.0037969,0.24338,0.057917,-0.053492
7459,-0.067459,-0.073306,-0.060313,-0.039526,0.19239,-0.045047,-0.10611
7460,-0.092469,-0.088247,-0.084024,-0.08305,0.078704,-0.22272,-0.18601
7461,-0.11553,-0.10059,-0.09929,-0.11488,-0.032055,-0.44716,-0.27404
7462,-0.13145,-0.10676,-0.10059,-0.1204,-0.10091,-0.6651,-0.34777
7463,-0.13697,-0.10546,-0.084999,-0.097017,-0.1256,-0.82978,-0.38674
7464,-0.13599,-0.092145,-0.055766,-0.052843,-0.12592,-0.91651,-0.38057
7465,-0.13112,-0.069733,-0.018738,-0.0041217,-0.12592,-0.93534,-0.33413
7466,-0.11813,-0.038227,0.021213,0.034206,-0.14801,-0.91228,-0.26722
7467,-0.094418,-0.00054884,0.061489,0.059216,-0.19413,-0.88045,-0.19901
7468,-0.061613,0.038753,0.093321,0.078704,-0.24903,-0.86389,-0.14022
7469,-0.021986,0.06831,0.11703,0.098193,-0.27566,-0.87006,-0.097017
7470,0.015692,0.0852,0.13425,0.11768,-0.22986,-0.8798,-0.065835
7471,0.044924,0.085525,0.14432,0.13814,-0.078827,-0.85252,-0.030756
7472,0.065062,0.074157,0.15114,0.16056,0.1664,-0.7515,0.011794
7473,0.076106,0.052395,0.15763,0.18069,0.43145,-0.58325,0.055643
7474,0.078379,0.026735,0.15731,0.19369,0.62698,-0.40136,0.079679
7475,0.071883,0.0049729,0.14951,0.19758,0.70039,-0.26592,0.074482
7476,0.057592,-0.0093186,0.13522,0.19434,0.66433,-0.2081,0.04395
7477,0.037454,-0.016789,0.1219,0.18719,0.56072,-0.2133,0.00075039
7478,0.013418,-0.018413,0.11866,0.17745,0.43762,-0.23766,-0.037252
7479,-0.010618,-0.019063,0.12937,0.16348,0.32523,-0.23603,-0.050569
7480,-0.025234,-0.01549,0.14724,0.14951,0.22747,-0.19219,-0.036927
7481,-0.027183,-0.0015233,0.1651,0.14009,0.13652,-0.12073,-0.0093186
7482,-0.017114,0.021538,0.17322,0.13197,0.042651,-0.044073,0.018615
7483,0.00075039,0.048497,0.16835,0.1284,-0.054467,0.022512,0.037454
7484,0.018615,0.067011,0.15601,0.12872,-0.15223,0.067336,0.049472
7485,0.034206,0.072208,0.14139,0.13002,-0.24123,0.074806,0.057917
7486,0.046223,0.067336,0.12418,0.12743,-0.31561,0.041676,0.065387
7487,0.058566,0.062789,0.11021,0.11801,-0.36368,-0.0060706,0.07708
7488,0.075456,0.069285,0.10177,0.099817,-0.37083,-0.014191,0.10989
7489,0.10014,0.089748,0.099167,0.081303,-0.32731,0.059865,0.16705
7490,0.12678,0.12028,0.10339,0.067011,-0.24383,0.20765,0.23364
7491,0.14756,0.15438,0.11573,0.05272,-0.15743,0.3759,0.28496
7492,0.16153,0.18394,0.1336,0.037778,-0.10221,0.49608,0.30997
7493,0.1755,0.20505,0.15081,0.029009,-0.086948,0.52791,0.30672
7494,0.18751,0.20928,0.15601,0.02641,-0.086298,0.47464,0.28106
7495,0.18946,0.19336,0.14789,0.022512,-0.068758,0.3824,0.24306
7496,0.17452,0.16185,0.12515,0.0085458,-0.018413,0.31419,0.19823
7497,0.13847,0.12125,0.09397,-0.017114,0.055643,0.31029,0.14594
7498,0.087149,0.080653,0.057592,-0.04992,0.12515,0.36194,0.087799
7499,0.030633,0.044599,0.018615,-0.084024,0.17387,0.43372,0.027709
7500,-0.012892,0.015692,-0.022961,-0.11293,0.20798,0.50258,-0.025884
7501,-0.032055,-0.0044465,-0.061937,-0.13242,0.24208,0.56819,-0.05739
7502,-0.028482,-0.016789,-0.091495,-0.13957,0.28073,0.63413,-0.060963
7503,-0.013216,-0.02361,-0.11163,-0.13827,0.31971,0.6809,-0.043748
7504,-0.0041217,-0.033679,-0.1243,-0.13177,0.35154,0.69324,-0.022961
7505,-0.011917,-0.056416,-0.13275,-0.12073,0.3863,0.66433,-0.010943
7506,-0.042124,-0.09929,-0.13599,-0.10416,0.43599,0.59645,-0.015815
7507,-0.087597,-0.15646,-0.12982,-0.078178,0.48991,0.48601,-0.033354
7508,-0.13372,-0.2107,-0.10968,-0.035953,0.51849,0.33108,-0.054142
7509,-0.1675,-0.23603,-0.077203,0.018615,0.48861,0.14594,-0.068758
7510,-0.17952,-0.22174,-0.040175,0.072858,0.38078,-0.056091,-0.077528
7511,-0.17367,-0.17627,-0.007045,0.11541,0.19369,-0.27404,-0.087272
7512,-0.15158,-0.11618,0.014068,0.13814,-0.051544,-0.49263,-0.09929
7513,-0.11066,-0.054467,0.023487,0.13977,-0.32633,-0.66413,-0.10156
7514,-0.056416,0.0020496,0.02706,0.1271,-0.59982,-0.74696,-0.081751
7515,0.0046481,0.048497,0.028684,0.10534,-0.84245,-0.72584,-0.036927
7516,0.058566,0.078379,0.026085,0.079029,-1.026,-0.61866,0.013093
7517,0.092021,0.088448,0.011794,0.048822,-1.1306,-0.47379,0.040052
7518,0.10047,0.079029,-0.011592,0.019914,-1.1445,-0.34517,0.028684
7519,0.087474,0.06019,-0.034329,0.0020496,-1.0734,-0.25845,-0.011917
7520,0.063763,0.042651,-0.049595,-0.0021729,-0.9321,-0.20031,-0.054467
7521,0.041351,0.033556,-0.054792,-0.00022403,-0.72584,-0.14931,-0.076879
7522,0.024786,0.031282,-0.04992,-0.0028225,-0.46535,-0.10254,-0.081426
7523,0.012443,0.031282,-0.0405,-0.010943,-0.18407,-0.081751,-0.084349
7524,0.0023744,0.029658,-0.033354,-0.023285,0.060515,-0.10449,-0.097017
7525,-0.0015233,0.028359,-0.029457,-0.034004,0.21772,-0.1675,-0.12008
7526,-0.00022403,0.028684,-0.030106,-0.03238,0.28398,-0.24708,-0.14216
7527,0.0033489,0.029983,-0.035953,-0.019388,0.3012,-0.32178,-0.15646
7528,0.0017248,0.027709,-0.043423,0.003024,0.31419,-0.38382,-0.16977
7529,-0.0060706,0.020888,-0.048945,0.022512,0.34732,-0.43027,-0.18342
7530,-0.017764,0.013418,-0.047321,0.030957,0.39279,-0.46113,-0.19478
7531,-0.024585,0.012768,-0.037577,0.032582,0.42268,-0.47379,-0.19251
7532,-0.021661,0.021213,-0.021337,0.036804,0.41813,-0.47055,-0.16977
7533,-0.010293,0.032582,-0.0057458,0.047847,0.37265,-0.4543,-0.13047
7534,0.0046481,0.045574,0.0056225,0.063113,0.2908,-0.42085,-0.083375
7535,0.016666,0.055318,0.0091954,0.075781,0.18362,-0.377,-0.041475
7536,0.019589,0.059541,0.0049729,0.079679,0.067986,-0.33088,-0.016789
7537,0.014068,0.058891,-0.0031473,0.070259,-0.042124,-0.29645,-0.010943
7538,0.0065969,0.057592,-0.01484,0.046873,-0.13437,-0.28313,-0.014516
7539,-0.00087364,0.057917,-0.022961,0.015367,-0.21297,-0.288,-0.019063
7540,-0.0034721,0.058891,-0.023935,-0.012242,-0.28021,-0.2945,-0.013866
7541,0.0033489,0.058241,-0.019712,-0.030756,-0.3299,-0.28703,0.0026992
7542,0.014068,0.054668,-0.012242,-0.036602,-0.35329,-0.25877,0.023487
7543,0.024461,0.049796,-0.0028225,-0.030431,-0.34452,-0.21395,0.044275
7544,0.030957,0.0433,0.0075714,-0.015815,-0.29223,-0.15516,0.062139
7545,0.033881,0.03583,0.018615,-0.0037969,-0.18796,-0.071357,0.076106
7546,0.039078,0.033231,0.031932,-0.0028225,-0.039526,0.059541,0.092021
7547,0.051745,0.0433,0.045899,-0.012567,0.12418,0.26384,0.11281
7548,0.069285,0.062464,0.05272,-0.027508,0.2606,0.53343,0.14756
7549,0.0865,0.082277,0.048497,-0.040825,0.3366,0.82901,0.19076
7550,0.099817,0.093321,0.037454,-0.047321,0.33952,1.0921,0.23429
7551,0.10956,0.091047,0.027385,-0.033679,0.28008,1.2733,0.27261
7552,0.11671,0.083251,0.028359,0.0059473,0.18264,1.3373,0.31159
7553,0.12288,0.076431,0.049147,0.063763,0.073507,1.2821,0.35122
7554,0.131,0.075781,0.086175,0.12223,-0.027508,1.1379,0.38305
7555,0.13977,0.083576,0.13002,0.16543,-0.10968,0.96413,0.39896
7556,0.14399,0.090397,0.16413,0.18524,-0.18017,0.81797,0.39669
7557,0.13749,0.082602,0.17355,0.18232,-0.24708,0.73482,0.37623
7558,0.11768,0.053044,0.15633,0.16673,-0.30684,0.72572,0.34017
7559,0.089098,0.008221,0.12223,0.13879,-0.34809,0.76437,0.2921
7560,0.058241,-0.037252,0.083901,0.10177,-0.34095,0.79166,0.23429
7561,0.032582,-0.06616,0.053044,0.062139,-0.26137,0.74651,0.16998
7562,0.016016,-0.069733,0.036804,0.02706,-0.11293,0.58865,0.10794
7563,0.0095202,-0.046996,0.03583,-0.00087364,0.067336,0.31419,0.048822
7564,0.0039985,-0.0067202,0.046223,-0.017764,0.20928,-0.039201,-0.007045
7565,-0.0044465,0.033231,0.058566,-0.025559,0.2567,-0.40006,-0.059014
7566,-0.015165,0.06019,0.064737,-0.030756,0.20376,-0.69759,-0.10384
7567,-0.02426,0.071234,0.065712,-0.035953,0.081303,-0.88825,-0.14314
7568,-0.029132,0.070909,0.062139,-0.036927,-0.060638,-0.96295,-0.17724
7569,-0.032705,0.058891,0.059216,-0.037577,-0.16945,-0.93047,-0.2042
7570,-0.035628,0.039078,0.054019,-0.042449,-0.19836,-0.81094,-0.21395
7571,-0.037252,0.01764,0.046223,-0.047321,-0.13047,-0.6349,-0.19901
7572,-0.037902,-0.00054884,0.036479,-0.044723,0.003024,-0.46048,-0.1662
7573,-0.035628,-0.0089938,0.030957,-0.034004,0.14139,-0.35784,-0.13404
7574,-0.032055,-0.0096434,0.032257,-0.023935,0.23429,-0.36628,-0.11975
7575,-0.028807,-0.0080194,0.033231,-0.02426,0.26352,-0.48094,-0.13145
7576,-0.028157,-0.0093186,0.025111,-0.038227,0.24468,-0.66348,-0.16328
7577,-0.027833,-0.010293,0.010495,-0.062912,0.20733,-0.85057,-0.20388
7578,-0.026533,-0.0021729,-0.0089938,-0.09182,0.17517,-0.97919,-0.23928
7579,-0.022636,0.019914,-0.030431,-0.1217,0.13944,-1.0169,-0.26624
7580,-0.020687,0.050121,-0.055441,-0.14671,0.078379,-0.98082,-0.28378
7581,-0.020037,0.074482,-0.083375,-0.1623,-0.025884,-0.91391,-0.29807
7582,-0.017764,0.0865,-0.10254,-0.16198,-0.16912,-0.85869,-0.30424
7583,-0.0093186,0.084551,-0.10156,-0.14216,-0.33055,-0.83888,-0.2919
7584,0.0020496,0.073507,-0.0824,-0.097341,-0.49166,-0.85317,-0.2591
7585,0.0085458,0.053694,-0.058365,-0.037577,-0.63717,-0.88403,-0.21395
7586,0.012768,0.035505,-0.035303,0.020239,-0.75605,-0.90449,-0.17075
7587,0.024461,0.026085,-0.013216,0.070259,-0.83336,-0.88273,-0.13599
7588,0.047847,0.02706,0.01017,0.11411,-0.86714,-0.79633,-0.10936
7589,0.073182,0.033231,0.033556,0.15438,-0.86519,-0.65666,-0.086948
7590,0.092671,0.036804,0.054344,0.18687,-0.82653,-0.50205,-0.067459
7591,0.10144,0.034206,0.069285,0.20311,-0.74014,-0.35524,-0.049595
7592,0.099167,0.024786,0.072858,0.19466,-0.593,-0.212,-0.026533
7593,0.086824,0.012119,0.067011,0.16705,-0.37115,-0.040175,0.011469
7594,0.070259,-0.0037969,0.05207,0.13587,-0.05739,0.18719,0.065712
7595,0.055643,-0.020687,0.032582,0.10891,0.35414,0.47399,0.12418
7596,0.048497,-0.036927,0.013093,0.088448,0.83875,0.78873,0.1755
7597,0.052395,-0.045372,-0.0021729,0.07708,1.3208,1.0707,0.21415
7598,0.064413,-0.04115,-0.013866,0.080003,1.6917,1.2636,0.24111
7599,0.078055,-0.029132,-0.028157,0.09462,1.8746,1.3513,0.25897
7600,0.092021,-0.01614,-0.046022,0.11151,1.8544,1.3757,0.27456
7601,0.10404,-0.0057458,-0.063561,0.11638,1.6647,1.3903,0.2895
7602,0.11671,0.0062721,-0.073631,0.10469,1.3669,1.4078,0.30152
7603,0.12158,0.021863,-0.075904,0.084551,1.0187,1.3964,0.30022
7604,0.10794,0.039402,-0.070707,0.065387,0.66303,1.3159,0.27879
7605,0.076106,0.056292,-0.063237,0.053044,0.33173,1.1467,0.23396
7606,0.036804,0.070259,-0.053492,0.046873,0.06019,0.90631,0.1781
7607,0.0010752,0.078704,-0.041799,0.040052,-0.11748,0.63413,0.12937
7608,-0.020362,0.083901,-0.031081,0.030633,-0.19283,0.37623,0.098517
7609,-0.02426,0.087149,-0.027508,0.009845,-0.19154,0.1677,0.090722
7610,-0.017439,0.088448,-0.032705,-0.017764,-0.14671,0.02641,0.098193
7611,-0.011592,0.081627,-0.045047,-0.040825,-0.088896,-0.04927,0.11118
7612,-0.0099683,0.064413,-0.059014,-0.055116,-0.046996,-0.075255,0.12158
7613,-0.01614,0.04395,-0.069408,-0.062262,-0.034654,-0.06616,0.1258
7614,-0.027508,0.02641,-0.069733,-0.060963,-0.038227,-0.019388,0.12872
7615,-0.039851,0.022188,-0.056416,-0.050244,-0.034978,0.073182,0.13457
7616,-0.047646,0.029983,-0.030431,-0.029132,-0.011592,0.2135,0.14269
7617,-0.049595,0.045574,0.0014,0.00010078,0.017316,0.38467,0.15049
7618,-0.046022,0.064088,0.033556,0.032582,0.025761,0.56039,0.14886
7619,-0.036602,0.080978,0.058566,0.063438,-0.008669,0.71078,0.13392
7620,-0.013866,0.097218,0.073507,0.094945,-0.10449,0.80367,0.10729
7621,0.021538,0.11183,0.083576,0.12645,-0.25747,0.81017,0.078704
7622,0.055318,0.11963,0.094295,0.14919,-0.41988,0.72702,0.051745
7623,0.072208,0.11573,0.10469,0.15958,-0.50855,0.58833,0.028684
7624,0.070259,0.099492,0.11248,0.15958,-0.4267,0.44346,0.016666
7625,0.056617,0.074806,0.11541,0.15991,-0.11488,0.34342,0.01894
7626,0.042001,0.049796,0.11378,0.16185,0.40221,0.31971,0.041027
7627,0.031607,0.02641,0.10534,0.15893,0.99921,0.36031,0.079354
7628,0.026085,0.0049729,0.091372,0.14626,1.4932,0.42495,0.11995
7629,0.01894,-0.01614,0.074157,0.12548,1.7271,0.47562,0.15081
7630,0.011144,-0.0405,0.055643,0.10404,1.6488,0.49836,0.16575
7631,0.0039985,-0.063886,0.040377,0.083251,1.3224,0.49511,0.16933
7632,-0.0031473,-0.084024,0.028684,0.064088,0.87578,0.47302,0.16153
7633,-0.010293,-0.097017,0.019264,0.046873,0.44606,0.4256,0.13522
7634,-0.014516,-0.09929,0.010819,0.028684,0.11736,0.34245,0.087799
7635,-0.014516,-0.089221,0.0052977,0.015692,-0.093119,0.22519,0.029983
7636,-0.0083442,-0.06616,0.010495,0.016991,-0.21037,0.10306,-0.014191
7637,0.0095202,-0.031081,0.031282,0.042326,-0.27241,0.015692,-0.02426
7638,0.042001,0.012768,0.066362,0.090722,-0.28865,-0.010293,0.0043233
7639,0.079679,0.054668,0.11313,0.15406,-0.23928,0.015042,0.054019
7640,0.10534,0.083251,0.15666,0.21837,-0.11586,0.057267,0.098842
7641,0.10696,0.092021,0.18004,0.25313,0.044275,0.081952,0.12028
7642,0.082602,0.076755,0.1742,0.23299,0.18004,0.06961,0.11411
7643,0.038103,0.047523,0.14204,0.15698,0.23883,0.015042,0.084226
7644,-0.012892,0.017965,0.096893,0.052395,0.19921,-0.074605,0.047198
7645,-0.054792,-0.0024977,0.058241,-0.04862,0.074482,-0.18731,0.020239
7646,-0.078827,-0.012892,0.031607,-0.12008,-0.10709,-0.30489,0.013743
7647,-0.089871,-0.016789,0.013093,-0.15808,-0.30554,-0.41825,0.019264
7648,-0.096367,-0.021661,-0.0031473,-0.17854,-0.48549,-0.51602,0.016666
7649,-0.10514,-0.03173,-0.020362,-0.19413,-0.6232,-0.58845,-0.010618
7650,-0.11748,-0.048945,-0.034978,-0.2081,-0.72292,-0.63165,-0.061613
7651,-0.1334,-0.073631,-0.044398,-0.21427,-0.8051,-0.64984,-0.1243
7652,-0.14509,-0.10156,-0.047646,-0.2042,-0.88175,-0.65536,-0.18374
7653,-0.14931,-0.12625,-0.047321,-0.17919,-0.94801,-0.66835,-0.23051
7654,-0.14411,-0.13729,-0.044398,-0.14541,-0.99478,-0.70018,-0.26234
7655,-0.12657,-0.13047,-0.035953,-0.11163,-1.0146,-0.74793,-0.27858
7656,-0.10189,-0.11001,-0.021986,-0.082076,-1.0214,-0.7973,-0.27436
7657,-0.071682,-0.081751,-0.0028225,-0.052518,-1.0432,-0.83595,-0.24058
7658,-0.036278,-0.045372,0.025436,-0.011267,-1.1078,-0.85999,-0.18179
7659,0.0088706,-0.00022403,0.058566,0.045899,-1.2179,-0.8785,-0.10384
7660,0.065387,0.058241,0.094295,0.10989,-1.3355,-0.89929,-0.014516
7661,0.12937,0.12418,0.1258,0.169,-1.382,-0.92625,0.078704
7662,0.19369,0.18946,0.14854,0.2174,-1.291,-0.94769,0.16315
7663,0.2463,0.24078,0.16023,0.25572,-1.0445,-0.94379,0.22844
7664,0.28333,0.26709,0.16121,0.28658,-0.69012,-0.88662,0.27132
7665,0.30737,0.26742,0.15276,0.30217,-0.30652,-0.74436,0.30022
7666,0.31939,0.24858,0.13652,0.2947,0.030957,-0.50303,0.32361
7667,0.31711,0.21837,0.10664,0.24695,0.25735,-0.18244,0.33563
7668,0.3012,0.18134,0.065062,0.14724,0.31711,0.15796,0.32783
7669,0.26904,0.14139,0.016666,0.0039985,0.18329,0.43762,0.29373
7670,0.22227,0.099492,-0.030106,-0.14834,-0.10936,0.57988,0.23201
7671,0.16445,0.061814,-0.069408,-0.26559,-0.47152,0.54968,0.15373
7672,0.10371,0.031607,-0.096692,-0.31366,-0.79081,0.38922,0.078704
7673,0.053694,0.012768,-0.11098,-0.29093,-0.96035,0.18979,0.023162
7674,0.024786,0.0059473,-0.11066,-0.22044,-0.89832,0.054019,-0.0018481
7675,0.017316,0.012443,-0.10156,-0.13502,-0.57481,0.050121,0.0049729
7676,0.025111,0.029658,-0.089546,-0.063561,-0.043099,0.18069,0.029009
7677,0.03583,0.047198,-0.082076,-0.021337,0.5448,0.38272,0.05272
7678,0.040052,0.057917,-0.084349,-0.014191,0.99986,0.56332,0.057267
7679,0.032582,0.058241,-0.095068,-0.035953,1.1915,0.64257,0.040377
7680,0.01894,0.052395,-0.10936,-0.069083,1.0918,0.58573,0.011794
7681,0.0085458,0.048172,-0.11358,-0.094418,0.77672,0.41001,-0.0099683
7682,0.014717,0.055318,-0.095393,-0.095717,0.3785,0.16413,-0.011917
7683,0.037778,0.07708,-0.057065,-0.059339,0.03518,-0.09994,0.0069217
7684,0.069285,0.10566,-0.0083442,0.012119,-0.15158,-0.339,0.029333
7685,0.091696,0.12548,0.037454,0.098517,-0.15386,-0.52349,0.034206
7686,0.093645,0.12743,0.071234,0.17939,-0.028807,-0.63945,0.010819
7687,0.077405,0.11736,0.0852,0.23981,0.11476,-0.69012,-0.038876
7688,0.0433,0.098193,0.078055,0.26677,0.16121,-0.68459,-0.10774
7689,-0.0076946,0.072858,0.051745,0.24436,0.048822,-0.64627,-0.19348
7690,-0.066485,0.050121,0.009845,0.1664,-0.19446,-0.59949,-0.29093
7691,-0.12203,0.035505,-0.041799,0.050771,-0.45268,-0.56182,-0.38804
7692,-0.15938,0.031282,-0.089221,-0.067459,-0.59072,-0.52706,-0.46925
7693,-0.17042,0.031282,-0.11975,-0.14866,-0.53583,-0.47477,-0.51472
7694,-0.1623,0.027709,-0.12333,-0.16912,-0.32666,-0.39584,-0.51309
7695,-0.15191,0.0095202,-0.10384,-0.13794,-0.086298,-0.31561,-0.47542
7696,-0.15711,-0.028807,-0.073955,-0.084674,0.06961,-0.26754,-0.42572
7697,-0.18017,-0.0824,-0.046347,-0.038876,0.088773,-0.26787,-0.38837
7698,-0.20972,-0.13794,-0.027508,-0.012567,-0.013216,-0.30554,-0.36661
7699,-0.22889,-0.17627,-0.01614,-0.0028225,-0.16425,-0.33932,-0.34744
7700,-0.22759,-0.18147,-0.0067202,0.0033489,-0.26202,-0.30684,-0.30782
7701,-0.2029,-0.15451,0.0052977,0.021863,-0.21557,-0.15288,-0.23733
7702,-0.15841,-0.11131,0.020564,0.059216,0.019589,0.14496,-0.14216
7703,-0.098965,-0.06616,0.036804,0.11248,0.42657,0.55422,-0.038227
7704,-0.036278,-0.025884,0.053044,0.16185,0.91931,1.0054,0.061814
7705,0.023162,0.0059473,0.069285,0.19791,1.3919,1.4182,0.15244
7706,0.078055,0.033231,0.087149,0.22129,1.7667,1.7271,0.23266
7707,0.13132,0.056942,0.10761,0.23396,2.0107,1.897,0.30087
7708,0.17712,0.077405,0.1271,0.23234,2.1191,1.9226,0.35154
7709,0.2057,0.094295,0.14107,0.21155,2.0925,1.8145,0.37395
7710,0.20668,0.10436,0.14691,0.17355,1.9291,1.5965,0.36453
7711,0.18134,0.10664,0.14496,0.1245,1.6391,1.3065,0.32426
7712,0.14009,0.10371,0.13749,0.076431,1.2565,0.98524,0.26612
7713,0.095269,0.097218,0.1271,0.039727,0.83291,0.6718,0.207
7714,0.057267,0.089098,0.11703,0.015042,0.43404,0.39539,0.16348
7715,0.030957,0.079354,0.10826,0.0039985,0.11833,0.17062,0.14009
7716,0.014392,0.067011,0.099492,0.0033489,-0.088896,-0.0063954,0.13165
7717,0.0039985,0.049147,0.091696,0.0036737,-0.20063,-0.15321,0.1232
7718,-0.0050961,0.026735,0.084226,-0.0037969,-0.24513,-0.28638,0.10436
7719,-0.012242,0.0020496,0.078055,-0.019388,-0.25033,-0.4124,0.070909
7720,-0.017114,-0.020037,0.072533,-0.036278,-0.22954,-0.52576,0.023487
7721,-0.014191,-0.03173,0.06896,-0.04992,-0.20096,-0.61866,-0.027508
7722,-0.0034721,-0.035953,0.071883,-0.055441,-0.18342,-0.68524,-0.071682
7723,0.0078962,-0.036278,0.075456,-0.063561,-0.19511,-0.72,-0.10026
7724,0.012119,-0.0405,0.070909,-0.081426,-0.24156,-0.72227,-0.11066
7725,0.0017248,-0.053492,0.054668,-0.10741,-0.31854,-0.69564,-0.10806
7726,-0.028157,-0.07428,0.02706,-0.12592,-0.40753,-0.64009,-0.10124
7727,-0.080451,-0.09994,-0.0024977,-0.12982,-0.49133,-0.55694,-0.097341
7728,-0.14866,-0.13242,-0.023935,-0.10968,-0.55175,-0.45366,-0.097017
7729,-0.21655,-0.16912,-0.030106,-0.064211,-0.57481,-0.3364,-0.095717
7730,-0.26494,-0.20518,-0.02426,-0.0018481,-0.5394,-0.22012,-0.09117
7731,-0.28118,-0.23279,-0.010618,0.065387,-0.41695,-0.11715,-0.077528
7732,-0.26332,-0.23831,0.0065969,0.13587,-0.18926,-0.027508,-0.052518
7733,-0.21849,-0.21395,0.026085,0.20505,0.11703,0.044275,-0.020037
7734,-0.1675,-0.16588,0.045249,0.25507,0.40676,0.091696,0.013743
7735,-0.1308,-0.11163,0.054668,0.25248,0.56559,0.09397,0.038753
7736,-0.11683,-0.060638,0.049147,0.17842,0.52629,0.046223,0.047198
7737,-0.11131,-0.012892,0.028359,0.052395,0.30704,-0.034978,0.042001
7738,-0.087922,0.038103,0.00075039,-0.078503,-0.0015233,-0.11845,0.034206
7739,-0.033679,0.088448,-0.02426,-0.16815,-0.2893,-0.17627,0.035505
7740,0.044599,0.1323,-0.040825,-0.19478,-0.4686,-0.20355,0.050446
7741,0.12385,0.16868,-0.048296,-0.17107,-0.504,-0.20972,0.07708
7742,0.18232,0.20083,-0.045697,-0.12235,-0.41695,-0.20713,0.10501
7743,0.21123,0.23526,-0.032705,-0.073631,-0.26949,-0.20355,0.1271
7744,0.22194,0.27456,-0.011267,-0.036927,-0.12365,-0.20485,0.13392
7745,0.23169,0.32328,0.012768,-0.012242,-0.014191,-0.2107,0.13002
7746,0.25345,0.37395,0.037778,0.0020496,0.054993,-0.21785,0.12125
7747,0.29275,0.41358,0.058891,0.0088706,0.091696,-0.22109,0.11508
7748,0.34959,0.43534,0.074482,0.013743,0.097543,-0.21655,0.11378
7749,0.41456,0.44086,0.080328,0.01764,0.07773,-0.20193,0.10826
7750,0.47399,0.43242,0.077405,0.021538,0.040702,-0.18244,0.085525
7751,0.5094,0.41423,0.06831,0.024137,-0.0034721,-0.16068,0.042326
7752,0.50095,0.38662,0.054668,0.017316,-0.04992,-0.13664,-0.015165
7753,0.44801,0.34927,0.03453,0.00010078,-0.088896,-0.10286,-0.067459
7754,0.36876,0.30315,0.0078962,-0.018088,-0.10156,-0.05804,-0.095717
7755,0.29405,0.2463,-0.022311,-0.030431,-0.073306,-0.010618,-0.090845
7756,0.24695,0.18459,-0.050894,-0.034978,-0.0057458,0.020888,-0.058365
7757,0.22584,0.12223,-0.075579,-0.039851,0.082602,0.028359,-0.0076946
7758,0.2096,0.057917,-0.095717,-0.050569,0.16283,0.024137,0.043625
7759,0.1742,-0.011592,-0.11488,-0.063237,0.2057,0.034855,0.078379
7760,0.11054,-0.079477,-0.1334,-0.07428,0.19596,0.069934,0.09462
7761,0.029333,-0.13502,-0.14964,-0.081751,0.13912,0.12158,0.098842
7762,-0.044398,-0.16718,-0.16263,-0.082076,0.05272,0.16543,0.096893
7763,-0.094418,-0.17497,-0.1688,-0.072656,-0.038551,0.17939,0.094945
7764,-0.11488,-0.16035,-0.16458,-0.05804,-0.10514,0.15731,0.094295
7765,-0.11131,-0.1321,-0.14801,-0.044723,-0.11943,0.11086,0.093645
7766,-0.093769,-0.096692,-0.12138,-0.039201,-0.072656,0.058566,0.094945
7767,-0.07428,-0.059014,-0.090845,-0.045372,0.022512,0.022512,0.10696
7768,-0.058365,-0.022311,-0.065835,-0.058689,0.11963,0.013743,0.14009
7769,-0.045697,0.0091954,-0.046347,-0.063886,0.16803,0.029983,0.19921
7770,-0.032705,0.032582,-0.030756,-0.04927,0.14561,0.05272,0.27489
7771,-0.016464,0.038753,-0.013866,-0.01484,0.055968,0.064413,0.34017
7772,-0.0060706,0.022837,0.0085458,0.03583,-0.059989,0.059865,0.36259
7773,-0.010293,-0.013216,0.03453,0.10112,-0.16555,0.034206,0.32361
7774,-0.027508,-0.057715,0.06084,0.17874,-0.25585,-0.0050961,0.23331
7775,-0.044723,-0.097341,0.082602,0.25313,-0.37115,-0.034004,0.12905
7776,-0.050894,-0.11975,0.097218,0.30185,-0.55012,-0.0080194,0.05207
7777,-0.037577,-0.12138,0.10177,0.31029,-0.78691,0.12515,0.031282
7778,-0.0083442,-0.10709,0.095919,0.28431,-1.0263,0.38987,0.07708
7779,0.022512,-0.086623,0.087799,0.24468,-1.1926,0.75983,0.18102
7780,0.034206,-0.072981,0.083251,0.2096,-1.2179,1.1658,0.30315
7781,0.01017,-0.075579,0.084551,0.18492,-1.0682,1.5101,0.38825
7782,-0.048945,-0.094418,0.088124,0.16803,-0.7606,1.7021,0.40091
7783,-0.12495,-0.12398,0.088448,0.16153,-0.35946,1.7021,0.33563
7784,-0.19154,-0.14866,0.090072,0.16445,0.044275,1.5296,0.22
7785,-0.22759,-0.15321,0.10144,0.16835,0.35317,1.2418,0.095594
7786,-0.23019,-0.1321,0.11995,0.16738,0.51297,0.89137,-0.0060706
7787,-0.21102,-0.095068,0.13717,0.16121,0.53538,0.51395,-0.087272
7788,-0.18601,-0.060963,0.14496,0.15179,0.48147,0.1232,-0.16718
7789,-0.1714,-0.047321,0.13652,0.13977,0.42657,-0.26787,-0.2578
7790,-0.17107,-0.061613,0.11443,0.11963,0.41813,-0.63782,-0.35686
7791,-0.18179,-0.10351,0.085525,0.09397,0.45418,-0.97237,-0.45333
7792,-0.19803,-0.15841,0.056617,0.06961,0.51005,-1.2653,-0.53583
7793,-0.21102,-0.20778,0.030308,0.047847,0.57111,-1.518,-0.59819
7794,-0.21622,-0.23344,0.010819,0.031282,0.64192,-1.7207,-0.63782
7795,-0.2107,-0.22726,0.00010078,0.017965,0.72994,-1.8497,-0.65763
7796,-0.19413,-0.19608,-0.0044465,0.0049729,0.81764,-1.8828,-0.66186
7797,-0.17172,-0.14899,-0.0021729,-0.0047713,0.86376,-1.8208,-0.65796
7798,-0.14476,-0.095068,0.0088706,-0.0024977,0.82868,-1.6814,-0.64107
7799,-0.11423,-0.039526,0.028034,0.010819,0.70428,-1.4914,-0.60209
7800,-0.084349,0.0039985,0.049472,0.023812,0.50745,-1.2744,-0.53518
7801,-0.059664,0.029009,0.069934,0.029983,0.28561,-1.0373,-0.44229
7802,-0.040175,0.040377,0.088124,0.030308,0.093321,-0.77586,-0.32666
7803,-0.026533,0.048497,0.10469,0.02706,-0.029782,-0.49101,-0.19966
7804,-0.017114,0.063113,0.11963,0.02706,-0.070707,-0.18926,-0.075579
7805,-0.0067202,0.084551,0.12905,0.033231,-0.043748,0.11866,0.03453
7806,0.0095202,0.10371,0.131,0.039727,0.0069217,0.41456,0.12255
7807,0.029333,0.10794,0.11768,0.035505,0.028034,0.67473,0.18622
7808,0.050446,0.087149,0.0865,0.016991,-0.01484,0.86376,0.22617
7809,0.06896,0.0433,0.045249,-0.00054884,-0.11293,0.95893,0.24598
7810,0.079679,-0.008669,0.0072465,0.0036737,-0.22402,0.95601,0.2476
7811,0.084876,-0.051219,-0.01549,0.038103,-0.31106,0.88,0.23981
7812,0.086824,-0.073955,-0.020037,0.0852,-0.36401,0.76762,0.23136
7813,0.090722,-0.074605,-0.013541,0.1271,-0.39519,0.65394,0.23006
7814,0.089748,-0.052193,-0.0021729,0.14139,-0.43936,0.56527,0.22941
7815,0.081627,-0.018738,0.0026992,0.11768,-0.53063,0.50907,0.22454
7816,0.068635,0.013093,-0.0034721,0.067336,-0.67777,0.45646,0.21447
7817,0.054019,0.033556,-0.01614,0.0088706,-0.85154,0.35544,0.20473
7818,0.04395,0.043625,-0.030106,-0.044398,-1.0078,0.1716,0.19466
7819,0.042651,0.046223,-0.041799,-0.086298,-1.1146,-0.076229,0.18264
7820,0.046223,0.04395,-0.050894,-0.11098,-1.1572,-0.31756,0.16608
7821,0.053369,0.043625,-0.056091,-0.11521,-1.1367,-0.47282,0.15341
7822,0.062464,0.048172,-0.057715,-0.10709,-1.0529,-0.4988,0.15666
7823,0.067986,0.058241,-0.055441,-0.095393,-0.90156,-0.41338,0.1768
7824,0.065387,0.066686,-0.055116,-0.087272,-0.68589,-0.28378,0.19791
7825,0.055968,0.06896,-0.056091,-0.087597,-0.4228,-0.18309,0.19856
7826,0.042326,0.063113,-0.056091,-0.092794,-0.14022,-0.15451,0.17127
7827,0.029658,0.05142,-0.058689,-0.095717,0.14724,-0.19024,0.12937
7828,0.022512,0.038753,-0.060313,-0.085324,0.43924,-0.24383,0.091372
7829,0.024461,0.031607,-0.060963,-0.055766,0.73741,-0.26884,0.06896
7830,0.030957,0.03453,-0.059664,-0.012892,1.0067,-0.23928,0.061489
7831,0.041351,0.047847,-0.04927,0.032582,1.1938,-0.15743,0.065062
7832,0.054993,0.067336,-0.025559,0.081627,1.2672,-0.028157,0.073832
7833,0.070909,0.087474,0.01017,0.13684,1.2448,0.15536,0.092996
7834,0.087474,0.10631,0.047198,0.19499,1.1688,0.39442,0.13165
7835,0.10371,0.1232,0.073507,0.24208,1.072,0.66791,0.18459
7836,0.11703,0.13912,0.082602,0.26709,0.95244,0.93652,0.24566
7837,0.1297,0.15536,0.073832,0.26579,0.78743,1.1532,0.30445
7838,0.14529,0.16965,0.057592,0.24728,0.57436,1.2743,0.35641
7839,0.16673,0.18102,0.047847,0.22422,0.35187,1.2902,0.39799
7840,0.19401,0.19076,0.05207,0.20408,0.169,1.224,0.4295
7841,0.22259,0.20181,0.066037,0.18719,0.055643,1.1181,0.44704
7842,0.24371,0.21025,0.081303,0.17095,0.0010752,1.007,0.44151
7843,0.24858,0.2096,0.088773,0.14594,-0.03303,0.91768,0.40254
7844,0.23136,0.20181,0.085525,0.11898,-0.084999,0.85727,0.33238
7845,0.19921,0.18297,0.074157,0.091047,-0.1649,0.81862,0.24306
7846,0.16413,0.15796,0.056292,0.064737,-0.25065,0.78321,0.15893
7847,0.13912,0.13555,0.037778,0.0433,-0.30457,0.74423,0.10242
7848,0.12807,0.12028,0.023812,0.031932,-0.29742,0.70591,0.07708
7849,0.13002,0.10956,0.019589,0.031607,-0.22499,0.66596,0.073832
7850,0.13587,0.10404,0.023487,0.033881,-0.11391,0.61626,0.080978
7851,0.13684,0.10209,0.030308,0.031607,-0.0099683,0.5435,0.085525
7852,0.12937,0.10306,0.036154,0.020564,0.058566,0.43567,0.080653
7853,0.11346,0.10566,0.038103,0.00042559,0.072858,0.2908,0.06896
7854,0.092346,0.10599,0.031932,-0.025884,0.032906,0.13002,0.057917
7855,0.073832,0.10274,0.016991,-0.052193,-0.043099,-0.03303,0.054344
7856,0.061814,0.095269,-0.0044465,-0.074605,-0.1295,-0.19803,0.05272
7857,0.056617,0.082277,-0.027833,-0.087272,-0.20875,-0.36011,0.044924
7858,0.051745,0.067336,-0.041475,-0.09117,-0.27306,-0.5014,0.029658
7859,0.042651,0.054019,-0.038876,-0.088896,-0.31399,-0.60372,0.013418
7860,0.029983,0.043625,-0.027183,-0.07428,-0.31983,-0.66153,-0.0018481
7861,0.019589,0.037129,-0.012242,-0.04992,-0.28898,-0.68199,-0.019388
7862,0.011794,0.032257,0.00042559,-0.031406,-0.2474,-0.6716,-0.04115
7863,-0.00022403,0.028684,0.0049729,-0.037577,-0.23863,-0.64432,-0.062262
7864,-0.016464,0.024137,-0.0031473,-0.079802,-0.2906,-0.61573,-0.078827
7865,-0.032055,0.015692,-0.020362,-0.15321,-0.39097,-0.58553,-0.087597
7866,-0.041799,0.0056225,-0.036602,-0.23311,-0.49393,-0.5394,-0.084999
7867,-0.043423,-0.00022403,-0.043099,-0.28346,-0.54785,-0.47412,-0.079477
7868,-0.04115,-0.00022403,-0.036602,-0.28053,-0.52219,-0.40786,-0.089871
7869,-0.038876,0.00075039,-0.021661,-0.22402,-0.42247,-0.36953,-0.1256
7870,-0.035628,0.0026992,-0.00087364,-0.13762,-0.27209,-0.36888,-0.18082
7871,-0.032705,0.0033489,0.021863,-0.045372,-0.10286,-0.38317,-0.23506
7872,-0.027833,0.0059473,0.041351,0.040052,0.063438,-0.36109,-0.26169
7873,-0.017439,0.012768,0.055968,0.10924,0.2161,-0.25715,-0.24935
7874,-0.0041217,0.021863,0.070259,0.15698,0.3418,-0.079477,-0.19868
7875,0.009845,0.027385,0.080653,0.17355,0.42268,0.12093,-0.1256
7876,0.020888,0.023812,0.081952,0.14789,0.44249,0.28106,-0.051868
7877,0.022512,0.012443,0.072858,0.075781,0.39702,0.35739,0.0052977
7878,0.01017,-0.007045,0.052395,-0.023935,0.30022,0.33952,0.030957
7879,-0.013216,-0.028157,0.028034,-0.11098,0.17225,0.24566,0.021863
7880,-0.045372,-0.04862,0.0049729,-0.15029,0.039078,0.10631,-0.013541
7881,-0.078178,-0.067134,-0.011917,-0.1256,-0.073631,-0.048296,-0.069408
7882,-0.10806,-0.080451,-0.020687,-0.057715,-0.14834,-0.19998,-0.13892
7883,-0.13145,-0.085324,-0.022311,0.016016,-0.18244,-0.3325,-0.21557
7884,-0.14704,-0.077528,-0.017439,0.06896,-0.18504,-0.4228,-0.28378
7885,-0.14931,-0.05739,-0.0050961,0.093645,-0.1649,-0.45528,-0.32276
7886,-0.13534,-0.027183,0.013743,0.099492,-0.1256,-0.42929,-0.32081
7887,-0.10709,0.010495,0.038428,0.10404,-0.078503,-0.36661,-0.27956
7888,-0.070382,0.045249,0.06961,0.11378,-0.035628,-0.30035,-0.21492
7889,-0.033679,0.06831,0.10339,0.12158,-0.0089938,-0.25065,-0.15321
7890,-0.0057458,0.074806,0.1284,0.12093,-0.0060706,-0.22694,-0.11066
7891,0.0088706,0.064088,0.13425,0.10729,-0.03303,-0.23376,-0.092794
7892,0.012443,0.0433,0.11963,0.082602,-0.083375,-0.26397,-0.091495
7893,0.0075714,0.022188,0.09397,0.044599,-0.1321,-0.29677,-0.093119
7894,-0.00022403,0.011794,0.067661,-0.00054884,-0.14411,-0.30684,-0.083375
7895,-0.0021729,0.013418,0.045899,-0.038876,-0.089546,-0.27111,-0.051868
7896,0.0088706,0.02641,0.032582,-0.057715,0.032906,-0.18342,0.0017248
7897,0.031932,0.041676,0.02641,-0.057065,0.18849,-0.051219,0.063763
7898,0.053044,0.050771,0.024786,-0.050569,0.32134,0.10436,0.11671
7899,0.067661,0.05207,0.023812,-0.053168,0.3785,0.25735,0.14594
7900,0.070584,0.049472,0.019589,-0.067134,0.34764,0.38792,0.14756
7901,0.069934,0.050121,0.013093,-0.086948,0.24988,0.48569,0.13295
7902,0.074157,0.058241,0.0078962,-0.099615,0.14984,0.54026,0.12255
7903,0.084551,0.072533,0.0026992,-0.096367,0.11346,0.54318,0.12645
7904,0.098193,0.086175,-0.0015233,-0.080451,0.15016,0.48764,0.13912
7905,0.10891,0.092021,-0.0063954,-0.060638,0.21642,0.37785,0.14951
7906,0.11638,0.089098,-0.010618,-0.042449,0.26319,0.23169,0.15438
7907,0.1206,0.080653,-0.012242,-0.026209,0.27456,0.067336,0.15861
7908,0.1232,0.072208,-0.008669,-0.0096434,0.27002,-0.097991,0.17127
7909,0.12418,0.06084,-0.00022403,0.010495,0.26969,-0.24968,0.18946
7910,0.12353,0.047847,0.0088706,0.032257,0.26969,-0.36596,0.20051
7911,0.11216,0.030957,0.013743,0.051096,0.24436,-0.43904,0.18784
7912,0.0852,0.01017,0.011144,0.062464,0.16478,-0.47834,0.14367
7913,0.05142,-0.011592,0.0014,0.065062,0.033556,-0.49588,0.078704
7914,0.019589,-0.030431,-0.013866,0.059865,-0.12592,-0.50173,0.009845
7915,-0.0063954,-0.042774,-0.029132,0.053369,-0.27923,-0.49685,-0.052518
7916,-0.028482,-0.04862,-0.044398,0.048822,-0.39487,-0.47834,-0.10351
7917,-0.046022,-0.047971,-0.054792,0.051745,-0.43157,-0.43384,-0.13534
7918,-0.058689,-0.042774,-0.059664,0.062789,-0.34712,-0.34614,-0.14411
7919,-0.061613,-0.029457,-0.055441,0.087799,-0.12592,-0.20648,-0.12657
7920,-0.052843,-0.010618,-0.038876,0.1297,0.18102,-0.027183,-0.09182
7921,-0.034654,0.016016,-0.010293,0.18199,0.47627,0.14951,-0.05804
7922,-0.012892,0.044924,0.020888,0.23526,0.65751,0.27619,-0.041799
7923,-0.00054884,0.067986,0.039727,0.26352,0.66985,0.3327,-0.045047
7924,-0.00022403,0.078379,0.03583,0.23624,0.53149,0.3353,-0.058365
7925,-0.0080194,0.074806,0.011469,0.15373,0.32718,0.32263,-0.059339
7926,-0.014516,0.060515,-0.018738,0.053044,0.15536,0.32653,-0.037902
7927,-0.011917,0.044275,-0.040825,-0.021986,0.06961,0.35024,0.0014
7928,0.00075039,0.031282,-0.046022,-0.043423,0.074482,0.37168,0.042651
7929,0.01829,0.024786,-0.033354,-0.018738,0.14951,0.35901,0.070584
7930,0.039078,0.023487,-0.010293,0.030308,0.25085,0.29535,0.083251
7931,0.059216,0.023162,0.011144,0.073832,0.32069,0.18914,0.084876
7932,0.071883,0.021863,0.018615,0.092996,0.32166,0.063113,0.076106
7933,0.071558,0.017316,0.010819,0.084551,0.24955,-0.056741,0.056942
7934,0.055968,0.010495,-0.0099683,0.062464,0.12807,-0.15353,0.025111
7935,0.033556,0.003024,-0.030756,0.039078,-0.0099683,-0.22434,-0.012892
7936,0.011469,-0.0067202,-0.04115,0.019589,-0.13275,-0.27436,-0.043423
7937,-0.0041217,-0.01549,-0.032705,0.0078962,-0.22142,-0.30587,-0.059664
7938,-0.011592,-0.020687,-0.015815,-0.0031473,-0.28086,-0.31724,-0.061288
7939,-0.012242,-0.021337,0.0036737,-0.017764,-0.32763,-0.30522,-0.052518
7940,-0.007045,-0.020037,0.01894,-0.035303,-0.36758,-0.27014,-0.040825
7941,0.0039985,-0.019063,0.030633,-0.051868,-0.39454,-0.22337,-0.03173
7942,0.013093,-0.018413,0.036804,-0.068109,-0.39714,-0.18536,-0.027508
7943,0.016666,-0.021012,0.037454,-0.075255,-0.36238,-0.1701,-0.030106
7944,0.010819,-0.025234,0.032906,-0.060963,-0.27339,-0.17692,-0.033354
7945,-0.0024977,-0.028807,0.029658,-0.023285,-0.11196,-0.18017,-0.029132
7946,-0.017439,-0.028157,0.031607,0.02641,0.11671,-0.14249,-0.010293
7947,-0.025559,-0.021012,0.039727,0.074482,0.36876,-0.053492,0.022512
7948,-0.020362,-0.007045,0.055318,0.10696,0.57241,0.056617,0.058566
7949,-0.0054209,0.011144,0.069934,0.11054,0.66531,0.14269,0.084876
7950,0.011469,0.029333,0.077405,0.087474,0.61626,0.17062,0.089098
7951,0.01764,0.041676,0.071558,0.048172,0.44671,0.13035,0.063438
7952,0.0075714,0.050446,0.056942,0.0065969,0.22097,0.041676,0.010819
7953,-0.014516,0.058891,0.039727,-0.025884,0.0091954,-0.052193,-0.046022
7954,-0.034978,0.06961,0.031282,-0.03303,-0.13989,-0.11358,-0.081101
7955,-0.042124,0.079679,0.040377,-0.0083442,-0.21135,-0.13307,-0.080127
7956,-0.035953,0.090397,0.067011,0.032906,-0.21557,-0.14022,-0.04927
7957,-0.020362,0.096569,0.10242,0.074482,-0.19089,-0.1753,-0.0057458
7958,-0.0037969,0.090722,0.13457,0.10729,-0.17562,-0.2513,0.037778
7959,0.0078962,0.075456,0.15244,0.12937,-0.19251,-0.34517,0.073832
7960,0.014392,0.054668,0.15179,0.13717,-0.25292,-0.4137,0.097543
7961,0.020239,0.033556,0.13652,0.12937,-0.35491,-0.42605,0.10664
7962,0.027385,0.011144,0.11248,0.11118,-0.47184,-0.37862,0.10274
7963,0.032582,-0.010618,0.089748,0.084876,-0.56799,-0.28216,0.091372
7964,0.032906,-0.033679,0.073182,0.059216,-0.61476,-0.15418,0.080653
7965,0.029009,-0.059664,0.060515,0.032582,-0.60696,-0.0099683,0.074482
7966,0.021863,-0.088896,0.047198,0.0039985,-0.54752,0.12775,0.073182
7967,0.011794,-0.11228,0.033231,-0.019712,-0.44001,0.23071,0.06831
7968,0.0026992,-0.1217,0.022512,-0.035303,-0.30522,0.27749,0.055318
7969,0.00075039,-0.11651,0.01894,-0.040825,-0.18504,0.26937,0.035505
7970,0.0085458,-0.097666,0.028034,-0.033354,-0.12203,0.22779,0.012443
7971,0.024786,-0.068434,0.047847,-0.017114,-0.13242,0.18557,-0.0076946
7972,0.041351,-0.032055,0.068635,0.0039985,-0.19868,0.17745,-0.021661
7973,0.046873,0.0062721,0.079029,0.020888,-0.29515,0.21837,-0.031406
7974,0.033556,0.036804,0.074157,0.023162,-0.39292,0.31257,-0.036602
7975,0.0026992,0.051745,0.058891,0.008221,-0.45723,0.45808,-0.035953
7976,-0.034978,0.050121,0.042651,-0.021337,-0.4543,0.63737,-0.031406
7977,-0.067134,0.033231,0.021863,-0.060963,-0.3744,0.81862,-0.022636
7978,-0.086298,0.0095202,-0.0044465,-0.10254,-0.23928,0.95958,-0.0073698
7979,-0.087272,-0.0044465,-0.034978,-0.13599,-0.086298,1.0167,0.013093
7980,-0.061937,0.008221,-0.059014,-0.15451,0.044599,0.96965,0.04395
7981,-0.0096434,0.051745,-0.063237,-0.14769,0.1297,0.84947,0.092346
7982,0.062464,0.11508,-0.040175,-0.10838,0.17745,0.7111,0.16283
7983,0.13555,0.1768,0.0065969,-0.039526,0.23234,0.60457,0.24338
7984,0.18719,0.22194,0.06019,0.040377,0.3444,0.55065,0.31419
7985,0.2096,0.2476,0.10339,0.11638,0.52694,0.53733,0.36161
7986,0.20668,0.25832,0.12743,0.18589,0.73189,0.52596,0.38305
7987,0.18849,0.26157,0.131,0.25767,0.87383,0.46133,0.38467
7988,0.16868,0.25475,0.11768,0.33043,0.87578,0.31646,0.37818
7989,0.15666,0.23201,0.097543,0.39831,0.72475,0.10501,0.37753
7990,0.15828,0.19369,0.07708,0.44801,0.47367,-0.123,0.38402
7991,0.17127,0.14626,0.056942,0.46782,0.22552,-0.31301,0.3863
7992,0.18622,0.10566,0.033881,0.45126,0.087474,-0.42215,0.37265
7993,0.19336,0.078704,0.0062721,0.39637,0.10274,-0.42865,0.3327
7994,0.18557,0.065062,-0.023285,0.31809,0.22065,-0.33705,0.26937
7995,0.15406,0.054993,-0.055116,0.23461,0.32978,-0.1753,0.19174
7996,0.10469,0.041351,-0.084349,0.15633,0.32328,0.021863,0.11508
7997,0.051096,0.022512,-0.10416,0.094945,0.16185,0.2044,0.057917
7998,0.0088706,0.0033489,-0.10741,0.054993,-0.10774,0.32361,0.032582
7999,-0.0063954,-0.0099683,-0.096042,0.040052,-0.39519,0.34797,0.040052
8000,0.0095202,-0.01484,-0.080776,0.039078,-0.61184,0.2895,0.06961
8001,0.046223,-0.0099683,-0.072981,0.039402,-0.71253,0.19791,0.10112
8002,0.077405,-0.0037969,-0.077853,0.032257,-0.69336,0.13295,0.10371
8003,0.075456,-0.0024977,-0.090521,0.019914,-0.57806,0.12353,0.056942
8004,0.031282,-0.012567,-0.10351,-0.0018481,-0.40786,0.15438,-0.037902
8005,-0.044723,-0.036927,-0.11521,-0.035303,-0.22207,0.17939,-0.15256
8006,-0.12138,-0.070382,-0.1256,-0.072656,-0.042449,0.16121,-0.24188
8007,-0.17107,-0.10579,-0.13567,-0.10254,0.13295,0.086175,-0.27631
8008,-0.18569,-0.12982,-0.14314,-0.11715,0.31614,-0.026209,-0.25357
8009,-0.17172,-0.13632,-0.14411,-0.12138,0.49836,-0.14379,-0.2042
8010,-0.14476,-0.1178,-0.13892,-0.1217,0.6351,-0.24903,-0.1636
8011,-0.11813,-0.076879,-0.12755,-0.12625,0.68902,-0.34679,-0.14931
8012,-0.093444,-0.021012,-0.11163,-0.13632,0.65556,-0.44164,-0.16003
8013,-0.066485,0.041027,-0.094418,-0.14346,0.56007,-0.5079,-0.18114
8014,-0.034978,0.10047,-0.079152,-0.13632,0.43957,-0.4975,-0.19446
8015,0.0056225,0.14951,-0.060638,-0.11033,0.31581,-0.3822,-0.18894
8016,0.053694,0.18459,-0.034329,-0.070058,0.19693,-0.18601,-0.16425
8017,0.10047,0.20246,0.00010078,-0.028157,0.089098,0.022188,-0.13145
8018,0.13327,0.20116,0.036804,0.0049729,0.00042559,0.16445,-0.10546
8019,0.14334,0.18004,0.06831,0.025436,-0.056741,0.19856,-0.098641
8020,0.12548,0.14172,0.087799,0.033556,-0.073306,0.11443,-0.11813
8021,0.081627,0.094945,0.096244,0.031607,-0.043423,-0.057065,-0.1623
8022,0.021213,0.050771,0.10112,0.023487,0.026085,-0.2552,-0.22239
8023,-0.035953,0.01829,0.10631,0.011469,0.12645,-0.41305,-0.27988
8024,-0.071032,0.00042559,0.11151,-0.0057458,0.24046,-0.48581,-0.30489
8025,-0.079152,-0.01549,0.11216,-0.025234,0.33887,-0.47932,-0.2893
8026,-0.07428,-0.044073,0.10306,-0.047971,0.39767,-0.44326,-0.24968
8027,-0.077853,-0.086948,0.079354,-0.075255,0.41163,-0.45041,-0.21785
8028,-0.10936,-0.13957,0.046223,-0.10156,0.39182,-0.55272,-0.22597
8029,-0.16782,-0.19348,0.012119,-0.11553,0.34602,-0.74826,-0.28248
8030,-0.23376,-0.24123,-0.015165,-0.11943,0.27976,-0.98796,-0.36303
8031,-0.28053,-0.27469,-0.030106,-0.11618,0.19401,-1.2137,-0.43644
8032,-0.2906,-0.28768,-0.029457,-0.10254,0.090397,-1.379,-0.47607
8033,-0.26267,-0.27793,-0.019063,-0.073955,-0.030106,-1.4485,-0.47022
8034,-0.20908,-0.24935,-0.0024977,-0.029782,-0.15386,-1.3966,-0.4189
8035,-0.14639,-0.20745,0.021213,0.030957,-0.2552,-1.2238,-0.33283
8036,-0.087272,-0.15613,0.048497,0.095919,-0.32146,-0.94639,-0.21882
8037,-0.037577,-0.10221,0.073182,0.14074,-0.36726,-0.58975,-0.090196
8038,-0.0047713,-0.05739,0.089748,0.14042,-0.4163,-0.19348,0.029983
8039,0.0085458,-0.028807,0.093321,0.095919,-0.47444,0.18394,0.11703
8040,0.0043233,-0.017439,0.084226,0.033881,-0.52706,0.48829,0.15536
8041,-0.010943,-0.017764,0.067336,-0.013866,-0.54882,0.69389,0.15081
8042,-0.022961,-0.023285,0.047847,-0.032055,-0.51212,0.81991,0.12288
8043,-0.023935,-0.030106,0.031282,-0.024585,-0.41111,0.89917,0.10079
8044,-0.011592,-0.037577,0.022837,-0.007045,-0.26916,0.94627,0.10112
8045,0.0065969,-0.044723,0.020888,0.0065969,-0.1256,0.94269,0.11736
8046,0.026085,-0.047971,0.01829,0.0059473,-0.0099683,0.86864,0.13652
8047,0.0433,-0.039526,0.012768,-0.010943,0.078379,0.72215,0.14756
8048,0.057917,-0.020037,0.0091954,-0.039851,0.15828,0.53506,0.14919
8049,0.071883,0.0085458,0.015042,-0.071032,0.25443,0.35771,0.14789
8050,0.08585,0.043625,0.032906,-0.085973,0.35609,0.22617,0.15536
8051,0.10209,0.080653,0.059216,-0.077853,0.42462,0.14919,0.17615
8052,0.11866,0.11638,0.082602,-0.051544,0.4217,0.10664,0.20213
8053,0.13262,0.14756,0.095269,-0.020687,0.33628,0.075781,0.22487
8054,0.14334,0.17615,0.097218,0.0026992,0.18524,0.051096,0.24078
8055,0.14464,0.19791,0.091047,0.015367,-0.0031473,0.039727,0.24793
8056,0.1336,0.20538,0.080003,0.019914,-0.20518,0.04395,0.24858
8057,0.11281,0.19336,0.067986,0.020239,-0.38869,0.047198,0.25053
8058,0.094945,0.1651,0.057917,0.020564,-0.5092,0.032906,0.25962
8059,0.092021,0.1349,0.048497,0.022837,-0.51537,0.013743,0.27684
8060,0.10956,0.11411,0.046873,0.03583,-0.39292,0.029658,0.30217
8061,0.14659,0.11151,0.054019,0.058566,-0.174,0.10436,0.33173
8062,0.18524,0.12678,0.064737,0.07708,0.056942,0.21902,0.35447
8063,0.20798,0.14789,0.06961,0.082277,0.21447,0.32231,0.35479
8064,0.20343,0.15731,0.062789,0.069934,0.25475,0.36161,0.31679
8065,0.1677,0.14854,0.043625,0.048172,0.18264,0.30899,0.24111
8066,0.11021,0.12645,0.019264,0.023162,0.036804,0.17907,0.14789
8067,0.051096,0.10079,0.00075039,0.0039985,-0.13729,0.02641,0.069285
8068,0.014392,0.082927,-0.007045,0.0010752,-0.29547,-0.076554,0.03583
8069,0.010495,0.079354,-0.0037969,0.013743,-0.40526,-0.093119,0.059865
8070,0.036479,0.090072,0.0069217,0.030957,-0.44943,-0.026533,0.12483
8071,0.075456,0.10794,0.019264,0.044275,-0.43644,0.099167,0.20538
8072,0.11151,0.12028,0.025436,0.050771,-0.3835,0.2489,0.28203
8073,0.131,0.11801,0.023812,0.052395,-0.30944,0.39182,0.334
8074,0.13262,0.10664,0.018615,0.055318,-0.22467,0.51297,0.35479
8075,0.11995,0.090072,0.014717,0.064737,-0.12592,0.61074,0.34147
8076,0.10501,0.073832,0.020239,0.087149,-0.016464,0.67992,0.30867
8077,0.10566,0.063763,0.036479,0.1258,0.093645,0.69844,0.27489
8078,0.12353,0.065387,0.053694,0.1768,0.18459,0.64322,0.24728
8079,0.14464,0.074482,0.057592,0.21707,0.23299,0.49803,0.2109
8080,0.14821,0.079029,0.036804,0.2135,0.20993,0.27261,0.14659
8081,0.12255,0.070909,-0.0034721,0.15309,0.10696,0.0059473,0.042326
8082,0.070259,0.042326,-0.054792,0.049472,-0.059664,-0.25033,-0.085648
8083,0.00075039,-0.0024977,-0.10384,-0.064861,-0.23668,-0.44813,-0.2081
8084,-0.071357,-0.052518,-0.14411,-0.16003,-0.36336,-0.55175,-0.30392
8085,-0.13242,-0.093769,-0.16815,-0.21297,-0.40493,-0.54785,-0.36693
8086,-0.174,-0.12073,-0.17432,-0.21265,-0.36661,-0.45658,-0.39649
8087,-0.19478,-0.13112,-0.16588,-0.16977,-0.29028,-0.32601,-0.39551
8088,-0.19836,-0.12592,-0.14801,-0.10579,-0.22694,-0.22142,-0.37603
8089,-0.19186,-0.11098,-0.12625,-0.038227,-0.20875,-0.18731,-0.35621
8090,-0.18244,-0.091495,-0.10514,0.018615,-0.23636,-0.22272,-0.34355
8091,-0.17335,-0.071682,-0.085973,0.054019,-0.28183,-0.28638,-0.32958
8092,-0.15353,-0.051868,-0.070382,0.06084,-0.29612,-0.32373,-0.29612
8093,-0.11488,-0.033354,-0.059339,0.039402,-0.21655,-0.29482,-0.22791
8094,-0.056416,-0.018088,-0.051219,0.0017248,0.00075039,-0.18277,-0.13047
8095,0.008221,-0.0031473,-0.043423,-0.039526,0.33498,0.0052977,-0.025559
8096,0.063113,0.015692,-0.028482,-0.064536,0.71078,0.23883,0.06961
8097,0.10177,0.0433,-0.0021729,-0.055766,1.0291,0.46295,0.15081
8098,0.1245,0.076431,0.032906,-0.011592,1.197,0.60554,0.21837
8099,0.13879,0.11086,0.071234,0.05272,1.1649,0.61496,0.27034
8100,0.15114,0.14302,0.10566,0.11054,0.95503,0.48406,0.30055
8101,0.16445,0.16933,0.13295,0.14724,0.64744,0.26125,0.30574
8102,0.17582,0.18979,0.14886,0.16998,0.33465,0.01764,0.28788
8103,0.18199,0.20343,0.15861,0.19304,0.079679,-0.16295,0.26027
8104,0.18394,0.20668,0.1716,0.22324,-0.10156,-0.21005,0.23916
8105,0.18524,0.19921,0.19304,0.25085,-0.22044,-0.11131,0.23526
8106,0.18362,0.18492,0.21577,0.26579,-0.30165,0.071883,0.2476
8107,0.17647,0.16998,0.23071,0.26319,-0.36109,0.26352,0.26612
8108,0.16023,0.15601,0.23104,0.24143,-0.4124,0.4178,0.27846
8109,0.14204,0.14107,0.21772,0.21058,-0.45755,0.52337,0.27814
8110,0.12645,0.12255,0.19596,0.18102,-0.49198,0.57923,0.26125
8111,0.11476,0.10242,0.17322,0.15698,-0.48549,0.59222,0.22844
8112,0.10696,0.078704,0.15373,0.13652,-0.37473,0.57988,0.18751
8113,0.10014,0.055968,0.14009,0.11313,-0.11878,0.56786,0.15016
8114,0.095594,0.038103,0.13295,0.0865,0.24208,0.56104,0.12548
8115,0.093645,0.02641,0.12905,0.066686,0.58898,0.54318,0.11411
8116,0.093645,0.018615,0.12125,0.063113,0.78841,0.48601,0.10826
8117,0.091047,0.014068,0.10891,0.080328,0.76437,0.36291,0.0865
8118,0.077405,0.013743,0.095269,0.10599,0.53701,0.16705,0.032257
8119,0.05142,0.015692,0.086175,0.12483,0.20733,-0.078178,-0.04927
8120,0.019914,0.01829,0.080003,0.13165,-0.10676,-0.33575,-0.1334
8121,-0.0083442,0.01894,0.073507,0.1245,-0.32276,-0.56474,-0.19836
8122,-0.030106,0.016341,0.064737,0.11183,-0.40201,-0.73754,-0.23474
8123,-0.046347,0.010495,0.059865,0.10729,-0.34777,-0.8405,-0.24123
8124,-0.062912,0.0023744,0.060515,0.11573,-0.19413,-0.87233,-0.22629
8125,-0.077528,-0.0050961,0.063438,0.12743,0.01764,-0.84212,-0.19706
8126,-0.089221,-0.0099683,0.062139,0.12872,0.258,-0.76222,-0.16068
8127,-0.091495,-0.0037969,0.055968,0.11281,0.50583,-0.65114,-0.11878
8128,-0.085973,0.012768,0.047523,0.080653,0.74294,-0.52381,-0.075255
8129,-0.074605,0.032582,0.04395,0.046873,0.95731,-0.38545,-0.039526
8130,-0.059664,0.043625,0.0433,0.020239,1.1145,-0.2461,-0.017439
8131,-0.041799,0.043625,0.041027,0.0088706,1.1619,-0.11521,-0.013866
8132,-0.025234,0.033556,0.038103,0.013743,1.069,-0.0024977,-0.028807
8133,-0.010943,0.021538,0.033231,0.02706,0.85499,0.082277,-0.055441
8134,-0.0041217,0.009845,0.026735,0.036479,0.57858,0.12255,-0.077528
8135,-0.0057458,0.00042559,0.016991,0.036154,0.29697,0.10956,-0.090521
8136,-0.008669,-0.0067202,0.0049729,0.030633,0.042326,0.052395,-0.096042
8137,-0.0067202,-0.011917,-0.007045,0.01894,-0.17789,-0.033354,-0.097991
8138,-0.0044465,-0.017764,-0.018738,-0.00087364,-0.36531,-0.12398,-0.092469
8139,-0.0057458,-0.023285,-0.030756,-0.031406,-0.51374,-0.18991,-0.078178
8140,-0.012242,-0.022961,-0.040825,-0.071032,-0.59137,-0.20745,-0.059664
8141,-0.019063,-0.014516,-0.042124,-0.10741,-0.56669,-0.16912,-0.043423
8142,-0.021337,0.0014,-0.034329,-0.1334,-0.43319,-0.076229,-0.032705
8143,-0.018738,0.018615,-0.026209,-0.15029,-0.22499,0.05272,-0.026858
8144,-0.013866,0.024461,-0.02426,-0.1597,0.0043233,0.18979,-0.025234
8145,-0.0083442,0.017965,-0.030431,-0.1636,0.20928,0.30769,-0.025884
8146,-0.0089938,0.003024,-0.046996,-0.1623,0.35869,0.38922,-0.025884
8147,-0.01484,-0.021012,-0.066485,-0.15548,0.42917,0.43274,-0.025884
8148,-0.022311,-0.04862,-0.086948,-0.14184,0.40384,0.43632,-0.027183
8149,-0.029132,-0.073955,-0.10968,-0.12885,0.26872,0.39896,-0.035953
8150,-0.035953,-0.093444,-0.13177,-0.1282,0.039402,0.31809,-0.054792
8151,-0.042124,-0.10449,-0.14087,-0.13599,-0.23993,0.20473,-0.075579
8152,-0.044398,-0.098965,-0.1308,-0.13989,-0.51277,0.081952,-0.087597
8153,-0.038227,-0.072981,-0.10514,-0.13567,-0.70148,-0.024585,-0.079802
8154,-0.019388,-0.029782,-0.073955,-0.12008,-0.75053,-0.097991,-0.052843
8155,0.009845,0.01764,-0.046671,-0.097991,-0.65276,-0.14087,-0.018088
8156,0.041676,0.051096,-0.034329,-0.077203,-0.45236,-0.1636,0.0069217
8157,0.061814,0.054019,-0.039526,-0.055116,-0.21882,-0.18471,0.0091954
8158,0.061489,0.02641,-0.055766,-0.036602,-0.0096434,-0.2159,-0.012567
8159,0.037454,-0.015165,-0.075904,-0.027833,0.14626,-0.25617,-0.050569
8160,-0.0031473,-0.049595,-0.092145,-0.03238,0.23461,-0.28703,-0.089546
8161,-0.046671,-0.069083,-0.10286,-0.044073,0.24273,-0.29742,-0.11521
8162,-0.078503,-0.07493,-0.10968,-0.054142,0.15211,-0.29612,-0.1178
8163,-0.089221,-0.069083,-0.11618,-0.057065,-0.033679,-0.30165,-0.096367
8164,-0.0837,-0.055441,-0.11975,-0.04862,-0.28183,-0.32113,-0.063561
8165,-0.06616,-0.037577,-0.11683,-0.030106,-0.52966,-0.35004,-0.031081
8166,-0.044398,-0.022311,-0.10319,-0.0093186,-0.71513,-0.36563,-0.011917
8167,-0.02361,-0.0099683,-0.079477,0.014068,-0.80315,-0.3364,-0.010293
8168,-0.010943,-0.0028225,-0.04862,0.044599,-0.79113,-0.24903,-0.02361
8169,-0.0083442,-0.0031473,-0.015815,0.083576,-0.70278,-0.11618,-0.043748
8170,-0.012242,-0.0080194,0.011469,0.12483,-0.56149,0.031607,-0.058689
8171,-0.016789,-0.0093186,0.033231,0.16933,-0.38772,0.15568,-0.061937
8172,-0.015165,-0.0054209,0.05142,0.21512,-0.2159,0.21902,-0.051544
8173,-0.0041217,0.0014,0.067986,0.24176,-0.095068,0.18751,-0.030431
8174,0.010495,0.011794,0.078055,0.22389,-0.075904,0.060515,-0.0047713
8175,0.022512,0.024461,0.074482,0.15471,-0.17107,-0.13567,0.014392
8176,0.028359,0.036479,0.056617,0.054019,-0.33478,-0.35946,0.014068
8177,0.024786,0.044275,0.029009,-0.04115,-0.47509,-0.55987,-0.0028225
8178,0.011794,0.047198,-0.0011985,-0.094743,-0.50465,-0.69304,-0.024909
8179,-0.0089938,0.045574,-0.022636,-0.094418,-0.38707,-0.73396,-0.042449
8180,-0.027508,0.038428,-0.035628,-0.053168,-0.15288,-0.67193,-0.044398
8181,-0.036927,0.028684,-0.037577,0.0059473,0.1219,-0.51342,-0.02361
8182,-0.031081,0.020888,-0.027508,0.064088,0.35382,-0.27793,0.01829
8183,-0.014516,0.016341,-0.010618,0.10274,0.47789,-0.018738,0.071883
8184,0.0033489,0.015692,0.0091954,0.11476,0.46717,0.19563,0.1206
8185,0.017965,0.016341,0.025761,0.10534,0.33465,0.31386,0.15406
8186,0.026735,0.015367,0.042001,0.087799,0.13944,0.32816,0.17355
8187,0.033556,0.012768,0.059216,0.076431,-0.044723,0.27002,0.18297
8188,0.045574,0.011469,0.075781,0.077405,-0.17497,0.18557,0.18784
8189,0.066362,0.016666,0.087799,0.088448,-0.24578,0.12645,0.19563
8190,0.091372,0.025761,0.096244,0.11866,-0.27274,0.13197,0.22
8191,0.11021,0.03453,0.10924,0.17647,-0.26527,0.22227,0.2619
8192,0.11736,0.041351,0.1336,0.2593,-0.22077,0.39767,0.31159
8193,0.11021,0.044599,0.1664,0.34635,-0.12592,0.63965,0.34992
8194,0.092021,0.050121,0.19953,0.40676,0.032582,0.91151,0.37006
8195,0.066362,0.059216,0.22259,0.43145,0.2463,1.1681,0.37006
8196,0.039727,0.066037,0.23169,0.42657,0.4662,1.3503,0.35284
8197,0.016991,0.067336,0.22779,0.39702,0.62633,1.4107,0.33011
8198,0.00075039,0.062139,0.21025,0.32718,0.66336,1.3312,0.30412
8199,-0.013541,0.042326,0.17907,0.19921,0.55552,1.1272,0.27034
8200,-0.03303,0.0075714,0.13457,0.017316,0.3444,0.84622,0.22032
8201,-0.053492,-0.03303,0.083251,-0.17984,0.11443,0.54903,0.14951
8202,-0.063561,-0.064211,0.031932,-0.34777,-0.056741,0.28106,0.059216
8203,-0.05739,-0.070707,-0.013866,-0.45625,-0.1217,0.067011,-0.039201
8204,-0.03238,-0.044073,-0.046671,-0.48484,-0.062587,-0.084999,-0.12235
8205,0.009845,0.016991,-0.05739,-0.43254,0.09397,-0.17854,-0.16458
8206,0.061814,0.10306,-0.041799,-0.32146,0.29438,-0.22889,-0.16523
8207,0.10859,0.19563,-0.0044465,-0.19608,0.46977,-0.26202,-0.13697
8208,0.13587,0.27749,0.040052,-0.095393,0.55682,-0.30554,-0.10871
8209,0.13749,0.33465,0.075456,-0.038551,0.52077,-0.36726,-0.097017
8210,0.12223,0.36291,0.095919,-0.020362,0.37298,-0.43839,-0.10384
8211,0.10696,0.35999,0.10209,-0.031081,0.15503,-0.50043,-0.1217
8212,0.10664,0.33335,0.098193,-0.046671,-0.081751,-0.53356,-0.13502
8213,0.12678,0.29308,0.088448,-0.047971,-0.29515,-0.52057,-0.12852
8214,0.15633,0.2463,0.075781,-0.02361,-0.46502,-0.44521,-0.092794
8215,0.17972,0.19823,0.063438,0.020564,-0.5826,-0.31236,-0.031081
8216,0.18329,0.15471,0.054993,0.068635,-0.64204,-0.16068,0.041027
8217,0.16575,0.11216,0.047847,0.10144,-0.64334,-0.027833,0.10404
8218,0.13327,0.06831,0.040377,0.11638,-0.5839,0.082602,0.15016
8219,0.097218,0.022512,0.032582,0.11671,-0.4621,0.20538,0.18167
8220,0.06831,-0.020687,0.025436,0.10826,-0.2932,0.38078,0.2109
8221,0.055643,-0.056091,0.01829,0.09397,-0.10806,0.61626,0.24241
8222,0.06019,-0.076554,0.010495,0.074806,0.064088,0.87091,0.26872
8223,0.075456,-0.077528,-0.0028225,0.050121,0.20246,1.0658,0.27456
8224,0.089423,-0.061937,-0.023285,0.020888,0.2908,1.1171,0.24663
8225,0.088773,-0.039851,-0.047321,-0.0089938,0.32393,0.98946,0.18102
8226,0.069285,-0.022636,-0.072656,-0.03238,0.32426,0.7111,0.083901
8227,0.035505,-0.020362,-0.097017,-0.043748,0.32361,0.35187,-0.030106
8228,-0.0015233,-0.033354,-0.11975,-0.046671,0.34115,-0.020687,-0.14054
8229,-0.029457,-0.054142,-0.14022,-0.042774,0.36616,-0.35556,-0.23019
8230,-0.0405,-0.072981,-0.15516,-0.03173,0.36129,-0.62256,-0.28476
8231,-0.034329,-0.078827,-0.15776,-0.014191,0.29892,-0.81257,-0.29547
8232,-0.018413,-0.067134,-0.14346,0.0069217,0.18167,-0.94249,-0.26851
8233,0.003024,-0.039851,-0.11683,0.033881,0.042651,-1.0555,-0.22402
8234,0.022837,-0.007045,-0.088247,0.062464,-0.076229,-1.1952,-0.18959
8235,0.034855,0.017316,-0.069083,0.083576,-0.14996,-1.3719,-0.17854
8236,0.02641,0.023487,-0.060963,0.089098,-0.17724,-1.5596,-0.18829
8237,-0.0063954,0.01017,-0.061288,0.076755,-0.17789,-1.711,-0.20583
8238,-0.055441,-0.019388,-0.06681,0.048172,-0.17465,-1.7714,-0.2133
8239,-0.10221,-0.054792,-0.070382,0.012768,-0.17789,-1.7003,-0.19348
8240,-0.13112,-0.080776,-0.062587,-0.018738,-0.18731,-1.4813,-0.13469
8241,-0.13892,-0.089221,-0.041799,-0.036278,-0.18374,-1.1289,-0.047321
8242,-0.1295,-0.086948,-0.012892,-0.036927,-0.14639,-0.68817,0.047847
8243,-0.10968,-0.082076,0.012443,-0.024909,-0.052518,-0.22304,0.1323
8244,-0.087272,-0.08305,0.026735,-0.0083442,0.10404,0.21058,0.19304
8245,-0.066485,-0.089871,0.030308,-0.0024977,0.30672,0.57144,0.22097
8246,-0.055116,-0.097991,0.024461,-0.019388,0.51297,0.83193,0.21447
8247,-0.057065,-0.099615,0.016341,-0.052843,0.66758,0.98557,0.169
8248,-0.07493,-0.096367,0.0091954,-0.079802,0.72799,1.0499,0.088448
8249,-0.10936,-0.093769,0.0023744,-0.075904,0.68512,1.0502,-0.012892
8250,-0.15061,-0.092469,-0.0076946,-0.029457,0.55552,1.0064,-0.11326
8251,-0.17919,-0.086948,-0.018088,0.045574,0.37428,0.93132,-0.17887
8252,-0.18212,-0.071357,-0.021337,0.11671,0.18459,0.84363,-0.18991
8253,-0.16165,-0.044073,-0.01614,0.15438,0.026735,0.75171,-0.14509
8254,-0.12787,-0.0057458,-0.007045,0.14334,-0.078827,0.64744,-0.061613
8255,-0.093769,0.036479,0.0020496,0.090072,-0.13015,0.51849,0.020888
8256,-0.069733,0.069934,0.0052977,0.019914,-0.13534,0.35901,0.064413
8257,-0.061613,0.087149,0.00042559,-0.044073,-0.11261,0.16998,0.048172
8258,-0.064536,0.090072,-0.011267,-0.093119,-0.084349,-0.026209,-0.016464
8259,-0.064861,0.089098,-0.021661,-0.1321,-0.067459,-0.19381,-0.098316
8260,-0.052518,0.095594,-0.019388,-0.16295,-0.078178,-0.30782,-0.16068
8261,-0.02426,0.11443,-0.0031473,-0.1701,-0.11748,-0.34809,-0.18309
8262,0.017965,0.14237,0.024786,-0.13047,-0.16588,-0.30489,-0.1636
8263,0.066362,0.1729,0.06084,-0.021661,-0.18731,-0.18569,-0.11845
8264,0.11313,0.20278,0.093645,0.15828,-0.15678,-0.027508,-0.070707
8265,0.14789,0.22812,0.11313,0.37103,-0.089546,0.11151,-0.036927
8266,0.16543,0.23883,0.11573,0.5435,-0.030106,0.18102,-0.02361
8267,0.169,0.22941,0.11118,0.61626,-0.035303,0.14756,-0.034329
8268,0.16478,0.20408,0.10274,0.57274,-0.13275,0.0072465,-0.061613
8269,0.15698,0.17387,0.089098,0.44444,-0.27956,-0.19901,-0.087922
8270,0.15114,0.15081,0.075131,0.28853,-0.37733,-0.38772,-0.090521
8271,0.15471,0.14432,0.071883,0.15536,-0.32731,-0.47055,-0.052193
8272,0.17095,0.15601,0.084551,0.072858,-0.11131,-0.42052,0.02641
8273,0.20635,0.17777,0.11443,0.042651,0.19109,-0.28248,0.1297
8274,0.25605,0.19304,0.15179,0.049147,0.45678,-0.13112,0.23559
8275,0.30347,0.19336,0.17907,0.070584,0.59807,-0.030756,0.32653
8276,0.33368,0.17257,0.18102,0.083251,0.5893,-0.0096434,0.38857
8277,0.33887,0.13457,0.16185,0.076106,0.46198,-0.061613,0.41553
8278,0.31679,0.090072,0.13197,0.05272,0.28236,-0.15353,0.41098
8279,0.27489,0.05142,0.095919,0.025436,0.1245,-0.24838,0.37623
8280,0.22617,0.024461,0.065062,0.0014,0.03583,-0.31171,0.32361
8281,0.18589,0.0059473,0.049796,-0.011267,0.031932,-0.31724,0.27034
8282,0.15471,-0.0073698,0.053694,-0.007045,0.10404,-0.25357,0.23721
8283,0.13002,-0.017439,0.071558,0.015042,0.22812,-0.13112,0.23266
8284,0.10761,-0.026858,0.095919,0.044275,0.36096,0.02706,0.25605
8285,0.082277,-0.039851,0.11671,0.067661,0.45775,0.19434,0.29275
8286,0.050771,-0.059664,0.1271,0.074806,0.49348,0.35219,0.32036
8287,0.016991,-0.084024,0.12645,0.065712,0.46555,0.48244,0.31354
8288,-0.01549,-0.10709,0.11378,0.048172,0.38695,0.56494,0.25962
8289,-0.045372,-0.12722,0.093645,0.033231,0.27391,0.58833,0.16283
8290,-0.072981,-0.14216,0.071883,0.023162,0.15536,0.55812,0.040702
8291,-0.10026,-0.14834,0.053044,0.019589,0.061165,0.49641,-0.0824
8292,-0.12657,-0.14736,0.041027,0.023487,0.013093,0.43015,-0.18471
8293,-0.14769,-0.13924,0.037129,0.031282,0.0065969,0.36908,-0.25877
8294,-0.15678,-0.1217,0.039078,0.049147,0.015042,0.29925,-0.30879
8295,-0.15191,-0.09182,0.044275,0.070909,0.008221,0.21252,-0.33348
8296,-0.13437,-0.056091,0.042651,0.079354,-0.032055,0.11411,-0.3325
8297,-0.11423,-0.028157,0.02706,0.051096,-0.11553,0.023162,-0.30067
8298,-0.097991,-0.020037,-0.0021729,-0.024909,-0.23571,-0.039201,-0.24708
8299,-0.087922,-0.032055,-0.036278,-0.12625,-0.36109,-0.070382,-0.18212
8300,-0.0824,-0.054792,-0.069083,-0.21622,-0.44294,-0.070058,-0.12073
8301,-0.074605,-0.075579,-0.092794,-0.26981,-0.43482,-0.037577,-0.072006
8302,-0.061613,-0.087272,-0.10481,-0.28086,-0.32763,0.027385,-0.034329
8303,-0.046996,-0.093444,-0.10546,-0.25812,-0.16588,0.12678,-0.0028225
8304,-0.036927,-0.095717,-0.096367,-0.21427,-0.032055,0.2554,0.025761
8305,-0.034654,-0.095717,-0.08305,-0.16393,0.0023744,0.39409,0.054019
8306,-0.040175,-0.096042,-0.072981,-0.11845,-0.080776,0.5094,0.079679
8307,-0.04927,-0.097991,-0.071357,-0.084674,-0.24026,0.56169,0.093645
8308,-0.055441,-0.10026,-0.078503,-0.065186,-0.39779,0.52986,0.089748
8309,-0.057715,-0.096692,-0.09117,-0.064861,-0.48938,0.42495,0.068635
8310,-0.056416,-0.086298,-0.10449,-0.084999,-0.50108,0.27489,0.034206
8311,-0.054142,-0.069733,-0.11066,-0.11391,-0.47607,0.10956,-0.011592
8312,-0.055766,-0.047321,-0.10709,-0.13177,-0.47444,-0.053168,-0.064536
8313,-0.061613,-0.021986,-0.093444,-0.1308,-0.52966,-0.20355,-0.11975
8314,-0.063237,0.0023744,-0.075255,-0.11098,-0.61249,-0.33575,-0.16425
8315,-0.055766,0.028034,-0.056416,-0.078178,-0.62483,-0.43417,-0.18309
8316,-0.035953,0.054993,-0.039201,-0.038227,-0.46437,-0.47119,-0.16068
8317,-0.0021729,0.076755,-0.021986,0.0062721,-0.10709,-0.42865,-0.096367
8318,0.040702,0.091372,-0.0073698,0.045249,0.35739,-0.31756,-0.0034721
8319,0.080328,0.10274,0.0017248,0.071883,0.77347,-0.17205,0.090072
8320,0.10566,0.11248,0.0026992,0.077405,1.0034,-0.019712,0.16121
8321,0.11021,0.12515,-0.0054209,0.063438,0.98492,0.12288,0.2044
8322,0.097218,0.13814,-0.018088,0.036804,0.76372,0.24371,0.22714
8323,0.073832,0.14399,-0.031081,0.016016,0.46815,0.3405,0.24143
8324,0.050446,0.13555,-0.039526,0.015692,0.24371,0.4191,0.25248
8325,0.036479,0.11671,-0.039526,0.035505,0.16933,0.47887,0.25962
8326,0.036479,0.096893,-0.031081,0.064737,0.24176,0.5094,0.25962
8327,0.046223,0.084876,-0.018088,0.0865,0.39279,0.50972,0.24825
8328,0.059541,0.081627,-0.0021729,0.088773,0.5422,0.48017,0.22649
8329,0.071883,0.083901,0.01017,0.070584,0.63218,0.4256,0.19596
8330,0.07773,0.087474,0.013418,0.041676,0.63477,0.35576,0.15958
8331,0.07708,0.088773,0.0052977,0.011794,0.5552,0.28138,0.1258
8332,0.066037,0.086175,-0.0089938,-0.010943,0.4282,0.2148,0.09462
8333,0.046873,0.082277,-0.023935,-0.019063,0.29568,0.17582,0.06896
8334,0.028034,0.080328,-0.033354,-0.012242,0.18622,0.18037,0.058241
8335,0.015042,0.084876,-0.035628,0.0017248,0.11508,0.23136,0.065712
8336,0.011144,0.097543,-0.027833,0.016341,0.080328,0.31029,0.086824
8337,0.013093,0.11931,-0.0083442,0.030957,0.059541,0.38987,0.10989
8338,0.013743,0.14399,0.019914,0.043625,0.028359,0.44411,0.1219
8339,0.011144,0.16413,0.048822,0.055318,-0.031406,0.45873,0.11898
8340,0.0062721,0.17745,0.07708,0.071558,-0.13177,0.4243,0.10469
8341,0.0052977,0.17972,0.10664,0.094295,-0.26722,0.3379,0.082277
8342,0.011794,0.16153,0.1336,0.12483,-0.41923,0.20116,0.058566
8343,0.030308,0.12255,0.15081,0.16121,-0.57578,0.028684,0.045574
8344,0.06019,0.071234,0.15438,0.19174,-0.74273,-0.14022,0.05207
8345,0.092021,0.016666,0.14464,0.20505,-0.93242,-0.25033,0.083576
8346,0.11054,-0.034004,0.1258,0.19823,-1.128,-0.26981,0.13522
8347,0.10859,-0.074605,0.10112,0.1742,-1.2871,-0.20875,0.19271
8348,0.090722,-0.092794,0.082277,0.13977,-1.3524,-0.10838,0.23331
8349,0.06961,-0.0824,0.078055,0.11151,-1.2972,-0.027183,0.24436
8350,0.051745,-0.047321,0.093645,0.10242,-1.1539,-0.017764,0.22422
8351,0.045249,-0.0034721,0.12385,0.1258,-0.98666,-0.095717,0.1768
8352,0.046548,0.031282,0.15731,0.16998,-0.85414,-0.24221,0.10989
8353,0.048172,0.044275,0.18134,0.19726,-0.78756,-0.41533,0.036479
8354,0.040052,0.036154,0.18719,0.16803,-0.77554,-0.56182,-0.026858
8355,0.024786,0.022837,0.17322,0.075781,-0.75313,-0.6284,-0.069408
8356,0.0095202,0.020239,0.14756,-0.042774,-0.63782,-0.58488,-0.094418
8357,-0.0034721,0.029983,0.11736,-0.13989,-0.38869,-0.43839,-0.11748
8358,-0.01549,0.042326,0.092996,-0.18407,-0.050569,-0.23149,-0.15418
8359,-0.027183,0.048497,0.072208,-0.1753,0.27326,-0.029457,-0.20843
8360,-0.040825,0.042001,0.054993,-0.12657,0.49413,0.12288,-0.26722
8361,-0.054142,0.029983,0.040052,-0.051868,0.57826,0.21252,-0.31236
8362,-0.059989,0.022837,0.025761,0.032582,0.54123,0.23299,-0.32763
8363,-0.055766,0.026085,0.015367,0.10826,0.42722,0.17907,-0.30587
8364,-0.044398,0.034855,0.009845,0.15991,0.28171,0.053694,-0.25812
8365,-0.032705,0.0433,0.0091954,0.18037,0.13912,-0.1282,-0.20388
8366,-0.024585,0.045899,0.011144,0.1729,0.01829,-0.34549,-0.16718
8367,-0.013216,0.041676,0.015692,0.15244,-0.060313,-0.56376,-0.16068
8368,0.0065969,0.037454,0.025436,0.13944,-0.074605,-0.74533,-0.1753
8369,0.038103,0.037454,0.040702,0.13847,-0.0096434,-0.86843,-0.19381
8370,0.078055,0.041676,0.058891,0.14464,0.12743,-0.92268,-0.20193
8371,0.11573,0.048497,0.075456,0.15438,0.30672,-0.90579,-0.18894
8372,0.14172,0.054668,0.084551,0.16543,0.48309,-0.82621,-0.15646
8373,0.15114,0.059216,0.082602,0.17095,0.61756,-0.70278,-0.10611
8374,0.14659,0.059216,0.067986,0.16608,0.69389,-0.57318,-0.052843
8375,0.1336,0.054668,0.045574,0.15081,0.73287,-0.47899,-0.0093186
8376,0.11346,0.046873,0.024461,0.13002,0.7686,-0.43839,0.012443
8377,0.090072,0.03583,0.010495,0.10826,0.81991,-0.43254,0.01894
8378,0.06831,0.029658,0.0078962,0.086175,0.87188,-0.42767,0.020239
8379,0.050446,0.032906,0.012768,0.062789,0.87546,-0.40266,0.020564
8380,0.040377,0.046223,0.019914,0.036804,0.80367,-0.34257,0.021863
8381,0.041351,0.065712,0.022837,0.0088706,0.68187,-0.2435,0.026085
8382,0.054019,0.083251,0.016666,-0.021337,0.55162,-0.12268,0.036804
8383,0.075131,0.092021,0.0036737,-0.04992,0.43404,-0.011592,0.05272
8384,0.094945,0.086824,-0.011917,-0.079152,0.32653,0.065062,0.065062
8385,0.10144,0.067011,-0.027183,-0.10579,0.22584,0.10631,0.063438
8386,0.083576,0.036804,-0.042124,-0.12105,0.12515,0.13457,0.048822
8387,0.042326,0.0049729,-0.054467,-0.12592,0.01764,0.18004,0.029009
8388,-0.0096434,-0.021661,-0.063561,-0.11651,-0.093444,0.25865,0.015692
8389,-0.055116,-0.039201,-0.06681,-0.096042,-0.18601,0.37136,0.012768
8390,-0.081426,-0.044398,-0.068434,-0.072331,-0.22239,0.5003,0.019589
8391,-0.0837,-0.034004,-0.069408,-0.056741,-0.1662,0.62341,0.028034
8392,-0.063886,-0.011267,-0.070058,-0.055116,-0.035953,0.72897,0.035505
8393,-0.034004,0.014068,-0.067459,-0.067134,0.10794,0.81212,0.037129
8394,-0.0067202,0.032582,-0.064861,-0.082076,0.20863,0.86571,0.036479
8395,0.011794,0.042975,-0.064861,-0.087272,0.25183,0.87286,0.040377
8396,0.017316,0.045249,-0.070707,-0.079152,0.25248,0.81504,0.044599
8397,0.011794,0.040052,-0.0837,-0.060313,0.22519,0.68122,0.047198
8398,-0.00022403,0.030308,-0.10481,-0.044723,0.17387,0.48114,0.042651
8399,-0.012242,0.018615,-0.12495,-0.035953,0.098517,0.23494,0.026085
8400,-0.021012,0.0075714,-0.13275,-0.027183,0.00075039,-0.021661,0.0020496
8401,-0.021986,0.0033489,-0.123,-0.011917,-0.096692,-0.23928,-0.021012
8402,-0.014191,0.013743,-0.097991,0.0065969,-0.15093,-0.37927,-0.033354
8403,0.00042559,0.041027,-0.065835,0.017965,-0.13307,-0.42962,-0.031081
8404,0.01894,0.078379,-0.031081,0.018615,-0.044723,-0.4189,-0.014191
8405,0.034855,0.11866,0.0010752,0.011144,0.076755,-0.39519,0.0088706
8406,0.044275,0.14691,0.022837,0.00042559,0.18199,-0.39974,0.031282
8407,0.046548,0.15438,0.030633,-0.012242,0.21935,-0.4543,0.049147
8408,0.042975,0.13684,0.021538,-0.023935,0.15698,-0.54395,0.06084
8409,0.040377,0.10177,0.0023744,-0.03303,-0.0015233,-0.63945,0.068635
8410,0.039078,0.061165,-0.019712,-0.035303,-0.22629,-0.71285,0.075456
8411,0.032906,0.024137,-0.037902,-0.028482,-0.47834,-0.7528,0.079679
8412,0.015692,-0.0057458,-0.043099,-0.013866,-0.7161,-0.74793,0.079029
8413,-0.0089938,-0.024909,-0.03238,0.0049729,-0.89994,-0.68492,0.072208
8414,-0.028482,-0.025234,-0.0054209,0.022837,-1.0058,-0.5498,0.063113
8415,-0.034654,-0.007045,0.027709,0.036154,-1.0321,-0.35459,0.052395
8416,-0.028482,0.023812,0.05272,0.042326,-0.99771,-0.12917,0.038753
8417,-0.018738,0.053694,0.061165,0.0433,-0.9256,0.093645,0.016341
8418,-0.011267,0.06831,0.056617,0.036804,-0.82523,0.27619,-0.017439
8419,-0.0089938,0.063438,0.047847,0.028034,-0.67387,0.39117,-0.055116
8420,-0.012242,0.039078,0.041676,0.025436,-0.43384,0.44086,-0.086948
8421,-0.016464,0.0095202,0.038753,0.033231,-0.084674,0.45905,-0.10384
8422,-0.018413,-0.012567,0.039727,0.042651,0.33335,0.49153,-0.10319
8423,-0.019063,-0.026209,0.042651,0.045574,0.72475,0.55455,-0.10026
8424,-0.026533,-0.04115,0.0433,0.036479,0.99369,0.62633,-0.11878
8425,-0.040175,-0.069083,0.038753,0.016341,1.095,0.67603,-0.17497
8426,-0.057715,-0.11033,0.029658,-0.0044465,1.0525,0.6848,-0.26299
8427,-0.068434,-0.15451,0.018615,-0.013866,0.92093,0.65134,-0.35426
8428,-0.067459,-0.18407,0.008221,-0.010618,0.74781,0.58216,-0.41565
8429,-0.056091,-0.18926,0.0033489,0.00010078,0.55715,0.48471,-0.4267
8430,-0.041799,-0.1675,0.0072465,0.013418,0.37168,0.37818,-0.38122
8431,-0.030431,-0.13015,0.019589,0.028034,0.22519,0.28431,-0.28768
8432,-0.025559,-0.09182,0.036479,0.042326,0.14919,0.21415,-0.16685
8433,-0.024585,-0.060638,0.05207,0.057917,0.15568,0.15406,-0.047646
8434,-0.019063,-0.035953,0.064413,0.076431,0.2161,0.096893,0.051745
8435,-0.00022403,-0.0093186,0.074157,0.099817,0.27326,0.069934,0.131
8436,0.03583,0.021863,0.084551,0.12288,0.27229,0.1232,0.19726
8437,0.0865,0.055968,0.09462,0.14074,0.17647,0.28138,0.258
8438,0.14334,0.087799,0.10404,0.14886,-0.010618,0.50615,0.31809
8439,0.19531,0.11313,0.11411,0.14984,-0.2461,0.71695,0.37395
8440,0.22779,0.13165,0.12548,0.14399,-0.4621,0.82674,0.41098
8441,0.23234,0.14399,0.13749,0.13165,-0.5969,0.78516,0.41391
8442,0.20733,0.14951,0.14821,0.11671,-0.63327,0.59612,0.37493
8443,0.15861,0.14399,0.15341,0.10242,-0.60079,0.32166,0.30607
8444,0.095269,0.12158,0.14984,0.087474,-0.54558,0.053044,0.23754
8445,0.033556,0.084226,0.14009,0.076106,-0.5014,-0.13794,0.19791
8446,-0.011592,0.046223,0.1284,0.074806,-0.47509,-0.23766,0.19693
8447,-0.035628,0.016341,0.11833,0.081952,-0.45333,-0.29093,0.22032
8448,-0.041475,-0.0076946,0.10436,0.09397,-0.40688,-0.35004,0.24533
8449,-0.043099,-0.035953,0.085525,0.10501,-0.31431,-0.43969,0.25183
8450,-0.051544,-0.072331,0.060515,0.10956,-0.19186,-0.55272,0.23559
8451,-0.066485,-0.11131,0.032906,0.10242,-0.081751,-0.67355,0.20311
8452,-0.079152,-0.14314,0.011469,0.083576,-0.028157,-0.78431,0.1703
8453,-0.075255,-0.15451,0.0062721,0.063438,-0.046671,-0.88045,0.14886
8454,-0.04927,-0.14152,0.014717,0.047847,-0.123,-0.96685,0.13782
8455,-0.011917,-0.10838,0.023812,0.033231,-0.21849,-1.0503,0.12288
8456,0.016666,-0.06551,0.026085,0.011794,-0.27469,-1.125,0.086175
8457,0.026735,-0.022311,0.017316,-0.02361,-0.24838,-1.164,0.026085
8458,0.01764,0.011144,0.0014,-0.069733,-0.13697,-1.1283,-0.044073
8459,-0.00087364,0.029333,-0.012892,-0.11456,0.01829,-0.99381,-0.10709
8460,-0.018413,0.03453,-0.019712,-0.14606,0.15244,-0.77781,-0.14866
8461,-0.02361,0.041676,-0.019063,-0.15613,0.2161,-0.52836,-0.15905
8462,-0.0057458,0.059541,-0.0099683,-0.13827,0.20538,-0.29742,-0.13534
8463,0.03518,0.085525,0.0023744,-0.095717,0.14529,-0.11001,-0.086948
8464,0.089748,0.11411,0.015042,-0.03303,0.080978,0.030308,-0.030756
8465,0.14302,0.13295,0.024137,0.041351,0.074806,0.15666,0.022512
8466,0.17939,0.13295,0.02641,0.11216,0.18687,0.32718,0.06961
8467,0.19076,0.11021,0.014392,0.15893,0.4295,0.58735,0.11476
8468,0.18232,0.075781,-0.0063954,0.17712,0.73449,0.92743,0.16803
8469,0.16705,0.048497,-0.026209,0.1729,0.99304,1.2779,0.23818
8470,0.15309,0.042975,-0.034654,0.15179,1.1171,1.5478,0.32361
8471,0.14172,0.060515,-0.034654,0.11801,1.0788,1.6579,0.40773
8472,0.13035,0.092346,-0.027833,0.075131,0.90112,1.5718,0.46393
8473,0.11378,0.12288,-0.024585,0.023812,0.63315,1.3136,0.47075
8474,0.093321,0.13392,-0.033679,-0.036927,0.32621,0.95016,0.423
8475,0.076755,0.11573,-0.055116,-0.10936,0.034855,0.56397,0.33823
8476,0.072533,0.075456,-0.078503,-0.19024,-0.18569,0.22682,0.24663
8477,0.074806,0.029983,-0.09182,-0.26916,-0.2984,-0.010293,0.17387
8478,0.073832,0.00042559,-0.090845,-0.32763,-0.29612,-0.1295,0.11703
8479,0.057267,-0.0057458,-0.078827,-0.3325,-0.20648,-0.14379,0.056942
8480,0.028034,0.0052977,-0.059664,-0.25585,-0.092145,-0.09994,-0.020362
8481,-0.013866,0.020239,-0.045697,-0.096042,-0.015165,-0.064536,-0.11748
8482,-0.062587,0.02706,-0.046022,0.10631,-0.0034721,-0.089871,-0.22467
8483,-0.10838,0.019914,-0.05804,0.29243,-0.043748,-0.19933,-0.33283
8484,-0.14249,0.0043233,-0.075255,0.40936,-0.11651,-0.38804,-0.43319
8485,-0.15938,-0.010618,-0.090196,0.43957,-0.20355,-0.61931,-0.50497
8486,-0.15841,-0.019063,-0.094743,0.39474,-0.28865,-0.82264,-0.53193
8487,-0.14184,-0.019712,-0.088572,0.30542,-0.34614,-0.93112,-0.5092
8488,-0.11813,-0.012242,-0.075255,0.20278,-0.33153,-0.91391,-0.44651
8489,-0.095717,0.0033489,-0.058689,0.11346,-0.19738,-0.79145,-0.35751
8490,-0.079152,0.02641,-0.0405,0.05272,0.063113,-0.61963,-0.2578
8491,-0.06551,0.054019,-0.022311,0.023812,0.38922,-0.46275,-0.15711
8492,-0.053817,0.085525,-0.0083442,0.019589,0.67343,-0.36206,-0.064861
8493,-0.043099,0.11281,0.00042559,0.024137,0.82479,-0.31789,0.0052977
8494,-0.032055,0.12905,0.0065969,0.025436,0.80595,-0.28313,0.051745
8495,-0.020362,0.12613,0.014068,0.020564,0.64322,-0.19219,0.081627
8496,-0.0063954,0.10371,0.023487,0.012443,0.40286,0.0049729,0.10469
8497,0.0072465,0.063438,0.031932,0.0059473,0.15893,0.31127,0.131
8498,0.020564,0.017316,0.037129,0.0043233,-0.035628,0.68317,0.16153
8499,0.033231,-0.021986,0.039727,0.0023744,-0.1623,1.0593,0.19791
8500,0.042001,-0.042449,0.042975,-0.0037969,-0.23214,1.3815,0.23656
8501,0.045249,-0.039201,0.049472,-0.0089938,-0.27176,1.6047,0.27196
8502,0.047198,-0.017764,0.056617,-0.0067202,-0.301,1.7037,0.30769
8503,0.048822,0.012119,0.062139,0.003024,-0.33218,1.6738,0.3431
8504,0.054993,0.036154,0.063763,0.019914,-0.35849,1.5189,0.36616
8505,0.063438,0.047523,0.067011,0.041676,-0.35979,1.2532,0.36291
8506,0.073507,0.046548,0.075456,0.063113,-0.31983,0.91313,0.33011
8507,0.081303,0.042001,0.090722,0.081303,-0.23311,0.56592,0.28366
8508,0.082927,0.041351,0.10599,0.093645,-0.11748,0.26417,0.23624
8509,0.075456,0.042326,0.11736,0.092021,-0.010618,0.030957,0.19011
8510,0.058241,0.041351,0.11963,0.073507,0.049796,-0.13827,0.13749
8511,0.032582,0.038103,0.11573,0.046548,0.047847,-0.25487,0.073832
8512,0.0062721,0.031282,0.10859,0.022512,0.0020496,-0.32178,0.0014
8513,-0.01614,0.024786,0.10112,0.011794,-0.04992,-0.34647,-0.071357
8514,-0.030106,0.019914,0.091372,0.01017,-0.083375,-0.35102,-0.1321
8515,-0.036602,0.016016,0.081303,0.016341,-0.097991,-0.36303,-0.17822
8516,-0.035628,0.0075714,0.072208,0.027385,-0.11131,-0.41305,-0.21395
8517,-0.03238,-0.0050961,0.066037,0.042326,-0.13924,-0.52316,-0.24383
8518,-0.027833,-0.010943,0.064088,0.053369,-0.19186,-0.68459,-0.26397
8519,-0.022636,-0.0054209,0.066686,0.057592,-0.26234,-0.84342,-0.26429
8520,-0.017114,0.0078962,0.074157,0.055643,-0.3299,-0.92722,-0.23701
8521,-0.011267,0.022188,0.086824,0.055968,-0.37343,-0.89344,-0.18829
8522,-0.0018481,0.03518,0.10047,0.059865,-0.3809,-0.7554,-0.12852
8523,0.013743,0.041676,0.11151,0.063763,-0.33802,-0.5537,-0.064861
8524,0.031282,0.042001,0.11378,0.055318,-0.23214,-0.32471,-0.010293
8525,0.044275,0.041027,0.10306,0.029658,-0.072981,-0.09994,0.022837
8526,0.046873,0.039727,0.082277,-0.012567,0.10339,0.080978,0.025111
8527,0.035505,0.038103,0.058241,-0.065835,0.24176,0.18329,0.0010752
8528,0.012443,0.037454,0.036804,-0.11358,0.29178,0.19921,-0.033354
8529,-0.012567,0.036479,0.018615,-0.14509,0.22779,0.14367,-0.060963
8530,-0.027183,0.032906,0.00042559,-0.15776,0.071558,0.044924,-0.069408
8531,-0.024585,0.024461,-0.017114,-0.14899,-0.1256,-0.069733,-0.063886
8532,-0.011267,0.013743,-0.030756,-0.12527,-0.31236,-0.18049,-0.055766
8533,0.0039985,0.0043233,-0.037252,-0.10124,-0.4608,-0.28216,-0.060638
8534,0.014068,-0.00087364,-0.039526,-0.089221,-0.56961,-0.38187,-0.090845
8535,0.012768,-0.00022403,-0.040175,-0.09182,-0.65016,-0.49198,-0.14769
8536,0.00010078,0.0023744,-0.039851,-0.10221,-0.71902,-0.60891,-0.21817
8537,-0.018738,0.0039985,-0.036927,-0.10838,-0.76255,-0.70798,-0.27956
8538,-0.036602,0.0075714,-0.034654,-0.10644,-0.72942,-0.74501,-0.31106
8539,-0.046022,0.016016,-0.034004,-0.09929,-0.55889,-0.68752,-0.2984
8540,-0.043423,0.029658,-0.035628,-0.089871,-0.23961,-0.53778,-0.25098
8541,-0.031081,0.047198,-0.039851,-0.079152,0.14399,-0.32893,-0.18374
8542,-0.011592,0.063113,-0.043423,-0.060638,0.47302,-0.10806,-0.10611
8543,0.013093,0.073507,-0.043748,-0.033679,0.65264,0.083251,-0.024909
8544,0.037129,0.077405,-0.038227,0.00075039,0.65978,0.21285,0.049147
8545,0.060515,0.075131,-0.024585,0.040052,0.53603,0.27067,0.10599
8546,0.083901,0.074806,0.00010078,0.076755,0.35057,0.27229,0.14367
8547,0.10729,0.083901,0.028684,0.099492,0.1755,0.25215,0.16835
8548,0.12223,0.10047,0.051096,0.10112,0.053694,0.24468,0.18687
8549,0.12515,0.11963,0.061165,0.084876,-0.0060706,0.25832,0.2044
8550,0.11931,0.1336,0.058241,0.062139,-0.011592,0.27586,0.21837
8551,0.10761,0.13425,0.045899,0.046223,0.035505,0.27391,0.22877
8552,0.094945,0.11866,0.027385,0.038753,0.12515,0.24695,0.22812
8553,0.081303,0.092996,0.0059473,0.037129,0.22487,0.19596,0.21577
8554,0.066686,0.065387,-0.0096434,0.039727,0.28756,0.12548,0.19596
8555,0.056292,0.042326,-0.017439,0.039727,0.2895,0.039402,0.17192
8556,0.05272,0.027385,-0.019712,0.038428,0.24988,-0.051219,0.14756
8557,0.057917,0.021538,-0.019388,0.037454,0.22324,-0.12917,0.13262
8558,0.071234,0.020888,-0.014191,0.045574,0.26319,-0.17075,0.1362
8559,0.090072,0.026085,-0.0018481,0.070259,0.37623,-0.15678,0.16088
8560,0.10696,0.032257,0.016016,0.11054,0.51687,-0.087272,0.20018
8561,0.11411,0.037778,0.031607,0.15503,0.62471,0.020888,0.23721
8562,0.11151,0.042326,0.042326,0.19434,0.65329,0.15341,0.25702
8563,0.10306,0.045249,0.046548,0.21512,0.60002,0.29665,0.25637
8564,0.097543,0.047847,0.0433,0.21317,0.50225,0.44281,0.23818
8565,0.096893,0.050121,0.032257,0.18654,0.41131,0.59028,0.2109
8566,0.10112,0.049796,0.016341,0.14334,0.36843,0.74001,0.18264
8567,0.10112,0.045574,0.00075039,0.09397,0.3759,0.88553,0.15828
8568,0.091047,0.0433,-0.011592,0.050446,0.40449,0.99986,0.13944
8569,0.066362,0.041027,-0.016789,0.020564,0.41585,1.045,0.11801
8570,0.033556,0.038428,-0.016789,0.0023744,0.38857,1.0047,0.092996
8571,-0.0015233,0.034206,-0.013866,-0.0021729,0.31841,0.89332,0.061814
8572,-0.033679,0.026735,-0.012567,-0.0021729,0.21967,0.73709,0.022188
8573,-0.055116,0.016991,-0.01484,-0.0057458,0.11021,0.57014,-0.023285
8574,-0.060313,0.0091954,-0.021012,-0.011267,-0.0054209,0.41813,-0.069083
8575,-0.046347,0.0085458,-0.029132,-0.012567,-0.13567,0.28658,-0.10514
8576,-0.018413,0.016666,-0.030106,-0.0050961,-0.29645,0.16445,-0.12365
8577,0.01764,0.030308,-0.018088,0.010819,-0.48614,0.036804,-0.12203
8578,0.05272,0.047523,0.0069217,0.030308,-0.67777,-0.10709,-0.10124
8579,0.080003,0.071234,0.038753,0.042975,-0.83855,-0.26397,-0.06551
8580,0.096244,0.097218,0.06961,0.047523,-0.94866,-0.41988,-0.032055
8581,0.10047,0.11476,0.091696,0.044275,-1.0045,-0.55889,-0.019388
8582,0.090072,0.12093,0.10079,0.03583,-1.0208,-0.66251,-0.032705
8583,0.064737,0.11054,0.095269,0.030308,-1.0175,-0.72195,-0.069408
8584,0.029333,0.082602,0.080978,0.028359,-1.0094,-0.74176,-0.11651
8585,-0.0083442,0.03583,0.062464,0.029333,-0.99836,-0.73559,-0.15905
8586,-0.043748,-0.021661,0.04395,0.034206,-0.961,-0.71513,-0.18666
8587,-0.073631,-0.079477,0.030633,0.04395,-0.8418,-0.67745,-0.19219
8588,-0.096692,-0.1282,0.02641,0.059216,-0.58942,-0.60404,-0.17335
8589,-0.11261,-0.16588,0.024461,0.072858,-0.20648,-0.47932,-0.13762
8590,-0.12463,-0.19024,0.021213,0.074482,0.23624,-0.32211,-0.10059
8591,-0.13145,-0.19901,0.013743,0.056617,0.61918,-0.18699,-0.076554
8592,-0.13177,-0.19121,0.003024,0.021863,0.83486,-0.1256,-0.073955
8593,-0.12268,-0.17432,-0.010293,-0.020037,0.8446,-0.15321,-0.090196
8594,-0.10189,-0.15126,-0.023285,-0.058689,0.6809,-0.24838,-0.11228
8595,-0.072981,-0.1217,-0.032705,-0.0837,0.42332,-0.36401,-0.12657
8596,-0.042124,-0.0837,-0.03173,-0.089871,0.16933,-0.46015,-0.12138
8597,-0.013866,-0.041475,-0.022961,-0.078503,-0.013541,-0.51277,-0.094418
8598,0.010495,0.0039985,-0.011267,-0.05804,-0.094093,-0.51082,-0.051219
8599,0.029658,0.042975,-0.0011985,-0.034978,-0.067784,-0.44586,0.00075039
8600,0.042326,0.064413,0.0056225,-0.013866,0.058566,-0.31236,0.056292
8601,0.050121,0.067661,0.0078962,0.0059473,0.25572,-0.11521,0.10696
8602,0.05142,0.059541,0.011469,0.025436,0.45548,0.12678,0.14464
8603,0.04395,0.049147,0.026735,0.046223,0.56267,0.3759,0.17095
8604,0.032582,0.043625,0.053694,0.070259,0.51492,0.59937,0.19206
8605,0.019589,0.036804,0.084226,0.089098,0.32036,0.7647,0.20993
8606,0.0056225,0.021213,0.10339,0.090397,0.042651,0.83843,0.21545
8607,-0.013541,-0.0050961,0.10404,0.064088,-0.23701,0.80238,0.20505
8608,-0.037252,-0.037577,0.088773,0.012443,-0.44976,0.66336,0.17095
8609,-0.064211,-0.072006,0.062139,-0.052518,-0.55467,0.47075,0.11508
8610,-0.085973,-0.09994,0.03453,-0.11488,-0.52446,0.29827,0.044924
8611,-0.099615,-0.11293,0.015367,-0.15678,-0.35394,0.20376,-0.029457
8612,-0.09994,-0.10741,0.0078962,-0.16945,-0.070382,0.20635,-0.10871
8613,-0.091495,-0.086623,0.008221,-0.15029,0.26482,0.28496,-0.19446
8614,-0.075255,-0.056416,0.012119,-0.10351,0.57501,0.38078,-0.27631
8615,-0.050569,-0.023285,0.01829,-0.036278,0.79815,0.43242,-0.33445
8616,-0.018088,0.0085458,0.026735,0.038753,0.91281,0.40643,-0.34095
8617,0.01829,0.037778,0.039727,0.11476,0.931,0.30607,-0.28151
8618,0.055318,0.067011,0.055318,0.17842,0.88098,0.14334,-0.16588
8619,0.093321,0.099817,0.071234,0.22454,0.78191,-0.067134,-0.027183
8620,0.131,0.14107,0.081952,0.25053,0.64842,-0.31139,0.097543
8621,0.16705,0.19174,0.088124,0.26092,0.49998,-0.56279,0.18232
8622,0.19401,0.24533,0.086175,0.2619,0.36681,-0.77586,0.2187
8623,0.20343,0.28268,0.072858,0.26904,0.27684,-0.91391,0.20798
8624,0.18881,0.28236,0.05142,0.28236,0.25702,-0.95223,0.16673
8625,0.15146,0.23559,0.024786,0.28398,0.32296,-0.88662,0.11054
8626,0.10306,0.14984,-0.008669,0.25702,0.45581,-0.74273,0.050121
8627,0.050771,0.0433,-0.046347,0.19693,0.59807,-0.56506,-0.0063954
8628,0.0014,-0.060638,-0.0824,0.11768,0.67862,-0.39487,-0.052843
8629,-0.036602,-0.13697,-0.10156,0.046873,0.65199,-0.25,-0.082076
8630,-0.057715,-0.16945,-0.090196,0.01894,0.52012,-0.13502,-0.084024
8631,-0.056091,-0.15581,-0.043423,0.054019,0.31159,-0.050894,-0.054467
8632,-0.033354,-0.10579,0.029009,0.14919,0.070909,-0.0083442,-0.007045
8633,0.00042559,-0.037902,0.10599,0.29178,-0.14639,-0.012242,0.040377
8634,0.035505,0.026735,0.1677,0.45028,-0.301,-0.051868,0.070259
8635,0.062464,0.070584,0.19953,0.56494,-0.40721,-0.10774,0.072533
8636,0.073182,0.081952,0.18719,0.55325,-0.52446,-0.15808,0.055643
8637,0.06831,0.061814,0.13002,0.36421,-0.71285,-0.18601,0.038103
8638,0.054668,0.023162,0.044275,0.031932,-0.97724,-0.18244,0.04395
8639,0.048822,-0.011917,-0.041799,-0.32471,-1.2595,-0.15646,0.079029
8640,0.058241,-0.025234,-0.10221,-0.57189,-1.4774,-0.13502,0.12937
8641,0.079354,-0.0063954,-0.12235,-0.64074,-1.5703,-0.13697,0.1742
8642,0.096569,0.036804,-0.10838,-0.54915,-1.5242,-0.16165,0.19531
8643,0.098193,0.093321,-0.072006,-0.37083,-1.3683,-0.17952,0.18589
8644,0.080653,0.14432,-0.035628,-0.19966,-1.1556,-0.14996,0.14984
8645,0.046873,0.17127,-0.014191,-0.09182,-0.93827,-0.053492,0.10339
8646,0.013418,0.16185,-0.016464,-0.05804,-0.75767,0.095269,0.06084
8647,-0.0050961,0.11931,-0.038876,-0.072656,-0.63003,0.2567,0.03453
8648,-0.00054884,0.059865,-0.067134,-0.09929,-0.52674,0.38954,0.032906
8649,0.025436,0.0062721,-0.088572,-0.10611,-0.3848,0.47367,0.055318
8650,0.066037,-0.021012,-0.092794,-0.079477,-0.16523,0.512,0.098193
8651,0.10696,-0.011917,-0.076554,-0.028157,0.11703,0.52499,0.15114
8652,0.13717,0.029983,-0.046671,0.030308,0.4165,0.53668,0.19921
8653,0.15341,0.090722,-0.016789,0.075781,0.68707,0.57371,0.23299
8654,0.16478,0.15698,0.0056225,0.10014,0.89397,0.63607,0.24663
8655,0.17972,0.2174,0.020888,0.099492,1.0164,0.69811,0.23981
8656,0.19953,0.26612,0.028359,0.080003,1.0379,0.72085,0.2135
8657,0.21317,0.29957,0.029658,0.045899,0.94886,0.67245,0.17095
8658,0.21025,0.30769,0.027385,0.008221,0.75853,0.53668,0.11736
8659,0.18881,0.28885,0.025761,-0.022961,0.51362,0.32361,0.067336
8660,0.15796,0.2489,0.025761,-0.043423,0.28268,0.06961,0.038753
8661,0.13295,0.20376,0.023812,-0.051544,0.1206,-0.1714,0.039078
8662,0.12223,0.1664,0.017965,-0.043423,0.041027,-0.33445,0.060515
8663,0.13002,0.14464,0.010495,-0.023285,0.015692,-0.37148,0.097543
8664,0.14821,0.14139,0.0059473,-0.0041217,-0.0073698,-0.26851,0.13847
8665,0.1651,0.14984,0.0046481,0.0039985,-0.062262,-0.052193,0.169
8666,0.169,0.15438,0.0065969,-0.0018481,-0.14152,0.22389,0.17842
8667,0.15633,0.14691,0.016016,-0.012567,-0.19056,0.50453,0.15698
8668,0.13067,0.13002,0.033881,-0.015165,-0.15743,0.74423,0.11086
8669,0.093645,0.10566,0.055318,-0.0011985,-0.021986,0.91768,0.055968
8670,0.049796,0.072858,0.071883,0.029333,0.18329,1.0112,0.0065969
8671,0.0052977,0.020564,0.073507,0.067011,0.38954,1.0255,-0.033679
8672,-0.040175,-0.047646,0.057917,0.094945,0.52726,0.97452,-0.063237
8673,-0.084349,-0.123,0.028684,0.098842,0.56624,0.87221,-0.086948
8674,-0.12398,-0.18764,-0.0031473,0.073182,0.51135,0.73546,-0.11066
8675,-0.15841,-0.22791,-0.02426,0.027709,0.39831,0.57469,-0.13242
8676,-0.18894,-0.23798,-0.030106,-0.021661,0.26384,0.39637,-0.15386
8677,-0.2172,-0.22337,-0.02361,-0.065186,0.13555,0.20116,-0.18082
8678,-0.23961,-0.19706,-0.017764,-0.094743,0.035505,-0.010293,-0.21817
8679,-0.25682,-0.17659,-0.018413,-0.11163,-0.0073698,-0.24448,-0.27793
8680,-0.26884,-0.16653,-0.021012,-0.11618,0.028359,-0.5027,-0.36498
8681,-0.27144,-0.1597,-0.013866,-0.10189,0.14107,-0.75735,-0.46632
8682,-0.26072,-0.14769,0.010819,-0.059339,0.30639,-0.96263,-0.54623
8683,-0.23214,-0.1269,0.046548,0.0026992,0.48147,-1.088,-0.57124
8684,-0.18796,-0.097991,0.087474,0.061814,0.61366,-1.1221,-0.53031
8685,-0.13502,-0.068109,0.12125,0.098842,0.65881,-1.0737,-0.43514
8686,-0.083375,-0.043748,0.14237,0.11021,0.59612,-0.96035,-0.30554
8687,-0.0405,-0.030756,0.15016,0.10306,0.4308,-0.80477,-0.16782
8688,-0.014516,-0.025559,0.14626,0.089098,0.19239,-0.62093,-0.045047
8689,-0.0080194,-0.021012,0.13879,0.080978,-0.067134,-0.43449,0.045899
8690,-0.01549,-0.016464,0.1297,0.084876,-0.2906,-0.26494,0.10177
8691,-0.027508,-0.013216,0.12125,0.10339,-0.43936,-0.123,0.1258
8692,-0.034654,-0.011592,0.11671,0.13912,-0.49523,-0.015165,0.13067
8693,-0.03173,-0.012242,0.11248,0.18362,-0.47152,0.044275,0.12548
8694,-0.02361,-0.012892,0.10339,0.21577,-0.41305,0.040702,0.11508
8695,-0.017114,-0.011592,0.07708,0.2122,-0.3744,-0.029457,0.10112
8696,-0.015165,-0.010943,0.035505,0.16185,-0.38252,-0.14736,0.091696
8697,-0.015165,-0.01614,-0.0073698,0.078379,-0.42377,-0.26299,0.099817
8698,-0.010293,-0.025559,-0.03303,-0.011592,-0.44716,-0.32048,0.1323
8699,-0.0024977,-0.030431,-0.037577,-0.080127,-0.40363,-0.28313,0.18751
8700,0.0069217,-0.028157,-0.023935,-0.11293,-0.26981,-0.16068,0.2528
8701,0.01829,-0.020037,-0.0028225,-0.11423,-0.070058,-0.0044465,0.30899
8702,0.030633,-0.007045,0.01829,-0.10221,0.13684,0.13425,0.33628
8703,0.042651,0.014392,0.03518,-0.089546,0.28853,0.23201,0.32881
8704,0.05207,0.043625,0.050446,-0.081426,0.35901,0.31062,0.29438
8705,0.057592,0.078055,0.06831,-0.073631,0.36194,0.40936,0.2541
8706,0.066037,0.10599,0.085525,-0.056416,0.32004,0.55032,0.22844
8707,0.081627,0.11801,0.094295,-0.022961,0.25183,0.7189,0.22649
8708,0.10177,0.11183,0.091047,0.028034,0.16153,0.88098,0.24436
8709,0.11703,0.091696,0.075456,0.089748,0.05207,1.008,0.26417
8710,0.11963,0.063113,0.049147,0.15276,-0.067784,1.0768,0.2619
8711,0.10339,0.028034,0.017965,0.20765,-0.17465,1.0707,0.22747
8712,0.06896,-0.0060706,-0.014191,0.24501,-0.24123,0.98427,0.16608
8713,0.025761,-0.026858,-0.0405,0.2541,-0.2552,0.82251,0.097543
8714,-0.0089938,-0.026533,-0.060638,0.23494,-0.22791,0.60749,0.042001
8715,-0.025559,-0.0050961,-0.073306,0.19466,-0.19219,0.36778,0.0095202
8716,-0.020362,0.028684,-0.076879,0.14821,-0.18861,0.14042,0.0017248
8717,-0.00022403,0.067661,-0.072656,0.10859,-0.22921,-0.036602,0.013418
8718,0.02706,0.10339,-0.063237,0.07708,-0.27599,-0.13437,0.037778
8719,0.051096,0.1284,-0.052193,0.054344,-0.26981,-0.14411,0.069285
8720,0.065387,0.14334,-0.043099,0.039078,-0.1727,-0.084999,0.10631
8721,0.070259,0.14789,-0.036278,0.033556,-0.0031473,0.003024,0.14399
8722,0.064413,0.1362,-0.03238,0.031607,0.16868,0.072858,0.17387
8723,0.049796,0.10306,-0.031406,0.026735,0.26417,0.087149,0.18362
8724,0.026085,0.053044,-0.031081,0.01829,0.2502,0.029983,0.1638
8725,-0.0011985,-0.00087364,-0.032705,0.01017,0.14919,-0.089221,0.11443
8726,-0.030431,-0.046996,-0.038227,0.0072465,0.0017248,-0.25162,0.040702
8727,-0.059664,-0.081101,-0.044073,0.0043233,-0.15158,-0.43547,-0.045372
8728,-0.085324,-0.10806,-0.049595,-0.0034721,-0.28346,-0.61314,-0.12463
8729,-0.10319,-0.12365,-0.057715,-0.01614,-0.38804,-0.76027,-0.17822
8730,-0.11066,-0.1256,-0.06681,-0.028157,-0.46502,-0.85349,-0.20453
8731,-0.10449,-0.11098,-0.072656,-0.037577,-0.50562,-0.88305,-0.20875
8732,-0.0824,-0.076879,-0.068434,-0.04115,-0.5105,-0.85674,-0.19673
8733,-0.046022,-0.030106,-0.056416,-0.036278,-0.50173,-0.80445,-0.17854
8734,-0.0054209,0.015692,-0.041799,-0.023935,-0.5079,-0.76352,-0.17205
8735,0.029658,0.052395,-0.026858,-0.0060706,-0.54038,-0.75443,-0.18926
8736,0.050446,0.071883,-0.011592,0.015367,-0.57578,-0.77294,-0.22824
8737,0.053694,0.076106,0.0014,0.034855,-0.56994,-0.78496,-0.26722
8738,0.046548,0.06896,0.011469,0.048172,-0.47379,-0.74631,-0.27306
8739,0.036154,0.055643,0.016341,0.05207,-0.27241,-0.62873,-0.22791
8740,0.033556,0.040702,0.016016,0.053044,0.0033489,-0.44521,-0.14152
8741,0.041351,0.031607,0.01764,0.058891,0.27002,-0.23896,-0.040175
8742,0.057267,0.028359,0.02706,0.073182,0.43664,-0.061937,0.049796
8743,0.078055,0.026085,0.042975,0.096244,0.47042,0.054668,0.11898
8744,0.09397,0.014392,0.062789,0.11768,0.41001,0.11573,0.16478
8745,0.095594,-0.0060706,0.082277,0.12775,0.32783,0.15796,0.19141
8746,0.088448,-0.024909,0.093645,0.12385,0.29633,0.2109,0.19563
8747,0.079679,-0.031406,0.092671,0.10631,0.35057,0.27976,0.18232
8748,0.069934,-0.021986,0.080978,0.083251,0.4623,0.35122,0.15926
8749,0.055318,0.00042559,0.065712,0.061814,0.56592,0.40059,0.13814
8750,0.033881,0.026085,0.054019,0.045249,0.61366,0.40676,0.12158
8751,0.0065969,0.049472,0.051096,0.025111,0.61009,0.36681,0.10047
8752,-0.01614,0.067011,0.053369,-0.0099683,0.61464,0.29762,0.069285
8753,-0.028157,0.078055,0.057917,-0.05804,0.68122,0.22552,0.029333
8754,-0.025884,0.081627,0.06084,-0.10384,0.79003,0.17192,-0.010293
8755,-0.012892,0.073182,0.062789,-0.12625,0.86734,0.14529,-0.039201
8756,0.0039985,0.049796,0.064088,-0.11845,0.86246,0.14042,-0.052518
8757,0.015042,0.016666,0.063113,-0.087272,0.76762,0.15081,-0.055766
8758,0.012443,-0.018738,0.056617,-0.048296,0.60587,0.16543,-0.064536
8759,-0.0057458,-0.047971,0.046873,-0.016789,0.40806,0.16998,-0.088896
8760,-0.031406,-0.063561,0.036154,-0.0028225,0.20863,0.14821,-0.12885
8761,-0.054142,-0.061937,0.026085,-0.0076946,0.035505,0.092996,-0.17692
8762,-0.06616,-0.047321,0.017316,-0.023285,-0.10156,0.012443,-0.21849
8763,-0.065186,-0.02361,0.012119,-0.043099,-0.20745,-0.074605,-0.23993
8764,-0.053817,0.0075714,0.0091954,-0.063237,-0.29288,-0.15841,-0.23149
8765,-0.037577,0.037454,0.0069217,-0.077203,-0.36141,-0.23116,-0.20031
8766,-0.021661,0.056617,0.003024,-0.078178,-0.40916,-0.28248,-0.15776
8767,-0.0050961,0.065062,-0.0034721,-0.064861,-0.42962,-0.29807,-0.10806
8768,0.014392,0.066362,-0.0083442,-0.042124,-0.4241,-0.27176,-0.052193
8769,0.037129,0.061489,-0.011592,-0.016789,-0.41046,-0.2159,0.01017
8770,0.059865,0.054993,-0.010943,0.0095202,-0.40948,-0.16035,0.071883
8771,0.083251,0.059216,-0.0044465,0.03518,-0.4228,-0.12722,0.1232
8772,0.10599,0.076431,0.011469,0.055318,-0.44456,-0.12073,0.15828
8773,0.12515,0.10047,0.031932,0.067986,-0.47314,-0.1321,0.16673
8774,0.13717,0.12678,0.05142,0.07708,-0.50368,-0.14866,0.14594
8775,0.14139,0.15211,0.067661,0.0852,-0.53421,-0.16458,0.10274
8776,0.13749,0.17517,0.079679,0.095919,-0.56604,-0.17562,0.05142
8777,0.13165,0.19239,0.088773,0.10501,-0.58455,-0.18309,0.0075714
8778,0.1258,0.20051,0.090722,0.11021,-0.55857,-0.18504,-0.02426
8779,0.11801,0.19369,0.083251,0.11151,-0.45625,-0.1623,-0.0405
8780,0.10339,0.17582,0.067011,0.10599,-0.28053,-0.10124,-0.047646
8781,0.081952,0.15406,0.046223,0.0865,-0.0824,-0.007045,-0.044073
8782,0.054668,0.13035,0.023162,0.05272,0.069285,0.10047,-0.027508
8783,0.029658,0.10566,0.0010752,0.016016,0.13067,0.19758,0.0069217
8784,0.017965,0.082602,-0.013541,-0.012567,0.10047,0.26125,0.055968
8785,0.025761,0.063763,-0.014516,-0.025234,0.01017,0.27586,0.11313
8786,0.051096,0.05207,-0.0034721,-0.015815,-0.10156,0.23429,0.1625
8787,0.088124,0.051745,0.015692,0.015367,-0.20453,0.14691,0.19791
8788,0.12807,0.059216,0.03583,0.057592,-0.27664,0.044599,0.22357
8789,0.1625,0.072208,0.046873,0.092021,-0.28411,-0.026533,0.2463
8790,0.17907,0.080978,0.043625,0.10177,-0.19251,-0.019063,0.2606
8791,0.17062,0.077405,0.023487,0.081627,0.023812,0.096893,0.25832
8792,0.13555,0.053369,-0.008669,0.03518,0.33335,0.30997,0.22747
8793,0.083901,0.013418,-0.048945,-0.03173,0.64192,0.57404,0.17127
8794,0.030308,-0.027508,-0.084999,-0.10611,0.8381,0.81732,0.089423
8795,-0.014191,-0.052843,-0.10806,-0.17367,0.87123,0.96673,-0.021337
8796,-0.045697,-0.053817,-0.11293,-0.21849,0.77282,0.98199,-0.15516
8797,-0.067134,-0.034654,-0.10416,-0.23603,0.61918,0.86149,-0.28573
8798,-0.081751,-0.0047713,-0.089221,-0.22564,0.47692,0.64225,-0.37862
8799,-0.089221,0.020564,-0.07493,-0.19413,0.37818,0.38597,-0.41695
8800,-0.088247,0.036804,-0.065186,-0.14671,0.30834,0.15666,-0.40071
8801,-0.07493,0.042651,-0.058689,-0.089546,0.22682,-0.020362,-0.33575
8802,-0.046022,0.043625,-0.049595,-0.031406,0.10306,-0.16847,-0.23636
8803,-0.00054884,0.046548,-0.028807,0.029333,-0.061613,-0.32438,-0.11683
8804,0.058891,0.06084,0.0043233,0.098517,-0.23181,-0.50075,0.011794
8805,0.12678,0.092996,0.047198,0.18037,-0.34744,-0.65926,0.14756
8806,0.19239,0.13977,0.090072,0.26027,-0.37733,-0.74273,0.28333
8807,0.24078,0.18849,0.12125,0.30997,-0.34387,-0.72487,0.39734
8808,0.2606,0.22032,0.131,0.3012,-0.30002,-0.62775,0.46945
8809,0.24858,0.22065,0.11833,0.23266,-0.29677,-0.48873,0.49868
8810,0.21252,0.18881,0.093321,0.1323,-0.36433,-0.34582,0.49868
8811,0.16738,0.13522,0.070909,0.036804,-0.50108,-0.22889,0.48276
8812,0.1258,0.076106,0.060515,-0.026858,-0.68329,-0.15483,0.46328
8813,0.10047,0.027385,0.065062,-0.047321,-0.85934,-0.11651,0.44574
8814,0.097543,0.0014,0.081303,-0.023285,-0.94801,-0.082076,0.42852
8815,0.11054,-0.0044465,0.099492,0.03518,-0.88305,-0.023935,0.40514
8816,0.1284,0.0017248,0.11118,0.10956,-0.65536,0.075456,0.37006
8817,0.13652,0.0056225,0.11411,0.1755,-0.32893,0.21642,0.31906
8818,0.12613,0.00010078,0.11151,0.21837,-0.0031473,0.37103,0.24663
8819,0.096244,-0.013216,0.10534,0.23266,0.24663,0.49088,0.14399
8820,0.056292,-0.026858,0.10242,0.22454,0.41261,0.53766,0.01829
8821,0.021213,-0.039201,0.10274,0.2057,0.54415,0.5133,-0.11423
8822,0.0033489,-0.046671,0.10566,0.19011,0.70916,0.4571,-0.22532
8823,0.0059473,-0.046347,0.10469,0.18199,0.93587,0.41228,-0.2867
8824,0.021538,-0.045047,0.096893,0.17777,1.1818,0.39961,-0.29223
8825,0.032257,-0.051219,0.083576,0.16965,1.3519,0.41163,-0.25617
8826,0.023487,-0.069083,0.069934,0.15568,1.3594,0.43567,-0.20225
8827,-0.011267,-0.091495,0.054993,0.12905,1.1733,0.46782,-0.15483
8828,-0.061288,-0.10514,0.039078,0.092671,0.842,0.50842,-0.1282
8829,-0.10514,-0.098316,0.025111,0.057917,0.47529,0.55065,-0.11813
8830,-0.11943,-0.071357,0.020239,0.041027,0.18459,0.58605,-0.10709
8831,-0.097991,-0.025234,0.030308,0.050446,0.029333,0.60814,-0.075904
8832,-0.052518,0.029333,0.051096,0.078704,-0.0073698,0.61886,-0.019388
8833,0.00042559,0.083251,0.074806,0.10664,0.011469,0.61853,0.05142
8834,0.044599,0.1206,0.09462,0.12613,0.016991,0.61106,0.11768
8835,0.066037,0.13425,0.10501,0.13392,-0.026858,0.59417,0.1651
8836,0.061165,0.1232,0.10631,0.12548,-0.11715,0.5578,0.18362
8837,0.033556,0.092996,0.099167,0.10534,-0.22532,0.49088,0.17127
8838,-0.0073698,0.05272,0.087149,0.078704,-0.32048,0.39214,0.13522
8839,-0.054142,0.012768,0.074157,0.050446,-0.37765,0.27879,0.087799
8840,-0.10026,-0.017764,0.064088,0.021213,-0.38512,0.17095,0.045899
8841,-0.13437,-0.038551,0.055318,-0.0096434,-0.34549,0.080653,0.020239
8842,-0.15191,-0.046996,0.045249,-0.042124,-0.27209,0.0049729,0.01017
8843,-0.14834,-0.046347,0.038428,-0.073631,-0.18504,-0.069083,0.010495
8844,-0.1269,-0.035303,0.033231,-0.10091,-0.11261,-0.15256,0.013093
8845,-0.097017,-0.021337,0.024137,-0.11586,-0.072006,-0.24805,0.017965
8846,-0.073306,-0.0099683,0.012119,-0.1178,-0.06616,-0.35102,0.015692
8847,-0.066485,-0.0089938,-0.0028225,-0.10709,-0.075579,-0.46372,-0.0096434
8848,-0.076879,-0.017764,-0.017439,-0.089546,-0.071682,-0.59235,-0.07428
8849,-0.09994,-0.036602,-0.028807,-0.075904,-0.029132,-0.73137,-0.1753
8850,-0.12463,-0.060313,-0.041475,-0.073306,0.048172,-0.8496,-0.2919
8851,-0.14346,-0.081751,-0.057065,-0.084024,0.13847,-0.92073,-0.38869
8852,-0.15126,-0.096692,-0.077203,-0.11066,0.21025,-0.94087,-0.44943
8853,-0.14476,-0.10449,-0.098641,-0.15613,0.22747,-0.9282,-0.47444
8854,-0.1282,-0.10546,-0.1204,-0.21362,0.17095,-0.90806,-0.47152
8855,-0.11293,-0.10156,-0.13729,-0.26916,0.054019,-0.89442,-0.44911
8856,-0.09994,-0.091495,-0.14444,-0.30814,-0.0824,-0.87785,-0.41468
8857,-0.085973,-0.072331,-0.13957,-0.33283,-0.2029,-0.84472,-0.37505
8858,-0.068434,-0.044398,-0.12333,-0.36076,-0.29417,-0.78853,-0.33705
8859,-0.042449,-0.0089938,-0.09994,-0.40656,-0.35459,-0.71188,-0.2945
8860,-0.012242,0.028034,-0.075255,-0.45268,-0.38902,-0.61606,-0.23831
8861,0.016991,0.064737,-0.056741,-0.45008,-0.40883,-0.50043,-0.1662
8862,0.040377,0.099817,-0.046671,-0.34809,-0.42865,-0.37408,-0.089871
8863,0.053694,0.1258,-0.040175,-0.12463,-0.45755,-0.2539,-0.026858
8864,0.047523,0.13327,-0.039201,0.17712,-0.49361,-0.16328,0.014068
8865,0.023162,0.11931,-0.048296,0.46263,-0.49296,-0.11228,0.031932
8866,-0.014516,0.0865,-0.064211,0.64387,-0.3744,-0.090845,0.034855
8867,-0.050894,0.04395,-0.076554,0.68544,-0.082725,-0.069083,0.03583
8868,-0.074605,0.0059473,-0.079152,0.60847,0.34635,-0.018413,0.041351
8869,-0.08305,-0.02426,-0.075579,0.46068,0.78971,0.067011,0.049147
8870,-0.083375,-0.051219,-0.073306,0.29275,1.0996,0.15763,0.054344
8871,-0.082076,-0.080776,-0.080776,0.13652,1.1853,0.21577,0.056292
8872,-0.080776,-0.10838,-0.099615,0.0091954,1.0479,0.2122,0.050121
8873,-0.079802,-0.12755,-0.123,-0.081101,0.76762,0.16153,0.036154
8874,-0.079477,-0.13729,-0.13957,-0.1334,0.4688,0.10469,0.020888
8875,-0.077203,-0.13437,-0.14346,-0.15548,0.25995,0.083251,0.013093
8876,-0.073306,-0.12008,-0.13242,-0.15483,0.18459,0.1219,0.021863
8877,-0.061937,-0.095393,-0.11131,-0.13697,0.21447,0.22584,0.051096
8878,-0.036927,-0.063237,-0.086623,-0.10806,0.27229,0.38142,0.097218
8879,-0.0021729,-0.028157,-0.065835,-0.07493,0.27911,0.5513,0.14886
8880,0.031607,0.0056225,-0.053817,-0.047971,0.19109,0.68122,0.19206
8881,0.055968,0.03453,-0.04862,-0.030106,0.011144,0.72442,0.21545
8882,0.072858,0.062464,-0.042449,-0.013541,-0.22467,0.6809,0.22227
8883,0.092021,0.091047,-0.024909,0.016666,-0.47152,0.58573,0.22389
8884,0.11508,0.12385,0.011144,0.062139,-0.69304,0.47919,0.22649
8885,0.14107,0.15861,0.059541,0.11606,-0.8496,0.385,0.23396
8886,0.16088,0.19044,0.11151,0.1716,-0.88922,0.31289,0.24013
8887,0.169,0.21025,0.15471,0.22584,-0.78236,0.26482,0.2463
8888,0.16738,0.20895,0.17972,0.26872,-0.55857,0.23299,0.2528
8889,0.15861,0.18102,0.18069,0.27684,-0.2945,0.20376,0.26384
8890,0.14367,0.13002,0.15633,0.23461,-0.060963,0.16478,0.28463
8891,0.12255,0.065387,0.11443,0.14984,0.096244,0.10891,0.31127
8892,0.10079,0.0036737,0.06961,0.053369,0.16121,0.045249,0.33563
8893,0.0865,-0.037902,0.036804,-0.019063,0.14919,-0.0018481,0.35317
8894,0.090722,-0.051219,0.02706,-0.048296,0.087799,-0.012567,0.36843
8895,0.11898,-0.036927,0.040052,-0.038551,0.0043233,0.0046481,0.38792
8896,0.16478,-0.0018481,0.070584,-0.0034721,-0.075579,0.01764,0.41131
8897,0.2148,0.04395,0.10599,0.040377,-0.1334,0.00010078,0.43177
8898,0.25183,0.089098,0.1323,0.081952,-0.14314,-0.045047,0.43794
8899,0.26612,0.12418,0.14529,0.11833,-0.077528,-0.090845,0.4191
8900,0.25767,0.14756,0.13977,0.15179,0.064413,-0.11683,0.37428
8901,0.22844,0.15471,0.12483,0.18264,0.24371,-0.11878,0.30477
8902,0.18427,0.14594,0.11151,0.20603,0.40286,-0.10936,0.21902
8903,0.1297,0.12678,0.10631,0.21382,0.49641,-0.097666,0.1245
8904,0.06961,0.099492,0.10761,0.19888,0.49998,-0.090196,0.025761
8905,0.012119,0.066037,0.11021,0.16153,0.41715,-0.095717,-0.070058
8906,-0.037252,0.030957,0.10924,0.10891,0.27879,-0.10611,-0.14996
8907,-0.076554,-0.00054884,0.10144,0.054668,0.13067,-0.086948,-0.19868
8908,-0.097666,-0.022636,0.089748,0.013743,0.0078962,-0.0089938,-0.20875
8909,-0.10091,-0.03173,0.076431,-0.013866,-0.078503,0.12125,-0.18764
8910,-0.089871,-0.030106,0.058241,-0.036278,-0.13859,0.2593,-0.15808
8911,-0.07428,-0.020687,0.036804,-0.062912,-0.18634,0.35284,-0.14281
8912,-0.062912,-0.010943,0.009845,-0.096367,-0.22726,0.3798,-0.15029
8913,-0.060963,-0.0063954,-0.017764,-0.1334,-0.26072,0.35771,-0.17497
8914,-0.069083,-0.0096434,-0.042774,-0.16035,-0.2958,0.31971,-0.20843
8915,-0.084024,-0.016789,-0.059014,-0.16945,-0.34452,0.28691,-0.23344
8916,-0.097991,-0.02426,-0.059664,-0.15711,-0.40266,0.26612,-0.23344
8917,-0.10059,-0.025234,-0.044723,-0.1308,-0.46632,0.26384,-0.20323
8918,-0.084349,-0.010293,-0.01484,-0.099615,-0.52771,0.29405,-0.14704
8919,-0.050894,0.021538,0.023487,-0.072006,-0.57773,0.36616,-0.075579
8920,-0.014191,0.067336,0.057917,-0.050569,-0.60859,0.461,0.00075039
8921,0.013743,0.11313,0.075456,-0.040825,-0.61346,0.52337,0.073832
8922,0.025761,0.14042,0.072858,-0.044723,-0.58033,0.48082,0.1232
8923,0.025761,0.14074,0.057267,-0.052518,-0.49133,0.29178,0.13165
8924,0.019589,0.11866,0.044275,-0.044723,-0.34647,-0.023935,0.10306
8925,0.01894,0.088124,0.04395,-0.0073698,-0.18471,-0.39909,0.056617
8926,0.031282,0.065387,0.060515,0.048822,-0.058689,-0.7502,0.0095202
8927,0.055318,0.055318,0.08585,0.10664,0.0049729,-0.99998,-0.02426
8928,0.087799,0.055968,0.11216,0.14432,0.037778,-1.087,-0.037902
8929,0.1245,0.063438,0.13425,0.15536,0.11021,-0.98277,-0.021337
8930,0.1625,0.075781,0.15146,0.14756,0.28106,-0.70018,0.028359
8931,0.19596,0.091696,0.15893,0.13587,0.55909,-0.29677,0.10014
8932,0.22292,0.10956,0.15633,0.13717,0.88455,0.13879,0.17095
8933,0.23721,0.1245,0.14237,0.15666,1.1619,0.52824,0.21805
8934,0.23526,0.1323,0.11801,0.18719,1.3049,0.82998,0.23396
8935,0.21642,0.13035,0.092021,0.20765,1.2639,1.0161,0.22227
8936,0.18687,0.11833,0.06896,0.19466,1.0476,1.0671,0.19628
8937,0.15471,0.10209,0.051745,0.14594,0.71663,0.97777,0.1664
8938,0.1245,0.088448,0.042326,0.081952,0.36226,0.78029,0.14204
8939,0.095269,0.077405,0.037454,0.02706,0.061165,0.53798,0.1271
8940,0.06896,0.068635,0.027385,-0.0047713,-0.15029,0.30899,0.1219
8941,0.04395,0.055968,0.0069217,-0.018088,-0.26851,0.12743,0.11736
8942,0.015367,0.033231,-0.021337,-0.020362,-0.31009,-0.0099683,0.10631
8943,-0.019388,-0.00054884,-0.047971,-0.029132,-0.30002,-0.12592,0.081627
8944,-0.059989,-0.042774,-0.070707,-0.047321,-0.26299,-0.2435,0.035505
8945,-0.10416,-0.081101,-0.090521,-0.079152,-0.22402,-0.37992,-0.029782
8946,-0.14249,-0.10416,-0.10449,-0.11001,-0.19511,-0.53713,-0.094093
8947,-0.16035,-0.10254,-0.10481,-0.11975,-0.17919,-0.69986,-0.13924
8948,-0.14866,-0.076554,-0.085973,-0.094093,-0.17789,-0.8483,-0.16035
8949,-0.11618,-0.030106,-0.046022,-0.034978,-0.19381,-0.9623,-0.17042
8950,-0.079802,0.02706,0.0072465,0.053044,-0.21817,-1.0162,-0.18666
8951,-0.052193,0.074157,0.053044,0.15211,-0.22337,-0.97627,-0.2172
8952,-0.036278,0.091372,0.075456,0.23948,-0.16263,-0.81744,-0.25325
8953,-0.029132,0.074482,0.070909,0.28463,-0.024585,-0.55012,-0.28346
8954,-0.02426,0.03453,0.041027,0.258,0.13555,-0.23279,-0.30035
8955,-0.017439,-0.014191,-0.012892,0.14724,0.23331,0.053044,-0.29482
8956,-0.008669,-0.05739,-0.080451,-0.019063,0.22324,0.2515,-0.26039
8957,-0.0018481,-0.0824,-0.14119,-0.18569,0.11736,0.35576,-0.20128
8958,-0.0031473,-0.087597,-0.18114,-0.30359,-0.035303,0.3876,-0.14476
8959,-0.013866,-0.078178,-0.19673,-0.34679,-0.17497,0.37428,-0.1191
8960,-0.03173,-0.066485,-0.18926,-0.31821,-0.25357,0.3353,-0.13794
8961,-0.054792,-0.062912,-0.16685,-0.24545,-0.2591,0.27424,-0.18699
8962,-0.077528,-0.073955,-0.14152,-0.1636,-0.20843,0.18329,-0.23409
8963,-0.094418,-0.094093,-0.11813,-0.092145,-0.14249,0.064737,-0.25162
8964,-0.097666,-0.10709,-0.096367,-0.040175,-0.10319,-0.070382,-0.22791
8965,-0.0824,-0.10254,-0.07428,-0.01549,-0.1204,-0.19901,-0.17075
8966,-0.04992,-0.081101,-0.050894,-0.024909,-0.18731,-0.29742,-0.089871
8967,-0.0067202,-0.04927,-0.030106,-0.065835,-0.26592,-0.34809,-0.00022403
8968,0.033556,-0.016789,-0.01614,-0.11618,-0.31074,-0.33965,0.089098
8969,0.059216,0.0059473,-0.0073698,-0.14671,-0.28573,-0.26202,0.1651
8970,0.064413,0.019914,-0.0021729,-0.1321,-0.17659,-0.1243,0.21967
8971,0.050121,0.028684,-0.0021729,-0.075579,-0.00054884,0.029658,0.23266
8972,0.020888,0.033556,-0.0057458,-0.0041217,0.20505,0.14237,0.18946
8973,-0.01614,0.040052,-0.010618,0.050771,0.39312,0.1703,0.093645
8974,-0.051868,0.045249,-0.0099683,0.072533,0.52661,0.10112,-0.034329
8975,-0.077528,0.048822,-0.0028225,0.067336,0.60132,-0.042124,-0.16653
8976,-0.089871,0.05207,0.010819,0.053694,0.65296,-0.20908,-0.27079
8977,-0.087272,0.055318,0.026085,0.046548,0.7163,-0.34744,-0.32698
8978,-0.075255,0.058241,0.038103,0.050121,0.78126,-0.42735,-0.32925
8979,-0.064211,0.053044,0.041676,0.058891,0.80432,-0.45106,-0.29255
8980,-0.059989,0.033231,0.03453,0.06831,0.75853,-0.44391,-0.24221
8981,-0.060963,0.0010752,0.023487,0.078055,0.64972,-0.43677,-0.19966
8982,-0.064211,-0.034654,0.014717,0.090722,0.49998,-0.45528,-0.17594
8983,-0.064536,-0.059014,0.013743,0.10956,0.32328,-0.51667,-0.16653
8984,-0.054467,-0.065186,0.024461,0.13262,0.11638,-0.61931,-0.16425
8985,-0.032055,-0.053817,0.042001,0.15114,-0.12333,-0.73754,-0.1623
8986,-0.0024977,-0.03238,0.061814,0.16543,-0.37862,-0.82946,-0.15548
8987,0.029009,-0.0047713,0.080003,0.1781,-0.60144,-0.85707,-0.14054
8988,0.061165,0.025761,0.091372,0.18362,-0.73559,-0.79633,-0.1178
8989,0.089748,0.056292,0.09462,0.1781,-0.74923,-0.6375,-0.08305
8990,0.11573,0.081952,0.092671,0.16153,-0.66316,-0.40071,-0.035953
8991,0.13555,0.10014,0.088773,0.13749,-0.5459,-0.14704,0.01894
8992,0.14659,0.11801,0.0865,0.11508,-0.4673,0.040702,0.073832
8993,0.14756,0.13587,0.088448,0.10306,-0.46178,0.10339,0.11541
8994,0.13847,0.14919,0.096244,0.10209,-0.4962,0.047523,0.13814
8995,0.12093,0.15406,0.10729,0.10794,-0.48873,-0.061937,0.14334
8996,0.10209,0.15406,0.11866,0.11443,-0.37603,-0.14314,0.14237
8997,0.0865,0.15309,0.1284,0.11768,-0.1597,-0.15158,0.14399
8998,0.080978,0.15114,0.13587,0.12158,0.10079,-0.0837,0.15373
8999,0.0852,0.14529,0.14009,0.13002,0.3327,0.042326,0.1703
9000,0.094945,0.13262,0.14237,0.13944,0.49965,0.20993,0.19206
9001,0.10631,0.11606,0.14269,0.14399,0.62081,0.40351,0.21285
9002,0.11768,0.098193,0.14074,0.13814,0.71922,0.61269,0.22877
9003,0.12678,0.083576,0.1336,0.1206,0.78678,0.82446,0.23851
9004,0.13262,0.073507,0.11573,0.097868,0.79945,1.018,0.25053
9005,0.13457,0.069934,0.087474,0.076755,0.74748,1.173,0.27489
9006,0.13132,0.069934,0.059216,0.063438,0.65037,1.2743,0.31127
9007,0.1245,0.070584,0.043625,0.05272,0.53668,1.312,0.35057
9008,0.11573,0.066362,0.044924,0.039727,0.43892,1.2815,0.3759
9009,0.11086,0.054993,0.05207,0.023487,0.38987,1.1941,0.37428
9010,0.11573,0.038103,0.054344,0.0091954,0.39214,1.0772,0.35284
9011,0.13002,0.020888,0.054993,0.0078962,0.4152,0.97192,0.33563
9012,0.14951,0.009845,0.061165,0.028359,0.40514,0.90501,0.33985
9013,0.16315,0.012119,0.078055,0.065387,0.32491,0.86084,0.36648
9014,0.16803,0.027385,0.10501,0.11021,0.16608,0.79555,0.39994
9015,0.15731,0.050446,0.13457,0.14659,-0.048945,0.67505,0.4191
9016,0.1297,0.074806,0.15731,0.16803,-0.29158,0.49933,0.41001
9017,0.082602,0.089098,0.16575,0.1716,-0.53258,0.28463,0.36876
9018,0.021213,0.088773,0.15731,0.15438,-0.75313,0.061165,0.3038
9019,-0.033354,0.075131,0.13425,0.11443,-0.93729,-0.13015,0.23591
9020,-0.061613,0.053694,0.10339,0.064413,-1.0695,-0.2552,0.18557
9021,-0.05804,0.02641,0.06961,0.019264,-1.1364,-0.30944,0.16023
9022,-0.029782,-0.008669,0.037778,-0.013541,-1.128,-0.31529,0.14919
9023,0.003024,-0.04992,0.012119,-0.034004,-1.0403,-0.301,0.13847
9024,0.026735,-0.085973,-0.0096434,-0.048296,-0.88792,-0.28476,0.11671
9025,0.033556,-0.10319,-0.025559,-0.057065,-0.71188,-0.27014,0.086175
9026,0.025761,-0.090845,-0.036278,-0.062587,-0.56799,-0.24805,0.04395
9027,0.014717,-0.043748,-0.04115,-0.066485,-0.47996,-0.2107,-0.0041217
9028,0.010495,0.028034,-0.042774,-0.072981,-0.44554,-0.16328,-0.044723
9029,0.015042,0.10079,-0.04115,-0.079477,-0.44521,-0.12235,-0.073955
9030,0.029009,0.15114,-0.04115,-0.081426,-0.44878,-0.10871,-0.090521
9031,0.051745,0.16933,-0.043099,-0.076554,-0.42994,-0.1243,-0.090845
9032,0.07708,0.15893,-0.043748,-0.069733,-0.36823,-0.14801,-0.071032
9033,0.097543,0.13067,-0.046671,-0.06551,-0.25065,-0.14281,-0.029132
9034,0.10534,0.095594,-0.053168,-0.065835,-0.086298,-0.0824,0.023487
9035,0.097868,0.062789,-0.063561,-0.066485,0.10404,0.029658,0.072533
9036,0.082277,0.035505,-0.070707,-0.062587,0.28918,0.15601,0.10404
9037,0.064413,0.020239,-0.071682,-0.054467,0.43469,0.24825,0.11054
9038,0.047847,0.016341,-0.067784,-0.047971,0.50355,0.27716,0.092996
9039,0.028684,0.011469,-0.065186,-0.044073,0.47302,0.23624,0.05207
9040,0.00010078,-0.0011985,-0.068109,-0.044073,0.35317,0.13977,-0.0089938
9041,-0.035303,-0.025884,-0.080127,-0.04927,0.19369,0.010819,-0.082076
9042,-0.066485,-0.055441,-0.092145,-0.061613,0.042326,-0.12105,-0.15158
9043,-0.087597,-0.077528,-0.098965,-0.078503,-0.086623,-0.22044,-0.20031
9044,-0.098316,-0.082076,-0.095717,-0.093444,-0.20225,-0.25682,-0.21947
9045,-0.09929,-0.071032,-0.084999,-0.098316,-0.29742,-0.2055,-0.20583
9046,-0.086948,-0.047321,-0.06681,-0.088896,-0.33413,-0.044073,-0.15905
9047,-0.059339,-0.01484,-0.04115,-0.062587,-0.28086,0.21155,-0.084999
9048,-0.023935,0.023487,-0.015165,-0.030431,-0.15126,0.48471,-0.0063954
9049,0.0043233,0.052395,-0.0018481,-0.012567,-0.014191,0.6757,0.054344
9050,0.020239,0.065387,-0.0034721,-0.019712,0.051096,0.71533,0.083251
9051,0.024137,0.059865,-0.016789,-0.040825,0.031932,0.60359,0.084551
9052,0.025436,0.045899,-0.030106,-0.047971,0.01017,0.40936,0.070584
9053,0.031607,0.038103,-0.032705,-0.020362,0.11021,0.21902,0.05272
9054,0.048497,0.047198,-0.020362,0.040377,0.39734,0.087799,0.032257
9055,0.066686,0.067011,0.0039985,0.11151,0.80627,0.011144,0.0072465
9056,0.076106,0.086175,0.030308,0.15958,1.1775,-0.056091,-0.022961
9057,0.06961,0.090072,0.046548,0.169,1.3802,-0.16068,-0.055116
9058,0.045899,0.071558,0.046548,0.14626,1.3714,-0.31691,-0.088572
9059,0.012119,0.027385,0.03518,0.10859,1.2051,-0.50108,-0.11943
9060,-0.024585,-0.031406,0.019914,0.074482,0.97322,-0.67485,-0.13989
9061,-0.063237,-0.091495,0.0085458,0.049796,0.74748,-0.80997,-0.15126
9062,-0.09994,-0.14281,0.0059473,0.037129,0.56397,-0.88792,-0.15386
9063,-0.12105,-0.17335,0.013418,0.039078,0.42073,-0.90156,-0.14281
9064,-0.11975,-0.17984,0.02706,0.049147,0.30347,-0.84667,-0.11358
9065,-0.10579,-0.1701,0.040377,0.053369,0.2083,-0.72325,-0.067459
9066,-0.088572,-0.14931,0.052395,0.049472,0.14951,-0.53811,-0.01484
9067,-0.078178,-0.12268,0.061489,0.045899,0.13457,-0.30782,0.021863
9068,-0.073955,-0.095393,0.063438,0.048172,0.15244,-0.072656,0.028359
9069,-0.074605,-0.070058,0.053369,0.055318,0.16998,0.11183,-0.0044465
9070,-0.077528,-0.046347,0.032582,0.057917,0.15601,0.20083,-0.069408
9071,-0.082725,-0.023935,0.012768,0.05207,0.091047,0.19856,-0.14184
9072,-0.085648,-0.0060706,0.0023744,0.042651,-0.016464,0.14789,-0.19154
9073,-0.084674,0.0014,0.00075039,0.033231,-0.13599,0.10306,-0.20193
9074,-0.076554,-0.0028225,0.0014,0.022188,-0.23116,0.096893,-0.17302
9075,-0.064861,-0.011267,-0.00022403,0.012119,-0.27923,0.13425,-0.11456
9076,-0.054467,-0.013541,-0.0034721,0.0017248,-0.28086,0.19856,-0.047971
9077,-0.046022,-0.0067202,-0.007045,-0.010943,-0.25552,0.26222,0.012443
9078,-0.0405,0.0072465,-0.0083442,-0.023285,-0.23441,0.29633,0.056942
9079,-0.035953,0.018615,-0.010293,-0.029132,-0.23863,0.28106,0.07708
9080,-0.03173,0.024137,-0.010943,-0.021661,-0.27664,0.2096,0.073182
9081,-0.030756,0.021213,-0.008669,0.00075039,-0.339,0.10177,0.048172
9082,-0.032705,0.014392,-0.0057458,0.02706,-0.40948,-0.010943,0.0095202
9083,-0.032705,0.0095202,-0.0050961,0.049147,-0.46762,-0.09929,-0.034978
9084,-0.024909,0.0078962,-0.008669,0.062789,-0.5014,-0.14996,-0.075255
9085,-0.012892,0.009845,-0.015815,0.066037,-0.49978,-0.16393,-0.10806
9086,0.0014,0.012768,-0.022311,0.064413,-0.4569,-0.15776,-0.12625
9087,0.013418,0.015042,-0.026533,0.053369,-0.36596,-0.14736,-0.13275
9088,0.022512,0.018615,-0.023285,0.038753,-0.22694,-0.14152,-0.13112
9089,0.029333,0.029333,-0.011592,0.026735,-0.057065,-0.13567,-0.1217
9090,0.037129,0.048172,0.0039985,0.024461,0.11183,-0.12755,-0.10221
9091,0.046223,0.072208,0.017965,0.033881,0.23169,-0.11553,-0.073306
9092,0.055318,0.092021,0.028034,0.050121,0.26677,-0.098316,-0.042124
9093,0.057592,0.10339,0.030957,0.067011,0.21642,-0.07428,-0.01484
9094,0.048497,0.10501,0.020564,0.076755,0.12158,-0.041799,0.0046481
9095,0.028034,0.097543,0.0020496,0.072858,0.029983,-0.0021729,0.014392
9096,0.0026992,0.080978,-0.016464,0.050121,-0.030756,0.044275,0.017316
9097,-0.019388,0.058566,-0.029457,0.016016,-0.065186,0.085525,0.012768
9098,-0.033354,0.03583,-0.036278,-0.018088,-0.097017,0.10631,0.0062721
9099,-0.038227,0.016016,-0.04115,-0.046022,-0.13404,0.095269,0.0026992
9100,-0.034978,-0.00022403,-0.044398,-0.062262,-0.16263,0.054019,0.0049729
9101,-0.023285,-0.015815,-0.045047,-0.061937,-0.16782,-0.0060706,0.011469
9102,-0.0037969,-0.031081,-0.04115,-0.047971,-0.15483,-0.068758,0.022512
9103,0.020564,-0.040825,-0.036278,-0.031406,-0.14119,-0.12203,0.034855
9104,0.04395,-0.039526,-0.028157,-0.019388,-0.14281,-0.16198,0.046873
9105,0.058241,-0.025884,-0.017764,-0.011592,-0.1623,-0.19089,0.055318
9106,0.057917,-0.0021729,-0.0060706,0.003024,-0.18731,-0.20875,0.050446
9107,0.044275,0.028684,0.0049729,0.024786,-0.2016,-0.19868,0.031282
9108,0.028684,0.065062,0.016341,0.042001,-0.18212,-0.14087,0.0085458
9109,0.023487,0.10274,0.028034,0.051745,-0.11586,-0.02426,-0.0054209
9110,0.035505,0.13717,0.041676,0.055968,-0.0034721,0.14367,-0.0018481
9111,0.06019,0.1625,0.057267,0.056617,0.13197,0.33628,0.020564
9112,0.08585,0.17517,0.072533,0.058891,0.25248,0.5068,0.056617
9113,0.10274,0.1729,0.087799,0.06831,0.32946,0.60132,0.090397
9114,0.10404,0.15633,0.099492,0.079029,0.34797,0.57988,0.11118
9115,0.090722,0.13067,0.10339,0.0865,0.30737,0.43697,0.11248
9116,0.067336,0.10274,0.098842,0.091047,0.22292,0.21252,0.093321
9117,0.044924,0.082277,0.08585,0.092996,0.12223,-0.031406,0.061489
9118,0.031282,0.075456,0.06831,0.090072,0.039402,-0.24513,0.025761
9119,0.029658,0.082602,0.054019,0.080003,-0.013216,-0.40851,-0.0034721
9120,0.034855,0.095919,0.046873,0.063438,-0.048945,-0.52511,-0.019388
9121,0.041027,0.10924,0.044924,0.045574,-0.097666,-0.59625,-0.021661
9122,0.044924,0.11443,0.042975,0.032906,-0.174,-0.61184,-0.013541
9123,0.045899,0.11086,0.040052,0.029333,-0.26819,-0.56571,0.0062721
9124,0.046873,0.098193,0.039727,0.031607,-0.36076,-0.45625,0.039078
9125,0.054668,0.087149,0.047198,0.042001,-0.43287,-0.2906,0.088124
9126,0.072533,0.086824,0.061814,0.061814,-0.47087,-0.0824,0.15893
9127,0.099167,0.10112,0.082277,0.091372,-0.45853,0.14691,0.24566
9128,0.12645,0.1245,0.10209,0.13067,-0.3861,0.37136,0.33563
9129,0.14724,0.14854,0.11443,0.17387,-0.26494,0.56007,0.41098
9130,0.15698,0.15796,0.11508,0.20376,-0.12755,0.69551,0.45418
9131,0.15503,0.14529,0.10566,0.20895,-0.013216,0.77249,0.45646
9132,0.14626,0.11606,0.091696,0.18557,0.05142,0.79426,0.42008
9133,0.13555,0.082277,0.075131,0.14367,0.079354,0.77477,0.35447
9134,0.12678,0.055318,0.06019,0.091696,0.10274,0.73027,0.27554
9135,0.12385,0.041027,0.051745,0.045899,0.13425,0.67538,0.20051
9136,0.1258,0.038103,0.049147,0.020888,0.16965,0.60911,0.14334
9137,0.12743,0.040377,0.05207,0.017965,0.19888,0.52272,0.10859
9138,0.1245,0.041351,0.053694,0.028034,0.2083,0.41196,0.089098
9139,0.11833,0.037778,0.051096,0.036479,0.18816,0.28138,0.068635
9140,0.10729,0.031282,0.045249,0.041027,0.14367,0.13977,0.040377
9141,0.092346,0.023162,0.038428,0.047198,0.099167,0.0039985,0.0062721
9142,0.072208,0.016991,0.032257,0.053694,0.090072,-0.11391,-0.028482
9143,0.0433,0.016991,0.028034,0.049796,0.13782,-0.22142,-0.054792
9144,0.0039985,0.019589,0.025436,0.030308,0.23331,-0.32925,-0.070058
9145,-0.039851,0.015367,0.01764,-0.0031473,0.3431,-0.43157,-0.075904
9146,-0.082076,-0.0050961,0.00042559,-0.043423,0.42592,-0.5079,-0.078503
9147,-0.1204,-0.039201,-0.024909,-0.086623,0.46652,-0.53226,-0.080776
9148,-0.14606,-0.078827,-0.048945,-0.12333,0.48634,-0.48581,-0.09117
9149,-0.15093,-0.11521,-0.067134,-0.14899,0.51752,-0.37668,-0.11261
9150,-0.13047,-0.13664,-0.078827,-0.15776,0.56169,-0.24156,-0.13632
9151,-0.0837,-0.13762,-0.084674,-0.14801,0.5984,-0.10644,-0.14379
9152,-0.021012,-0.11813,-0.082725,-0.11878,0.60879,0.031607,-0.11651
9153,0.042975,-0.088247,-0.066485,-0.068758,0.59385,0.18459,-0.057715
9154,0.091372,-0.054792,-0.033679,0.00075039,0.56202,0.33887,0.011794
9155,0.11671,-0.021661,0.011794,0.080978,0.51362,0.46068,0.06961
9156,0.11671,0.0075714,0.060515,0.14951,0.43404,0.52726,0.10534
9157,0.095269,0.026085,0.097218,0.18622,0.3012,0.53961,0.11833
9158,0.066362,0.029333,0.11573,0.18167,0.10144,0.51362,0.11346
9159,0.0433,0.02641,0.11703,0.14464,-0.14152,0.4727,0.10079
9160,0.039078,0.032906,0.11086,0.10014,-0.3744,0.44021,0.086824
9161,0.046548,0.054668,0.11086,0.075781,-0.54817,0.43274,0.072533
9162,0.054344,0.084551,0.12418,0.081952,-0.6323,0.44411,0.045574
9163,0.05207,0.10924,0.14172,0.10599,-0.62808,0.45158,0.0017248
9164,0.036804,0.12093,0.14561,0.12515,-0.55889,0.42495,-0.061288
9165,0.012119,0.11768,0.13002,0.12353,-0.4556,0.34407,-0.13307
9166,-0.012242,0.10664,0.10014,0.10242,-0.33575,0.21155,-0.19738
9167,-0.025884,0.089748,0.06831,0.062789,-0.20323,0.050771,-0.2435
9168,-0.025234,0.070259,0.038428,0.01017,-0.068109,-0.11423,-0.26722
9169,-0.017439,0.048172,0.016666,-0.042774,0.03453,-0.26722,-0.26884
9170,-0.010943,0.02641,0.0039985,-0.081101,0.06084,-0.41176,-0.2526
9171,-0.0050961,0.014068,0.00010078,-0.09929,-0.0073698,-0.54947,-0.21882
9172,0.0065969,0.015367,0.003024,-0.098641,-0.13859,-0.66088,-0.16718
9173,0.02641,0.025111,0.009845,-0.080127,-0.2539,-0.71188,-0.098316
9174,0.046223,0.036154,0.01829,-0.043423,-0.26039,-0.6755,-0.020037
9175,0.055643,0.040377,0.02641,-0.0021729,-0.12365,-0.54623,0.053694
9176,0.050771,0.033556,0.031607,0.032257,0.10989,-0.35816,0.11281
9177,0.03518,0.016991,0.030957,0.053044,0.34505,-0.17692,0.14756
9178,0.016016,-0.0028225,0.024786,0.061489,0.49706,-0.061613,0.15666
9179,0.00042559,-0.018738,0.013418,0.053694,0.52889,-0.042774,0.14107
9180,-0.008669,-0.027833,-0.0031473,0.031932,0.44931,-0.11001,0.10664
9181,-0.012567,-0.03238,-0.021337,0.0010752,0.30574,-0.21427,0.069934
9182,-0.01549,-0.033354,-0.035628,-0.029457,0.15081,-0.29775,0.040052
9183,-0.02361,-0.034004,-0.042774,-0.04992,0.024461,-0.32406,0.019914
9184,-0.034654,-0.034978,-0.04115,-0.05804,-0.062587,-0.29093,0.0049729
9185,-0.042774,-0.039201,-0.034004,-0.058365,-0.11943,-0.22109,-0.012567
9186,-0.044073,-0.045372,-0.026209,-0.057065,-0.15841,-0.14964,-0.035303
9187,-0.035303,-0.046347,-0.017764,-0.055441,-0.19186,-0.11553,-0.061613
9188,-0.016464,-0.034329,-0.010618,-0.045697,-0.23441,-0.14152,-0.085648
9189,0.0095202,-0.0099683,-0.0050961,-0.029132,-0.29353,-0.21849,-0.09929
9190,0.040377,0.023487,-0.0044465,-0.015165,-0.36433,-0.32536,-0.098965
9191,0.067336,0.053694,-0.0080194,-0.0099683,-0.43384,-0.44066,-0.089871
9192,0.080003,0.065712,-0.012567,-0.010618,-0.49068,-0.55305,-0.079477
9193,0.06961,0.06019,-0.013216,-0.01549,-0.52544,-0.65504,-0.070058
9194,0.040052,0.046548,-0.0080194,-0.015815,-0.51732,-0.73169,-0.056741
9195,0.0043233,0.035505,0.0059473,0.0026992,-0.44976,-0.76255,-0.036602
9196,-0.02361,0.035505,0.027709,0.037454,-0.33283,-0.74078,-0.0096434
9197,-0.038551,0.042651,0.0433,0.061814,-0.21167,-0.66998,0.022188
9198,-0.037902,0.046548,0.038753,0.050446,-0.14574,-0.56312,0.053369
9199,-0.024909,0.036479,0.014392,-0.00054884,-0.1636,-0.43871,0.076431
9200,-0.007045,0.012443,-0.020362,-0.064536,-0.24383,-0.31626,0.086824
9201,0.012768,-0.016464,-0.057715,-0.11131,-0.33705,-0.22532,0.083901
9202,0.030957,-0.037577,-0.088896,-0.12365,-0.39064,-0.18212,0.073507
9203,0.047847,-0.044398,-0.10676,-0.10579,-0.3783,-0.18147,0.063113
9204,0.065062,-0.034978,-0.10871,-0.07493,-0.30977,-0.19998,0.060515
9205,0.079679,-0.010618,-0.094418,-0.046671,-0.21687,-0.2107,0.064088
9206,0.08585,0.024461,-0.066485,-0.019388,-0.14476,-0.19608,0.070584
9207,0.082602,0.064413,-0.026858,0.016341,-0.1282,-0.15418,0.071883
9208,0.073182,0.099167,0.014717,0.065062,-0.17335,-0.096042,0.06019
9209,0.059216,0.12125,0.047523,0.11476,-0.24318,-0.037252,0.03583
9210,0.041676,0.12255,0.067011,0.14951,-0.27469,0.011144,0.0049729
9211,0.019589,0.098517,0.073832,0.16283,-0.21427,0.054993,-0.026209
9212,-0.0015233,0.051745,0.06961,0.16121,-0.042449,0.11508,-0.048945
9213,-0.01549,-0.0037969,0.053694,0.15114,0.20116,0.20278,-0.055441
9214,-0.021986,-0.052518,0.032257,0.13652,0.44801,0.31322,-0.046671
9215,-0.02426,-0.085648,0.011144,0.12158,0.62958,0.4243,-0.022961
9216,-0.02426,-0.10124,-0.0080194,0.11021,0.70818,0.5107,0.0072465
9217,-0.023935,-0.10124,-0.021986,0.097543,0.68544,0.56007,0.036154
9218,-0.023285,-0.09182,-0.027183,0.073507,0.59677,0.57436,0.054344
9219,-0.022961,-0.078827,-0.02426,0.036804,0.49283,0.5578,0.061814
9220,-0.018413,-0.064861,-0.01484,-0.0067202,0.42755,0.51525,0.059541
9221,-0.0093186,-0.045372,-0.0031473,-0.043423,0.43145,0.45353,0.05207
9222,0.00010078,-0.019063,0.0072465,-0.066485,0.48569,0.38078,0.046223
9223,0.0078962,0.010819,0.011144,-0.069408,0.52661,0.30932,0.048822
9224,0.010819,0.039078,0.010495,-0.053817,0.48147,0.24176,0.059216
9225,0.012443,0.059216,0.011144,-0.027183,0.31581,0.16673,0.076106
9226,0.014068,0.066362,0.016341,0.0020496,0.054993,0.078055,0.095594
9227,0.021213,0.062139,0.024786,0.028034,-0.21979,-0.019063,0.11573
9228,0.036479,0.056617,0.036479,0.050771,-0.41663,-0.098316,0.13262
9229,0.055318,0.061814,0.050771,0.071883,-0.49393,-0.1243,0.14626
9230,0.06961,0.078055,0.064088,0.090722,-0.47964,-0.081751,0.15276
9231,0.071883,0.099167,0.073182,0.10534,-0.43482,0.013743,0.14659
9232,0.059865,0.11768,0.07708,0.11151,-0.40006,0.13717,0.13522
9233,0.039078,0.12807,0.073182,0.10696,-0.36238,0.27489,0.13002
9234,0.022837,0.12645,0.065712,0.098517,-0.27176,0.43859,0.14269
9235,0.019589,0.11703,0.060515,0.095269,-0.10254,0.639,0.1742
9236,0.028684,0.10404,0.055643,0.096244,0.1206,0.84687,0.21707
9237,0.038753,0.090072,0.048172,0.092996,0.34082,1.0093,0.24858
9238,0.040702,0.074157,0.035505,0.074157,0.50907,1.0859,0.24436
9239,0.02641,0.053694,0.016666,0.037778,0.60587,1.0638,0.19921
9240,0.003024,0.032906,-0.0015233,-0.0099683,0.63088,0.96283,0.12353
9241,-0.018413,0.012443,-0.01549,-0.053492,0.5971,0.82089,0.036479
9242,-0.031081,-0.010293,-0.023285,-0.079477,0.52954,0.6835,-0.044073
9243,-0.034329,-0.034654,-0.027508,-0.08305,0.46652,0.57793,-0.10838
9244,-0.029782,-0.055766,-0.025234,-0.071032,0.44314,0.50063,-0.15743
9245,-0.025559,-0.071032,-0.019388,-0.055116,0.47952,0.42527,-0.19381
9246,-0.030431,-0.077528,-0.01549,-0.046347,0.55325,0.32751,-0.22012
9247,-0.047646,-0.076554,-0.013866,-0.055766,0.60522,0.19401,-0.23149
9248,-0.071357,-0.072331,-0.013541,-0.082076,0.57111,0.024461,-0.22142
9249,-0.089871,-0.070707,-0.012242,-0.10579,0.44119,-0.15353,-0.18959
9250,-0.092469,-0.071357,-0.008669,-0.11098,0.27002,-0.30035,-0.13827
9251,-0.0824,-0.068109,-0.0018481,-0.10221,0.12872,-0.39357,-0.077528
9252,-0.063561,-0.052843,0.012443,-0.09929,0.050121,-0.42767,-0.017764
9253,-0.038551,-0.018738,0.030308,-0.11683,0.02641,-0.42085,0.032257
9254,-0.0099683,0.025761,0.049147,-0.15158,0.031607,-0.3809,0.063113
9255,0.021213,0.073507,0.065062,-0.17432,0.039402,-0.30749,0.076106
9256,0.051096,0.11443,0.075131,-0.14314,0.034206,-0.19771,0.078704
9257,0.069934,0.14042,0.075131,-0.022636,0.01764,-0.06551,0.076431
9258,0.078055,0.14919,0.071558,0.18297,0.0033489,0.061489,0.079679
9259,0.0852,0.14496,0.073182,0.41813,-0.0031473,0.16413,0.10209
9260,0.099492,0.13262,0.082277,0.60749,-0.0060706,0.24566,0.14886
9261,0.12223,0.11703,0.094295,0.69746,-0.01484,0.33465,0.21155
9262,0.14919,0.098517,0.10306,0.67862,-0.039526,0.46847,0.27554
9263,0.17485,0.07773,0.10534,0.58378,-0.069408,0.64127,0.32621
9264,0.19141,0.056617,0.10112,0.45646,-0.086298,0.80335,0.35122
9265,0.19141,0.037454,0.092021,0.33108,-0.078503,0.89267,0.34602
9266,0.17452,0.024137,0.080003,0.23396,-0.04862,0.87156,0.31971
9267,0.15016,0.020888,0.068635,0.17192,-0.020362,0.74878,0.2895
9268,0.12515,0.025436,0.057267,0.14009,-0.020687,0.56169,0.26807
9269,0.10079,0.03518,0.044924,0.11866,-0.070707,0.34894,0.25215
9270,0.071883,0.044924,0.029009,0.083901,-0.17789,0.13684,0.22682
9271,0.037129,0.048497,0.0062721,0.03453,-0.32633,-0.061613,0.18102
9272,0.0085458,0.045249,-0.019712,-0.01484,-0.45755,-0.23798,0.12158
9273,-0.0050961,0.039078,-0.042774,-0.04862,-0.49133,-0.38025,0.066037
9274,-0.0054209,0.036804,-0.057715,-0.062587,-0.39194,-0.47802,0.028034
9275,-0.00054884,0.042326,-0.06681,-0.061288,-0.18764,-0.53453,0.0059473
9276,0.0026992,0.053369,-0.069733,-0.056741,0.036479,-0.56864,-0.0099683
9277,0.0039985,0.068635,-0.062262,-0.052518,0.20181,-0.59495,-0.023285
9278,0.0091954,0.087149,-0.042449,-0.046347,0.27554,-0.61249,-0.03303
9279,0.017965,0.10566,-0.014191,-0.034654,0.27261,-0.61476,-0.036602
9280,0.025436,0.11768,0.012119,-0.020362,0.23201,-0.59495,-0.03238
9281,0.027385,0.11898,0.030633,-0.008669,0.18524,-0.55175,-0.027183
9282,0.020564,0.10696,0.03453,-0.0021729,0.13197,-0.49913,-0.035303
9283,0.0020496,0.080653,0.024461,-0.0076946,0.05207,-0.45853,-0.064211
9284,-0.022636,0.042651,0.0065969,-0.028482,-0.063886,-0.44196,-0.10968
9285,-0.044073,-0.0011985,-0.015165,-0.067784,-0.20908,-0.45138,-0.15743
9286,-0.059014,-0.042449,-0.039526,-0.11423,-0.36141,-0.48256,-0.19608
9287,-0.06616,-0.076554,-0.060963,-0.15158,-0.49361,-0.51082,-0.22337
9288,-0.063561,-0.10124,-0.074605,-0.16328,-0.57676,-0.50303,-0.24253
9289,-0.052193,-0.11391,-0.076879,-0.14314,-0.58455,-0.44131,-0.25617
9290,-0.037902,-0.11033,-0.064211,-0.090196,-0.51082,-0.3416,-0.26039
9291,-0.029132,-0.092794,-0.038227,-0.013541,-0.37895,-0.23993,-0.24805
9292,-0.025559,-0.06616,-0.0034721,0.075131,-0.23441,-0.17724,-0.22564
9293,-0.030106,-0.0405,0.034206,0.16088,-0.1334,-0.16847,-0.2029
9294,-0.045372,-0.026858,0.067011,0.21123,-0.13145,-0.2081,-0.19154
9295,-0.068109,-0.030106,0.084551,0.18654,-0.24935,-0.27566,-0.20258
9296,-0.09117,-0.044073,0.081303,0.081952,-0.4543,-0.34972,-0.23409
9297,-0.10676,-0.060313,0.06084,-0.06551,-0.66608,-0.39551,-0.26949
9298,-0.10838,-0.068434,0.029983,-0.20908,-0.80315,-0.36498,-0.27956
9299,-0.09117,-0.061613,-0.0057458,-0.30522,-0.81257,-0.23051,-0.24903
9300,-0.058365,-0.041799,-0.038876,-0.33575,-0.68817,-0.0089938,-0.18049
9301,-0.020362,-0.018738,-0.062262,-0.30912,-0.4699,0.23169,-0.094093
9302,0.011794,-0.0050961,-0.065186,-0.2435,-0.21427,0.41878,-0.012242
9303,0.029333,-0.0034721,-0.046022,-0.15191,0.034206,0.50907,0.046223
9304,0.032582,-0.0063954,-0.011917,-0.050894,0.24533,0.50063,0.074806
9305,0.027385,-0.0096434,0.023812,0.024137,0.39312,0.4191,0.081627
9306,0.019589,-0.012242,0.049472,0.034855,0.46782,0.31094,0.075456
9307,0.010819,-0.010293,0.059541,-0.025559,0.48861,0.21545,0.065387
9308,0.0017248,-0.0015233,0.057592,-0.12625,0.50388,0.15373,0.058241
9309,-0.0050961,0.012119,0.05207,-0.21525,0.56689,0.13457,0.054993
9310,-0.010943,0.026085,0.048822,-0.24903,0.68869,0.15503,0.05207
9311,-0.015815,0.034855,0.050446,-0.21492,0.83745,0.18751,0.046223
9312,-0.018738,0.037129,0.05272,-0.13567,0.95081,0.18557,0.037454
9313,-0.01549,0.038103,0.05207,-0.046996,0.96186,0.11054,0.024137
9314,-0.0041217,0.044599,0.050446,0.02641,0.8433,-0.043423,0.012443
9315,0.011794,0.054019,0.051096,0.072533,0.62016,-0.25,0.003024
9316,0.028359,0.062464,0.056942,0.088124,0.3444,-0.46307,-0.0054209
9317,0.042001,0.070909,0.064413,0.080978,0.077405,-0.63522,-0.017114
9318,0.050121,0.080328,0.064737,0.061489,-0.13632,-0.73039,-0.034329
9319,0.054019,0.089748,0.057592,0.039078,-0.27793,-0.73364,-0.04927
9320,0.055318,0.096569,0.045249,0.023162,-0.35914,-0.65309,-0.051544
9321,0.050771,0.10047,0.035505,0.013093,-0.41046,-0.50627,-0.042124
9322,0.046223,0.098193,0.030308,0.011469,-0.45495,-0.31626,-0.022961
9323,0.05207,0.087799,0.028684,0.013093,-0.50595,-0.11943,0.0026992
9324,0.066686,0.070909,0.030308,0.011144,-0.56441,0.040377,0.033231
9325,0.082927,0.055318,0.031282,0.0059473,-0.62613,0.13002,0.065712
9326,0.097543,0.045574,0.031932,0.0026992,-0.69044,0.14074,0.098842
9327,0.10956,0.047523,0.030633,0.0014,-0.73916,0.091047,0.12872
9328,0.11995,0.058241,0.02706,0.0014,-0.73461,0.0091954,0.15016
9329,0.1271,0.072208,0.027385,0.0065969,-0.64984,-0.074605,0.16056
9330,0.12937,0.080328,0.033881,0.021538,-0.48516,-0.1256,0.15536
9331,0.12418,0.082277,0.044599,0.042001,-0.27566,-0.1178,0.131
9332,0.10664,0.075456,0.051745,0.055318,-0.082725,-0.053817,0.091696
9333,0.077405,0.064088,0.053694,0.05142,0.032257,0.033556,0.049147
9334,0.0433,0.054668,0.050121,0.030957,0.043625,0.099817,0.014068
9335,0.014068,0.050446,0.041351,0.003024,-0.02361,0.12288,-0.0067202
9336,-0.0011985,0.056942,0.027709,-0.021012,-0.123,0.10501,-0.013216
9337,0.0014,0.072858,0.014392,-0.032055,-0.20972,0.065062,-0.0054209
9338,0.020564,0.094295,0.0052977,-0.028807,-0.26137,0.01829,0.020888
9339,0.050446,0.11671,0.0056225,-0.011592,-0.28086,-0.027183,0.063438
9340,0.080978,0.13425,0.015042,0.016991,-0.29028,-0.073631,0.10339
9341,0.099167,0.13522,0.028359,0.054344,-0.31886,-0.13307,0.1258
9342,0.098517,0.11931,0.039078,0.098193,-0.37213,-0.20908,0.1258
9343,0.079354,0.092346,0.0433,0.13944,-0.43319,-0.2906,0.10631
9344,0.045899,0.064413,0.036154,0.17192,-0.46827,-0.35849,0.075781
9345,0.0069217,0.045574,0.026085,0.19076,-0.45333,-0.38837,0.044924
9346,-0.023285,0.041027,0.022512,0.19141,-0.38187,-0.36141,0.022188
9347,-0.039526,0.046223,0.026735,0.17225,-0.25975,-0.28021,0.0052977
9348,-0.039201,0.053369,0.032582,0.13522,-0.10026,-0.1701,-0.011917
9349,-0.024909,0.058566,0.031282,0.088448,0.082927,-0.054467,-0.025234
9350,-0.00054884,0.061165,0.020888,0.046223,0.28853,0.051096,-0.024585
9351,0.025436,0.058241,0.003024,0.020239,0.49933,0.14691,-0.0024977
9352,0.045249,0.048822,-0.01484,0.014717,0.68415,0.23559,0.036804
9353,0.05142,0.03453,-0.024585,0.025111,0.80985,0.31776,0.080978
9354,0.042651,0.01764,-0.020037,0.039727,0.86214,0.39052,0.11866
9355,0.025761,-0.0011985,-0.0041217,0.045899,0.85175,0.4584,0.14237
9356,0.014068,-0.017114,0.016666,0.039402,0.8027,0.52726,0.15114
9357,0.014068,-0.020037,0.03583,0.021863,0.74034,0.5906,0.15049
9358,0.024461,-0.0044465,0.047198,0.0014,0.69584,0.63965,0.14529
9359,0.038103,0.022512,0.045899,-0.007045,0.69779,0.66823,0.13782
9360,0.046548,0.044924,0.029658,0.008221,0.74683,0.6718,0.12645
9361,0.044599,0.053044,0.0046481,0.044924,0.81277,0.65394,0.11118
9362,0.033881,0.045249,-0.019712,0.090072,0.85402,0.62081,0.089098
9363,0.016991,0.029983,-0.034654,0.12613,0.83291,0.57566,0.059541
9364,-0.0037969,0.015367,-0.04115,0.15081,0.73384,0.52207,0.022837
9365,-0.026533,0.0036737,-0.044073,0.16738,0.56234,0.4597,-0.016464
9366,-0.045047,-0.0037969,-0.046347,0.17874,0.34537,0.38922,-0.052518
9367,-0.052518,-0.0067202,-0.050569,0.18622,0.11638,0.31906,-0.075579
9368,-0.045697,-0.00054884,-0.049595,0.18751,-0.10189,0.2541,-0.076229
9369,-0.028482,0.013743,-0.034654,0.17939,-0.30229,0.19109,-0.050894
9370,-0.007045,0.034206,-0.0054209,0.16575,-0.48256,0.12645,-0.011592
9371,0.014717,0.054668,0.029658,0.14951,-0.62028,0.062464,0.024461
9372,0.027709,0.067986,0.057592,0.13262,-0.68817,0.0056225,0.044924
9373,0.025761,0.067011,0.062789,0.11768,-0.6742,-0.044073,0.044599
9374,0.0095202,0.044599,0.042326,0.10047,-0.60534,-0.093119,0.023487
9375,-0.020362,0.0023744,0.0062721,0.072208,-0.53681,-0.15711,-0.018413
9376,-0.056091,-0.049595,-0.029132,0.029983,-0.50887,-0.2474,-0.078503
9377,-0.085973,-0.093769,-0.053492,-0.01614,-0.49848,-0.35004,-0.13924
9378,-0.092469,-0.11228,-0.060313,-0.044073,-0.42735,-0.42312,-0.17562
9379,-0.063237,-0.097341,-0.042449,-0.028482,-0.20713,-0.41565,-0.16425
9380,0.0026992,-0.053492,-0.00054884,0.046548,0.18881,-0.30229,-0.09929
9381,0.084551,0.0014,0.057267,0.16673,0.68934,-0.11423,-0.00087364
9382,0.15633,0.050446,0.11118,0.29048,1.1727,0.083251,0.10014
9383,0.19726,0.076755,0.14464,0.37395,1.5303,0.24078,0.18232
9384,0.20635,0.080328,0.14984,0.39799,1.7037,0.33628,0.23754
9385,0.19206,0.06896,0.13262,0.36518,1.6855,0.37038,0.26969
9386,0.1638,0.051096,0.10112,0.29015,1.5023,0.33855,0.28496
9387,0.1271,0.031932,0.065062,0.18394,1.1892,0.24371,0.28398
9388,0.085525,0.014068,0.029658,0.060515,0.79328,0.10469,0.26937
9389,0.049147,0.00010078,0.00042559,-0.058365,0.37265,-0.031406,0.24143
9390,0.027385,-0.0057458,-0.020362,-0.14736,-0.011592,-0.10806,0.20278
9391,0.020564,-0.0031473,-0.028157,-0.18699,-0.30165,-0.10156,0.16023
9392,0.020564,0.0069217,-0.021012,-0.17659,-0.46827,-0.024909,0.11606
9393,0.025761,0.021863,-0.0037969,-0.13307,-0.51147,0.098517,0.076755
9394,0.027709,0.038428,0.016341,-0.077203,-0.46048,0.25053,0.044924
9395,0.025761,0.05272,0.029009,-0.032055,-0.35881,0.40579,0.02706
9396,0.016991,0.060515,0.034855,-0.012567,-0.24383,0.53376,0.023812
9397,0.0085458,0.061165,0.033881,-0.016464,-0.14119,0.61529,0.029333
9398,0.0046481,0.054344,0.027709,-0.032705,-0.069733,0.65069,0.039402
9399,0.0091954,0.041027,0.017965,-0.049595,-0.037902,0.65881,0.053369
9400,0.015042,0.019914,0.01017,-0.061937,-0.0405,0.65102,0.065387
9401,0.014068,-0.0063954,0.0072465,-0.06681,-0.064211,0.61951,0.061489
9402,0.00010078,-0.03238,0.011469,-0.06681,-0.10254,0.5474,0.029333
9403,-0.027508,-0.059014,0.01894,-0.067134,-0.15483,0.43209,-0.020362
9404,-0.061937,-0.081101,0.029009,-0.064536,-0.22304,0.28821,-0.068109
9405,-0.088572,-0.088572,0.040702,-0.055116,-0.31951,0.13587,-0.096692
9406,-0.097666,-0.076229,0.052395,-0.037577,-0.44424,-0.012892,-0.10091
9407,-0.09182,-0.045697,0.061165,-0.015165,-0.58748,-0.15353,-0.090521
9408,-0.080776,-0.00022403,0.06084,0.015367,-0.72812,-0.28216,-0.080776
9409,-0.068109,0.051096,0.058241,0.062139,-0.84148,-0.39487,-0.081751
9410,-0.052193,0.094295,0.06019,0.12418,-0.89702,-0.48614,-0.092794
9411,-0.028807,0.12125,0.069934,0.19369,-0.85966,-0.5472,-0.10903
9412,-0.0018481,0.12645,0.081627,0.2567,-0.69369,-0.56409,-0.12722
9413,0.022188,0.11573,0.088124,0.29665,-0.41111,-0.52869,-0.15516
9414,0.033881,0.092996,0.084226,0.30867,-0.084999,-0.43709,-0.19446
9415,0.032257,0.069285,0.068635,0.29405,0.18524,-0.29093,-0.23636
9416,0.024137,0.050771,0.043625,0.26092,0.33465,-0.11001,-0.26819
9417,0.013093,0.037129,0.017965,0.2096,0.35804,0.069934,-0.27728
9418,-0.0011985,0.026085,0.00010078,0.14464,0.2895,0.20538,-0.25747
9419,-0.016464,0.01894,-0.010293,0.074157,0.17647,0.26612,-0.21525
9420,-0.028482,0.016016,-0.016789,0.015367,0.065387,0.2476,-0.15808
9421,-0.029457,0.019589,-0.018738,-0.016789,-0.011267,0.16121,-0.093119
9422,-0.019388,0.024137,-0.013866,-0.020362,-0.046671,0.024137,-0.023935
9423,-0.00022403,0.023812,-0.0018481,-0.0060706,-0.058365,-0.14119,0.044924
9424,0.021538,0.019264,0.011794,0.013418,-0.073631,-0.2971,0.10631
9425,0.039727,0.014392,0.020564,0.022837,-0.10774,-0.41598,0.14756
9426,0.05272,0.009845,0.019914,0.015692,-0.15483,-0.49296,0.16088
9427,0.062789,0.0043233,0.0049729,-0.013866,-0.19543,-0.53388,0.15373
9428,0.072533,-0.0031473,-0.018738,-0.059664,-0.21947,-0.542,0.14691
9429,0.0852,-0.012892,-0.04115,-0.11196,-0.22077,-0.51309,0.14756
9430,0.098517,-0.019388,-0.057065,-0.1597,-0.2107,-0.45008,0.14691
9431,0.10469,-0.020687,-0.065835,-0.19186,-0.20258,-0.37148,0.13392
9432,0.098842,-0.017439,-0.067134,-0.19966,-0.20972,-0.30392,0.10469
9433,0.072858,-0.012242,-0.06551,-0.18439,-0.22661,-0.26332,0.063113
9434,0.030308,-0.0050961,-0.060963,-0.14964,-0.23311,-0.24156,0.017965
9435,-0.017764,0.00042559,-0.055116,-0.09994,-0.20485,-0.21817,-0.022636
9436,-0.055441,0.0072465,-0.04992,-0.050894,-0.1321,-0.19121,-0.054467
9437,-0.071357,0.014392,-0.042449,-0.019712,-0.034654,-0.1714,-0.076554
9438,-0.068109,0.019589,-0.034978,-0.0093186,0.045899,-0.17562,-0.089871
9439,-0.053817,0.020888,-0.028482,-0.016464,0.074157,-0.21232,-0.096367
9440,-0.036602,0.022512,-0.021661,-0.035628,0.044275,-0.26916,-0.097991
9441,-0.018738,0.024786,-0.011917,-0.056741,-0.01549,-0.31366,-0.087597
9442,0.0072465,0.029333,-0.0018481,-0.071682,-0.072006,-0.31821,-0.063561
9443,0.042001,0.034855,0.0062721,-0.072006,-0.10189,-0.27176,-0.023935
9444,0.083901,0.043625,0.013743,-0.058365,-0.10059,-0.17107,0.029658
9445,0.12028,0.055968,0.020888,-0.037902,-0.074605,-0.030431,0.0865
9446,0.14464,0.071558,0.024137,-0.01614,-0.033679,0.11183,0.13587
9447,0.15146,0.086175,0.028684,0.0033489,0.040377,0.21415,0.16803
9448,0.14237,0.094945,0.040052,0.019589,0.18362,0.26157,0.18654
9449,0.1258,0.095919,0.06019,0.032582,0.40936,0.26547,0.19628
9450,0.11313,0.092996,0.082602,0.039402,0.67278,0.24013,0.20083
9451,0.10664,0.088124,0.098517,0.039078,0.8878,0.19206,0.19531
9452,0.099167,0.079679,0.098842,0.03453,0.96868,0.1245,0.17874
9453,0.0852,0.064088,0.0852,0.030957,0.87286,0.046223,0.15438
9454,0.06961,0.040377,0.065062,0.02706,0.62178,-0.030431,0.12807
9455,0.054993,0.016016,0.043625,0.022188,0.28885,-0.10611,0.10404
9456,0.040052,-0.0031473,0.026085,0.019914,-0.039526,-0.18699,0.08585
9457,0.021863,-0.016789,0.016666,0.023487,-0.30684,-0.27371,0.071558
9458,0.00075039,-0.023935,0.013743,0.027385,-0.48808,-0.34647,0.056292
9459,-0.018088,-0.019712,0.015042,0.027385,-0.58293,-0.37798,0.038428
9460,-0.030431,-0.00022403,0.019589,0.025111,-0.60307,-0.34614,0.020888
9461,-0.032705,0.03453,0.025111,0.020888,-0.56214,-0.2487,0.01017
9462,-0.029132,0.073182,0.02641,0.01764,-0.4608,-0.10189,0.0072465
9463,-0.024585,0.10371,0.022188,0.01764,-0.29093,0.057267,0.016991
9464,-0.021337,0.11443,0.017316,0.015367,-0.067459,0.18751,0.038103
9465,-0.021012,0.10014,0.013743,-0.00087364,0.1651,0.25443,0.056292
9466,-0.02426,0.067336,0.008221,-0.026533,0.35057,0.2502,0.057917
9467,-0.028807,0.029983,0.00075039,-0.04927,0.45386,0.19693,0.042326
9468,-0.028157,0.0049729,-0.0044465,-0.062262,0.4675,0.1284,0.020564
9469,-0.018738,0.00042559,-0.0060706,-0.063886,0.41098,0.076106,0.0023744
9470,-0.00022403,0.016341,-0.0060706,-0.058365,0.31192,0.049472,-0.0096434
9471,0.023487,0.040377,-0.0047713,-0.052518,0.19499,0.037454,-0.017439
9472,0.0433,0.063763,-0.0041217,-0.04927,0.082602,0.023162,-0.01614
9473,0.055643,0.078379,-0.0054209,-0.044723,0.0026992,0.0095202,0.0023744
9474,0.060515,0.081952,-0.0093186,-0.035303,-0.017114,0.023487,0.044599
9475,0.061814,0.07773,-0.011592,-0.018413,0.031282,0.088773,0.10209
9476,0.064088,0.066362,-0.007045,0.0046481,0.11703,0.20928,0.15568
9477,0.067986,0.050121,0.0052977,0.038753,0.18751,0.36421,0.19011
9478,0.070909,0.033556,0.029333,0.078704,0.19401,0.51947,0.19921
9479,0.06831,0.021213,0.058891,0.11021,0.11866,0.63477,0.18719
9480,0.06084,0.011794,0.083576,0.11931,-0.021986,0.67603,0.16121
9481,0.045899,0.0033489,0.092671,0.098842,-0.18147,0.63283,0.1284
9482,0.024137,-0.008669,0.085525,0.058241,-0.32113,0.51102,0.094295
9483,0.0017248,-0.020687,0.065062,0.016666,-0.4189,0.34017,0.067011
9484,-0.010618,-0.025884,0.0433,-0.012892,-0.4673,0.16185,0.052395
9485,-0.0060706,-0.023285,0.025761,-0.026209,-0.4647,0.01764,0.046548
9486,0.008221,-0.017114,0.011794,-0.038876,-0.42215,-0.070058,0.039727
9487,0.022188,-0.012242,-0.0024977,-0.057715,-0.36076,-0.10644,0.025111
9488,0.025436,-0.012892,-0.019063,-0.080451,-0.30749,-0.10676,0.0072465
9489,0.014068,-0.022636,-0.034654,-0.098965,-0.28053,-0.080127,-0.0099683
9490,-0.008669,-0.041475,-0.044723,-0.10579,-0.27566,-0.028482,-0.026858
9491,-0.035628,-0.062587,-0.055116,-0.10189,-0.27664,0.03518,-0.04992
9492,-0.060963,-0.078503,-0.068758,-0.097341,-0.27111,0.082927,-0.080776
9493,-0.079477,-0.0837,-0.082076,-0.094418,-0.25065,0.091696,-0.11553
9494,-0.086298,-0.076879,-0.089221,-0.087272,-0.2016,0.062464,-0.13762
9495,-0.078178,-0.061288,-0.082076,-0.066485,-0.10838,0.019589,-0.12982
9496,-0.052518,-0.037577,-0.05804,-0.026209,0.041676,-0.015165,-0.088247
9497,-0.012242,-0.010618,-0.019388,0.032906,0.23559,-0.04927,-0.025559
9498,0.034855,0.013418,0.028684,0.10306,0.42105,-0.10611,0.041027
9499,0.079354,0.03583,0.078379,0.1716,0.53279,-0.2133,0.088773
9500,0.10924,0.056942,0.1219,0.22,0.53149,-0.37343,0.098193
9501,0.12093,0.07708,0.15211,0.23364,0.42008,-0.54493,0.066362
9502,0.11703,0.094295,0.16413,0.21285,0.24241,-0.669,0.011144
9503,0.099817,0.10566,0.15796,0.1703,0.067336,-0.70343,-0.047321
9504,0.075456,0.11151,0.13749,0.1206,-0.046996,-0.64497,-0.094093
9505,0.05142,0.10696,0.10794,0.072533,-0.085648,-0.51634,-0.12755
9506,0.031282,0.092346,0.078379,0.031607,-0.073955,-0.35167,-0.14379
9507,0.016016,0.073182,0.054344,-0.0034721,-0.050894,-0.18439,-0.14249
9508,0.0072465,0.055318,0.041676,-0.020687,-0.035953,-0.026209,-0.1217
9509,0.0069217,0.047198,0.041027,-0.0083442,-0.023285,0.12775,-0.081426
9510,0.019264,0.047847,0.047847,0.039727,0.015042,0.28788,-0.022961
9511,0.039402,0.048497,0.054668,0.11801,0.10631,0.44801,0.038428
9512,0.054019,0.045249,0.054344,0.20733,0.23883,0.58508,0.082927
9513,0.053369,0.037454,0.044599,0.28236,0.37071,0.66726,0.091696
9514,0.042001,0.028034,0.028359,0.31809,0.44639,0.68674,0.063113
9515,0.030308,0.021538,0.016016,0.31614,0.43599,0.64972,0.017316
9516,0.022837,0.022188,0.012443,0.29048,0.34115,0.56721,-0.033354
9517,0.021863,0.030957,0.0091954,0.25378,0.20083,0.44834,-0.086298
9518,0.022837,0.048497,0.0043233,0.21252,0.067011,0.30964,-0.13697
9519,0.021213,0.067336,-0.0024977,0.17257,-0.020687,0.17062,-0.17562
9520,0.0078962,0.078379,-0.007045,0.13392,-0.052843,0.047198,-0.19381
9521,-0.018088,0.07708,-0.010943,0.10274,-0.042449,-0.055766,-0.18569
9522,-0.051544,0.061489,-0.012892,0.0865,-0.0080194,-0.14152,-0.15581
9523,-0.080451,0.038753,-0.0099683,0.09397,0.036479,-0.20908,-0.11651
9524,-0.094418,0.020888,0.0014,0.12385,0.083901,-0.25747,-0.079802
9525,-0.090521,0.009845,0.01894,0.15796,0.12288,-0.28378,-0.051544
9526,-0.076229,0.0017248,0.032257,0.1625,0.12905,-0.28768,-0.036602
9527,-0.063561,-0.010618,0.030957,0.11021,0.086824,-0.28086,-0.038551
9528,-0.059664,-0.028157,0.014068,0.0069217,0.0069217,-0.26884,-0.054467
9529,-0.060313,-0.046347,-0.010618,-0.11098,-0.079802,-0.25422,-0.077853
9530,-0.059989,-0.061937,-0.036278,-0.2055,-0.13827,-0.23409,-0.10221
9531,-0.059664,-0.077528,-0.054467,-0.25812,-0.14996,-0.20193,-0.11521
9532,-0.059339,-0.086948,-0.059014,-0.26592,-0.1217,-0.14931,-0.11163
9533,-0.060313,-0.087597,-0.04992,-0.23279,-0.08305,-0.079802,-0.087597
9534,-0.062587,-0.078827,-0.03303,-0.1753,-0.060638,-0.016789,-0.048945
9535,-0.064536,-0.061613,-0.017439,-0.12398,-0.059339,0.015367,-0.0050961
9536,-0.059989,-0.043423,-0.0076946,-0.099615,-0.072006,0.0069217,0.031607
9537,-0.047321,-0.030106,-0.0054209,-0.10416,-0.091495,-0.029132,0.056292
9538,-0.032055,-0.023935,-0.010618,-0.12333,-0.1269,-0.059664,0.062464
9539,-0.018738,-0.022961,-0.021337,-0.13989,-0.19348,-0.055766,0.05272
9540,-0.0093186,-0.025559,-0.030431,-0.14606,-0.29645,-0.0028225,0.036479
9541,-0.0021729,-0.021986,-0.034329,-0.14022,-0.41046,0.10014,0.023812
9542,0.0046481,-0.013866,-0.033679,-0.12657,-0.50173,0.25572,0.025436
9543,0.014068,-0.00087364,-0.031081,-0.11293,-0.54655,0.48374,0.051745
9544,0.029333,0.015042,-0.026209,-0.10319,-0.53421,0.79328,0.11021
9545,0.051096,0.029983,-0.020362,-0.094418,-0.46567,1.1353,0.18589
9546,0.073507,0.042001,-0.011592,-0.08305,-0.36238,1.4185,0.25118
9547,0.090072,0.05272,0.0052977,-0.059664,-0.25,1.5663,0.28626
9548,0.098193,0.065062,0.027385,-0.024585,-0.14704,1.5657,0.2934
9549,0.10014,0.078704,0.048172,0.021213,-0.061937,1.4549,0.28885
9550,0.094295,0.091047,0.065387,0.059541,-0.0096434,1.2899,0.28918
9551,0.089423,0.10144,0.078379,0.07708,0.013093,1.1093,0.30282
9552,0.091696,0.11021,0.088448,0.077405,0.049472,0.9219,0.33173
9553,0.10306,0.11963,0.097218,0.078704,0.16413,0.72767,0.36356
9554,0.11833,0.13002,0.10859,0.096244,0.39279,0.53376,0.37948
9555,0.13002,0.13717,0.12288,0.13392,0.70298,0.35479,0.36486
9556,0.13165,0.13587,0.13555,0.18264,1.0028,0.18816,0.31192
9557,0.1258,0.1206,0.13912,0.22454,1.1899,0.0072465,0.22779
9558,0.11281,0.092671,0.13425,0.24273,1.1993,-0.22402,0.13132
9559,0.097543,0.063763,0.12548,0.23526,1.0382,-0.53875,0.039078
9560,0.083576,0.045574,0.11573,0.20798,0.77834,-0.93437,-0.039201
9561,0.076431,0.042001,0.10664,0.17387,0.51979,-1.356,-0.098316
9562,0.07773,0.047523,0.099492,0.14334,0.32588,-1.7168,-0.13599
9563,0.082927,0.053694,0.090072,0.11378,0.2044,-1.9533,-0.15743
9564,0.080653,0.047523,0.078704,0.089423,0.11898,-2.0485,-0.16588
9565,0.068635,0.027385,0.064088,0.072858,0.028034,-2.0247,-0.1623
9566,0.047198,-0.00087364,0.044599,0.056292,-0.08305,-1.9241,-0.15353
9567,0.019264,-0.027508,0.021863,0.03583,-0.20778,-1.7779,-0.14541
9568,-0.010293,-0.042449,0.0017248,0.012119,-0.3325,-1.607,-0.14184
9569,-0.037252,-0.040175,-0.0083442,-0.010943,-0.44683,-1.4268,-0.15029
9570,-0.055766,-0.02426,-0.010943,-0.03173,-0.54817,-1.255,-0.17205
9571,-0.065835,-0.0015233,-0.011592,-0.045047,-0.64757,-1.1153,-0.19868
9572,-0.07428,0.018615,-0.015815,-0.050894,-0.76287,-1.0338,-0.22402
9573,-0.082725,0.028034,-0.024585,-0.050894,-0.89832,-1.024,-0.23928
9574,-0.087272,0.025111,-0.034004,-0.040175,-1.0136,-1.0558,-0.23863
9575,-0.0837,0.016016,-0.038551,-0.015815,-1.0393,-1.0607,-0.22109
9576,-0.069733,0.0062721,-0.035628,0.01829,-0.92593,-0.96523,-0.18991
9577,-0.044073,0.0036737,-0.023935,0.053694,-0.66543,-0.71642,-0.15191
9578,-0.0083442,0.0091954,-0.0047713,0.080653,-0.31042,-0.31269,-0.11845
9579,0.030633,0.022512,0.014717,0.093321,0.040052,0.19044,-0.09929
9580,0.066686,0.042326,0.028684,0.097868,0.3051,0.70006,-0.095717
9581,0.09462,0.060515,0.033231,0.10534,0.46328,1.1301,-0.098965
9582,0.11216,0.073832,0.029658,0.12353,0.53441,1.4231,-0.089221
9583,0.12255,0.082277,0.028684,0.14854,0.5552,1.5621,-0.043748
9584,0.12775,0.089098,0.03453,0.16803,0.56851,1.5722,0.03518
9585,0.12937,0.093321,0.043625,0.17225,0.60229,1.4932,0.1219
9586,0.12678,0.093645,0.045899,0.16478,0.67343,1.3659,0.18622
9587,0.12418,0.092996,0.040377,0.15179,0.77964,1.2259,0.21675
9588,0.1219,0.089098,0.028359,0.13652,0.90307,1.12,0.22162
9589,0.11963,0.088448,0.013418,0.11898,1.0122,1.0954,0.21935
9590,0.11963,0.096569,-0.0028225,0.096893,1.0746,1.1606,0.22974
9591,0.11736,0.11768,-0.014191,0.069934,1.0638,1.2824,0.25962
9592,0.10761,0.14432,-0.019712,0.041676,0.98199,1.399,0.3012
9593,0.089423,0.16868,-0.021986,0.017965,0.83356,1.4432,0.33498
9594,0.064413,0.18589,-0.021337,0.0010752,0.626,1.3783,0.3418
9595,0.040052,0.19661,-0.021661,-0.012567,0.3733,1.2064,0.31776
9596,0.022188,0.19888,-0.023285,-0.022961,0.10696,0.96316,0.26904
9597,0.015367,0.19206,-0.022636,-0.024909,-0.13502,0.68317,0.21252
9598,0.020888,0.17907,-0.01484,-0.020037,-0.32113,0.39604,0.1664
9599,0.03453,0.16315,-0.0021729,-0.01614,-0.44456,0.12353,0.14009
9600,0.046223,0.14984,0.011794,-0.024909,-0.52998,-0.12333,0.1297
9601,0.049472,0.13717,0.024786,-0.048945,-0.62353,-0.339,0.12385
9602,0.041027,0.1232,0.03518,-0.085973,-0.75865,-0.52609,0.10989
9603,0.021213,0.096244,0.038428,-0.12917,-0.93437,-0.68589,0.076431
9604,-0.0037969,0.047847,0.028359,-0.16653,-1.1117,-0.82004,0.020239
9605,-0.029132,-0.020687,0.0010752,-0.18764,-1.239,-0.91943,-0.053168
9606,-0.051219,-0.09929,-0.037252,-0.18666,-1.2738,-0.97692,-0.1295
9607,-0.071682,-0.17075,-0.078827,-0.1636,-1.2072,-0.98991,-0.19121
9608,-0.093769,-0.21979,-0.11326,-0.12852,-1.0601,-0.97367,-0.23376
9609,-0.1256,-0.24188,-0.1295,-0.097341,-0.85739,-0.95061,-0.26657
9610,-0.16295,-0.23603,-0.11943,-0.069408,-0.60079,-0.92885,-0.29547
9611,-0.19413,-0.2094,-0.083375,-0.026209,-0.26429,-0.88175,-0.30684
9612,-0.20225,-0.17107,-0.03238,0.039727,0.1768,-0.76352,-0.28638
9613,-0.17887,-0.13404,0.019264,0.11411,0.68674,-0.54168,-0.23019
9614,-0.12755,-0.10838,0.058891,0.17907,1.1743,-0.22434,-0.14152
9615,-0.062912,-0.097666,0.081952,0.22162,1.5449,0.1362,-0.035628
9616,-0.0018481,-0.10059,0.089423,0.23559,1.7485,0.4636,0.064088
9617,0.0433,-0.10449,0.080978,0.22162,1.783,0.69454,0.1349
9618,0.065062,-0.096367,0.064088,0.18979,1.6755,0.79945,0.16803
9619,0.064413,-0.072981,0.045899,0.14529,1.4559,0.79361,0.1768
9620,0.057267,-0.034978,0.03583,0.10014,1.1499,0.72312,0.18199
9621,0.057267,0.008221,0.03518,0.071558,0.78224,0.64322,0.19693
9622,0.067011,0.045574,0.039078,0.070259,0.39019,0.58183,0.22162
9623,0.0865,0.06961,0.050771,0.088448,0.0095202,0.53376,0.24501
9624,0.11443,0.078379,0.066686,0.11281,-0.31431,0.47854,0.25995
9625,0.14432,0.07708,0.081952,0.1232,-0.54493,0.40449,0.26222
9626,0.16705,0.067011,0.090397,0.11248,-0.65828,0.31484,0.24501
9627,0.17192,0.053694,0.091372,0.087474,-0.65861,0.2135,0.20376
9628,0.14951,0.037778,0.083576,0.050121,-0.58488,0.10274,0.13684
9629,0.096893,0.01764,0.063113,-0.01614,-0.50822,-0.022961,0.045574
9630,0.029333,-0.008669,0.029983,-0.13404,-0.49588,-0.16198,-0.054792
9631,-0.031081,-0.035953,-0.0057458,-0.28865,-0.57578,-0.29385,-0.13697
9632,-0.069733,-0.055766,-0.030431,-0.42702,-0.72682,-0.39649,-0.18634
9633,-0.085648,-0.062912,-0.035628,-0.48224,-0.90481,-0.46632,-0.2029
9634,-0.084024,-0.060638,-0.026209,-0.41143,-1.0571,-0.51277,-0.19836
9635,-0.068109,-0.047321,-0.011917,-0.21882,-1.1322,-0.54623,-0.17919
9636,-0.046996,-0.02361,-0.0018481,0.045574,-1.0737,-0.56864,-0.14606
9637,-0.022961,0.0069217,-0.0060706,0.30087,-0.85512,-0.56669,-0.10579
9638,0.00010078,0.037454,-0.021661,0.46328,-0.51374,-0.52576,-0.065186
9639,0.016991,0.062464,-0.038876,0.49641,-0.15353,-0.44976,-0.030756
9640,0.021538,0.080653,-0.051219,0.41585,0.10956,-0.35426,-0.0073698
9641,0.016341,0.092996,-0.050894,0.27586,0.21577,-0.2591,0.008221
9642,0.012119,0.10274,-0.035628,0.13457,0.18102,-0.18049,0.024137
9643,0.015692,0.10566,-0.015165,0.031607,0.064413,-0.12105,0.050446
9644,0.025436,0.096244,-0.00054884,-0.022961,-0.065835,-0.078503,0.08585
9645,0.031607,0.06961,-0.00054884,-0.038551,-0.15938,-0.034978,0.12125
9646,0.027709,0.027709,-0.012567,-0.03303,-0.18926,0.028034,0.15114
9647,0.017316,-0.020037,-0.028807,-0.021661,-0.15613,0.10696,0.17095
9648,0.008221,-0.059664,-0.0405,-0.012242,-0.081426,0.16835,0.17517
9649,0.0049729,-0.077853,-0.038227,-0.0083442,-0.00087364,0.1768,0.16153
9650,0.0075714,-0.067784,-0.019388,-0.010943,0.046223,0.12158,0.1323
9651,0.011469,-0.032055,0.015692,-0.014516,0.032257,0.014717,0.092021
9652,0.015367,0.021213,0.057917,-0.01484,-0.04862,-0.11423,0.052395
9653,0.021213,0.082602,0.095594,-0.012242,-0.18666,-0.23701,0.019589
9654,0.033231,0.14172,0.12158,-0.0080194,-0.35329,-0.32698,-0.0021729
9655,0.055643,0.18524,0.12807,-0.0063954,-0.51537,-0.36823,-0.014191
9656,0.082927,0.19953,0.11801,-0.0083442,-0.62515,-0.35589,-0.021661
9657,0.10599,0.17517,0.097868,-0.015165,-0.631,-0.29547,-0.027183
9658,0.11378,0.12645,0.072858,-0.031081,-0.5079,-0.2016,-0.028157
9659,0.10274,0.073832,0.048172,-0.048945,-0.28963,-0.096042,-0.020362
9660,0.077405,0.042326,0.032257,-0.055116,-0.043423,-0.00022403,-0.0054209
9661,0.049147,0.040052,0.028034,-0.041475,0.17582,0.075456,0.01017
9662,0.02706,0.053044,0.032257,-0.014191,0.33725,0.13944,0.024137
9663,0.014392,0.064413,0.037129,0.015367,0.44086,0.20603,0.039078
9664,0.013093,0.064088,0.034855,0.036804,0.51037,0.28203,0.057267
9665,0.021863,0.05142,0.028034,0.053694,0.57111,0.36551,0.080003
9666,0.037129,0.036479,0.024137,0.07708,0.63185,0.44866,0.10664
9667,0.054344,0.027709,0.030633,0.1206,0.69097,0.51979,0.13197
9668,0.070909,0.032257,0.047523,0.18004,0.75106,0.56721,0.15536
9669,0.084226,0.05142,0.068635,0.23948,0.80043,0.57923,0.17745
9670,0.096244,0.077405,0.082602,0.27749,0.81407,0.55195,0.19661
9671,0.10112,0.10047,0.084876,0.28073,0.77899,0.49478,0.20993
9672,0.096893,0.11021,0.073182,0.25313,0.70591,0.42332,0.21252
9673,0.07708,0.10014,0.054019,0.19888,0.60684,0.34797,0.20213
9674,0.039078,0.067011,0.031932,0.11606,0.47724,0.26579,0.1781
9675,-0.011592,0.016341,0.0075714,0.0085458,0.30867,0.16705,0.14529
9676,-0.060638,-0.038227,-0.015165,-0.10806,0.11898,0.053044,0.10664
9677,-0.098316,-0.076554,-0.03173,-0.20843,-0.039526,-0.050894,0.061165
9678,-0.11618,-0.084674,-0.038876,-0.27014,-0.11293,-0.10871,0.0059473
9679,-0.11033,-0.068434,-0.037252,-0.28573,-0.087272,-0.093119,-0.059664
9680,-0.089546,-0.046347,-0.03238,-0.26299,0.0062721,-0.01549,-0.13112
9681,-0.064211,-0.036278,-0.030756,-0.21557,0.11151,0.07773,-0.19966
9682,-0.042449,-0.041799,-0.034329,-0.15905,0.1742,0.1362,-0.25617
9683,-0.025234,-0.053492,-0.043423,-0.10481,0.1638,0.13327,-0.28768
9684,-0.012242,-0.059339,-0.050894,-0.062912,0.083251,0.066037,-0.2906
9685,-0.0021729,-0.054142,-0.04927,-0.040175,-0.035628,-0.037577,-0.27144
9686,0.0059473,-0.031081,-0.033679,-0.028807,-0.14964,-0.14281,-0.23798
9687,0.013743,0.0036737,-0.008669,-0.017764,-0.23441,-0.22077,-0.19316
9688,0.020239,0.041027,0.020564,0.0065969,-0.28411,-0.26169,-0.14379
9689,0.024786,0.074157,0.049147,0.046873,-0.30717,-0.27339,-0.098965
9690,0.028684,0.095919,0.074157,0.08585,-0.31789,-0.26299,-0.063561
9691,0.029009,0.10501,0.087799,0.11216,-0.33023,-0.23506,-0.037902
9692,0.026085,0.099817,0.088773,0.11963,-0.34647,-0.19576,-0.024585
9693,0.023812,0.083251,0.077405,0.11151,-0.35881,-0.15841,-0.022961
9694,0.025436,0.064088,0.061489,0.088448,-0.34777,-0.13275,-0.026209
9695,0.03518,0.05207,0.047198,0.057917,-0.29872,-0.11456,-0.025884
9696,0.05142,0.05207,0.038428,0.033231,-0.21102,-0.082725,-0.017764
9697,0.069934,0.062139,0.034855,0.022188,-0.090521,-0.020362,0.0014
9698,0.086175,0.076431,0.037778,0.022837,0.041027,0.070909,0.030308
9699,0.10112,0.087474,0.045249,0.033556,0.13977,0.16738,0.061165
9700,0.11378,0.095594,0.059865,0.054993,0.1703,0.23559,0.093645
9701,0.1232,0.10144,0.076755,0.084876,0.1206,0.24695,0.12418
9702,0.1245,0.10794,0.091696,0.11833,-0.0028225,0.19174,0.14204
9703,0.11606,0.11866,0.10209,0.15081,-0.17205,0.084226,0.13977
9704,0.10047,0.13262,0.10566,0.1729,-0.35556,-0.040175,0.11963
9705,0.089423,0.14919,0.10209,0.18297,-0.52901,-0.14574,0.092671
9706,0.090722,0.16803,0.096244,0.18492,-0.6716,-0.20875,0.069285
9707,0.10144,0.18459,0.092346,0.17517,-0.7606,-0.22239,0.048497
9708,0.11313,0.19434,0.088124,0.15406,-0.76125,-0.19089,0.030957
9709,0.11703,0.19271,0.074157,0.11801,-0.64497,-0.12657,0.016666
9710,0.11151,0.17355,0.05142,0.071558,-0.4228,-0.051868,0.0062721
9711,0.092996,0.13587,0.025436,0.029983,-0.15386,0.0095202,-0.0021729
9712,0.066362,0.0865,0.0046481,0.015367,0.089098,0.044275,-0.0093186
9713,0.03583,0.040377,-0.0028225,0.03518,0.26092,0.06019,-0.012242
9714,0.0010752,0.0043233,0.00075039,0.06831,0.36908,0.078704,-0.008669
9715,-0.036278,-0.02361,0.0059473,0.081952,0.45581,0.12515,0.0010752
9716,-0.077203,-0.051868,0.0020496,0.054344,0.55942,0.22259,0.014717
9717,-0.1178,-0.088896,-0.012242,-0.010943,0.69064,0.38013,0.032906
9718,-0.15516,-0.13275,-0.033354,-0.097017,0.82381,0.56592,0.055318
9719,-0.17984,-0.17659,-0.061937,-0.17627,0.90242,0.72117,0.078704
9720,-0.18634,-0.21167,-0.094743,-0.22499,0.8826,0.77996,0.098517
9721,-0.1727,-0.22629,-0.1204,-0.23636,0.75788,0.71013,0.11021
9722,-0.14606,-0.21914,-0.1269,-0.2107,0.56202,0.52239,0.10956
9723,-0.11813,-0.19738,-0.10936,-0.14964,0.35024,0.27229,0.097218
9724,-0.093769,-0.1649,-0.071357,-0.06551,0.17777,0.027385,0.084226
9725,-0.067784,-0.12138,-0.02361,0.020564,0.078379,-0.16588,0.078704
9726,-0.035628,-0.072006,0.020564,0.092996,0.046223,-0.29223,0.082602
9727,-0.00022403,-0.021661,0.047847,0.13944,0.048822,-0.36823,0.088448
9728,0.03453,0.029333,0.053369,0.14789,0.063438,-0.41858,0.088773
9729,0.067011,0.079354,0.045249,0.1206,0.085525,-0.45333,0.075781
9730,0.097868,0.12223,0.033231,0.076431,0.1206,-0.47249,0.047523
9731,0.12515,0.15114,0.023487,0.03583,0.16088,-0.47379,0.011144
9732,0.14204,0.15731,0.021538,0.017965,0.18297,-0.44878,-0.022636
9733,0.14594,0.13879,0.027709,0.037129,0.15926,-0.38415,-0.042774
9734,0.13587,0.10566,0.045899,0.095594,0.078704,-0.27631,-0.043748
9735,0.12093,0.075456,0.067661,0.16185,-0.046347,-0.13697,-0.026858
9736,0.10794,0.06019,0.080003,0.18427,-0.19219,0.0020496,-0.0024977
9737,0.10761,0.066362,0.081303,0.13847,-0.32373,0.10014,0.016341
9738,0.11736,0.093645,0.075781,0.044924,-0.41988,0.11443,0.015367
9739,0.12158,0.131,0.065062,-0.042774,-0.48484,0.024786,-0.013216
9740,0.11086,0.15731,0.053369,-0.069733,-0.53616,-0.15516,-0.067134
9741,0.080978,0.15568,0.041676,-0.025884,-0.58033,-0.3757,-0.13404
9742,0.042326,0.11768,0.028034,0.06019,-0.59884,-0.56539,-0.19543
9743,0.0014,0.048172,0.011144,0.14204,-0.55175,-0.66835,-0.23961
9744,-0.033679,-0.032705,-0.011592,0.1781,-0.40071,-0.66446,-0.26364
9745,-0.057065,-0.10254,-0.036278,0.16056,-0.13145,-0.55792,-0.26559
9746,-0.065835,-0.14574,-0.055441,0.10761,0.22097,-0.37862,-0.24383
9747,-0.063237,-0.15483,-0.057065,0.046873,0.57566,-0.174,-0.20063
9748,-0.052193,-0.13469,-0.042124,0.00010078,0.84817,-0.0024977,-0.15061
9749,-0.038876,-0.10091,-0.022311,-0.024585,0.98427,0.097868,-0.10709
9750,-0.025559,-0.06551,-0.007045,-0.032705,0.96933,0.12905,-0.072656
9751,-0.01484,-0.028807,0.0014,-0.028807,0.82414,0.11995,-0.044073
9752,-0.008669,0.0072465,0.0036737,-0.018738,0.5997,0.10014,-0.013866
9753,-0.010618,0.034855,0.0014,-0.008669,0.36064,0.084876,0.01829
9754,-0.022311,0.042975,-0.0050961,0.00075039,0.15406,0.066686,0.050446
9755,-0.040825,0.029333,-0.0096434,0.011794,-0.012242,0.038428,0.079679
9756,-0.063237,0.0010752,-0.0093186,0.028034,-0.14379,0.014717,0.10469
9757,-0.085648,-0.035628,-0.0024977,0.05142,-0.24221,0.015692,0.12353
9758,-0.10611,-0.069408,0.0046481,0.072533,-0.28605,0.04395,0.1336
9759,-0.12592,-0.090196,0.0072465,0.080653,-0.25,0.080003,0.13132
9760,-0.14476,-0.097341,0.0023744,0.067011,-0.15093,0.10534,0.12353
9761,-0.15613,-0.094743,-0.014516,0.032906,-0.039201,0.11703,0.11671
9762,-0.15418,-0.092145,-0.04115,-0.013216,0.041676,0.12353,0.11151
9763,-0.13859,-0.092145,-0.068434,-0.060963,0.080328,0.13035,0.10112
9764,-0.11488,-0.089871,-0.090521,-0.10156,0.10989,0.13879,0.08585
9765,-0.088247,-0.076554,-0.10156,-0.12885,0.15893,0.14399,0.070259
9766,-0.067134,-0.047321,-0.097341,-0.14119,0.22552,0.14334,0.059865
9767,-0.058365,-0.0089938,-0.082725,-0.14184,0.28431,0.13262,0.046548
9768,-0.060963,0.023812,-0.062912,-0.13404,0.31354,0.11313,0.015042
9769,-0.062587,0.042326,-0.040175,-0.1191,0.31939,0.10664,-0.02426
9770,-0.04862,0.048497,-0.014191,-0.092469,0.31971,0.14074,-0.051219
9771,-0.0093186,0.051745,0.014068,-0.050244,0.32036,0.22292,-0.045697
9772,0.058241,0.061814,0.039402,0.0072465,0.30672,0.32393,-0.0080194
9773,0.13944,0.087799,0.057592,0.066362,0.2554,0.39474,0.042326
9774,0.21447,0.12678,0.070259,0.11541,0.15081,0.40579,0.089423
9775,0.26482,0.16738,0.084876,0.15211,-0.00054884,0.36941,0.1271
9776,0.28268,0.19596,0.10469,0.18167,-0.16945,0.33043,0.15731
9777,0.26872,0.2083,0.12483,0.20473,-0.31886,0.33498,0.18427
9778,0.23266,0.20798,0.14172,0.2187,-0.42475,0.40611,0.20505
9779,0.18946,0.20473,0.14919,0.22032,-0.47899,0.52402,0.21415
9780,0.15341,0.20473,0.14886,0.20798,-0.48711,0.6338,0.20408
9781,0.14009,0.20408,0.13749,0.17972,-0.4608,0.68707,0.17874
9782,0.15049,0.19693,0.11541,0.13652,-0.41793,0.66401,0.14042
9783,0.16933,0.1742,0.084226,0.078379,-0.38252,0.56786,0.086175
9784,0.17127,0.13035,0.048497,0.0052977,-0.35556,0.4165,0.011144
9785,0.14139,0.065712,0.014717,-0.077203,-0.30782,0.23331,-0.078827
9786,0.078704,-0.0050961,-0.011267,-0.16198,-0.21492,0.046548,-0.16912
9787,-0.0018481,-0.062262,-0.027508,-0.23701,-0.087597,-0.12398,-0.24675
9788,-0.078827,-0.098965,-0.035303,-0.29158,0.02641,-0.25845,-0.30327
9789,-0.13567,-0.11066,-0.040825,-0.31009,0.0852,-0.34387,-0.33445
9790,-0.16458,-0.10189,-0.043423,-0.27566,0.07708,-0.37798,-0.33543
9791,-0.16523,-0.083375,-0.04115,-0.18244,0.021538,-0.37895,-0.30879
9792,-0.14639,-0.061613,-0.034978,-0.045697,-0.045372,-0.3796,-0.26299
9793,-0.12073,-0.044073,-0.030106,0.093645,-0.096692,-0.39714,-0.212
9794,-0.097991,-0.030756,-0.027508,0.19499,-0.12657,-0.43352,-0.16588
9795,-0.08305,-0.022311,-0.024909,0.23981,-0.13989,-0.47996,-0.1269
9796,-0.071682,-0.01484,-0.016789,0.23104,-0.14411,-0.52024,-0.09182
9797,-0.061613,-0.0063954,-0.0031473,0.18492,-0.14639,-0.52511,-0.060638
9798,-0.048296,0.0020496,0.011144,0.1219,-0.14606,-0.47152,-0.029132
9799,-0.034004,0.0062721,0.020888,0.065387,-0.14346,-0.35426,0.009845
9800,-0.017764,0.0056225,0.027385,0.03453,-0.14671,-0.18699,0.063763
9801,0.0062721,-0.0024977,0.027385,0.03453,-0.174,0.0065969,0.13555
9802,0.038103,-0.01549,0.024461,0.05272,-0.23538,0.18589,0.21902
9803,0.066037,-0.02361,0.021863,0.071558,-0.32438,0.30022,0.29795
9804,0.080003,-0.021337,0.019264,0.07708,-0.42735,0.31744,0.34992
9805,0.080653,-0.012567,0.018615,0.066686,-0.52122,0.23851,0.36616
9806,0.071883,0.00010078,0.024786,0.042651,-0.59072,0.090397,0.34992
9807,0.063763,0.016991,0.036154,0.016016,-0.62775,-0.084674,0.32491
9808,0.063763,0.040377,0.050446,0.0033489,-0.63717,-0.24545,0.31257
9809,0.074157,0.065062,0.065062,0.01764,-0.61476,-0.36173,0.31776
9810,0.093321,0.087149,0.083251,0.053694,-0.5433,-0.41663,0.32946
9811,0.11768,0.10729,0.10436,0.10436,-0.39227,-0.40656,0.33693
9812,0.14334,0.12872,0.12807,0.16056,-0.14866,-0.33965,0.33205
9813,0.1664,0.14854,0.14691,0.20798,0.15341,-0.23636,0.31516
9814,0.18167,0.16218,0.15438,0.22584,0.44119,-0.13404,0.28658
9815,0.18589,0.16673,0.14724,0.20505,0.65264,-0.071357,0.25085
9816,0.17874,0.15926,0.12353,0.15276,0.77769,-0.059989,0.21675
9817,0.16673,0.14399,0.088448,0.087799,0.85142,-0.070382,0.19563
9818,0.15244,0.12515,0.05142,0.029983,0.91411,-0.064211,0.19563
9819,0.1362,0.10534,0.017965,-0.010618,0.9638,-0.030431,0.21545
9820,0.11833,0.084551,-0.0099683,-0.030756,0.96738,0.020888,0.24598
9821,0.10144,0.058891,-0.032705,-0.038876,0.8865,0.098517,0.27359
9822,0.08585,0.032257,-0.049595,-0.045047,0.70721,0.22909,0.29535
9823,0.073507,0.008221,-0.057715,-0.053492,0.45418,0.42008,0.31159
9824,0.064413,-0.0063954,-0.056741,-0.060313,0.17939,0.64062,0.31971
9825,0.06019,-0.011267,-0.048296,-0.061613,-0.063561,0.83161,0.31094
9826,0.055968,-0.0057458,-0.027183,-0.053492,-0.23798,0.93132,0.27749
9827,0.050771,0.012768,0.0043233,-0.036927,-0.33218,0.90664,0.2135
9828,0.044599,0.039078,0.039402,-0.021337,-0.36401,0.7556,0.12483
9829,0.032257,0.064088,0.061489,-0.012892,-0.37213,0.5068,0.013093
9830,0.012768,0.074482,0.062464,-0.014516,-0.39389,0.22259,-0.11748
9831,-0.013866,0.067986,0.046873,-0.030431,-0.44131,-0.024909,-0.2539
9832,-0.046671,0.046223,0.025761,-0.052518,-0.49718,-0.19673,-0.37733
9833,-0.078827,0.01764,0.008221,-0.068758,-0.51504,-0.29645,-0.46567
9834,-0.10741,-0.0050961,-0.00022403,-0.071682,-0.43514,-0.34355,-0.50757
9835,-0.12982,-0.014191,-0.0024977,-0.053817,-0.22856,-0.35459,-0.50335
9836,-0.14054,-0.0057458,0.0023744,-0.020362,0.075131,-0.3351,-0.4543
9837,-0.1334,0.016341,0.01017,0.021538,0.39377,-0.29125,-0.37213
9838,-0.10806,0.0433,0.015692,0.065062,0.63315,-0.23084,-0.27046
9839,-0.067459,0.063113,0.01829,0.10177,0.72605,-0.18601,-0.17367
9840,-0.022311,0.073182,0.017965,0.12353,0.66271,-0.19706,-0.10579
9841,0.016666,0.072208,0.012443,0.12515,0.49316,-0.27209,-0.085648
9842,0.0433,0.063763,0.00010078,0.10566,0.29827,-0.37765,-0.10579
9843,0.057917,0.05207,-0.014516,0.072858,0.15666,-0.4569,-0.14249
9844,0.059216,0.03518,-0.025884,0.036479,0.11216,-0.45203,-0.16685
9845,0.051745,0.011144,-0.029457,0.009845,0.15893,-0.33055,-0.16003
9846,0.036154,-0.019388,-0.026209,-0.0041217,0.24241,-0.10546,-0.1243
9847,0.015042,-0.045047,-0.018413,-0.0031473,0.29373,0.16445,-0.071032
9848,-0.007045,-0.060313,-0.008669,0.0078962,0.26904,0.39344,-0.02361
9849,-0.027833,-0.06616,0.00075039,0.021213,0.16153,0.50615,0.00042559
9850,-0.047971,-0.069733,0.0059473,0.030957,-0.0054209,0.48471,-0.0015233
9851,-0.064536,-0.067134,0.0049729,0.03453,-0.17952,0.36453,-0.01484
9852,-0.067459,-0.053492,0.0020496,0.032906,-0.30554,0.20798,-0.024909
9853,-0.053168,-0.025559,-0.0011985,0.029983,-0.35556,0.076106,-0.012892
9854,-0.021986,0.013743,0.0020496,0.032257,-0.32893,-0.00022403,0.028034
9855,0.019589,0.06084,0.010495,0.041676,-0.25033,-0.036602,0.083576
9856,0.059865,0.10599,0.023487,0.054668,-0.15548,-0.070707,0.13002
9857,0.0852,0.1362,0.039727,0.065062,-0.073631,-0.13015,0.14626
9858,0.091696,0.14464,0.054993,0.068635,-0.026858,-0.21687,0.13652
9859,0.082927,0.13132,0.068635,0.063438,-0.026209,-0.30782,0.11021
9860,0.065387,0.097543,0.076106,0.049147,-0.072006,-0.37375,0.078704
9861,0.045249,0.049472,0.072533,0.028359,-0.15451,-0.39844,0.047847
9862,0.027385,-0.00022403,0.056292,0.0039985,-0.25357,-0.37992,0.018615
9863,0.011794,-0.039526,0.031607,-0.019388,-0.34355,-0.33153,-0.013866
9864,-0.0044465,-0.058365,0.0091954,-0.040175,-0.40104,-0.27079,-0.046347
9865,-0.022311,-0.062587,-0.0041217,-0.055116,-0.41923,-0.21785,-0.077528
9866,-0.042774,-0.060313,-0.0089938,-0.056091,-0.40591,-0.19543,-0.11391
9867,-0.064861,-0.063886,-0.010618,-0.043423,-0.37505,-0.21655,-0.1623
9868,-0.088247,-0.07493,-0.014516,-0.031406,-0.34809,-0.27241,-0.21947
9869,-0.11066,-0.086948,-0.021012,-0.026209,-0.34712,-0.33218,-0.26819
9870,-0.12398,-0.089871,-0.024909,-0.025234,-0.38252,-0.35784,-0.29093
9871,-0.12105,-0.075904,-0.020037,-0.018738,-0.43384,-0.32243,-0.27209
9872,-0.099615,-0.047971,-0.0050961,-0.0028225,-0.45106,-0.21785,-0.20648
9873,-0.059664,-0.012567,0.011469,0.015692,-0.37668,-0.053817,-0.10546
9874,-0.013216,0.018615,0.019589,0.026735,-0.19121,0.15081,0.0046481
9875,0.030308,0.038103,0.021538,0.029009,0.055643,0.36291,0.10436
9876,0.062139,0.046873,0.018615,0.025436,0.27879,0.54155,0.18102
9877,0.081627,0.050121,0.012443,0.013743,0.39442,0.64192,0.23396
9878,0.093321,0.053044,0.0052977,-0.007045,0.37883,0.63218,0.26709
9879,0.10436,0.062464,0.0017248,-0.029132,0.25637,0.50842,0.28268
9880,0.12028,0.076106,0.0056225,-0.040825,0.066362,0.29503,0.28073
9881,0.13977,0.090072,0.016991,-0.031406,-0.15093,0.036804,0.26807
9882,0.15503,0.094295,0.030633,0.0033489,-0.35167,-0.21232,0.25572
9883,0.15991,0.08585,0.041027,0.052395,-0.48549,-0.40721,0.25378
9884,0.14919,0.069934,0.045249,0.098842,-0.50887,-0.51212,0.2606
9885,0.12872,0.053369,0.048822,0.12775,-0.42247,-0.50822,0.27586
9886,0.10794,0.047198,0.056942,0.14042,-0.27014,-0.39551,0.29827
9887,0.097543,0.06019,0.070584,0.14367,-0.11975,-0.20583,0.32198
9888,0.095919,0.089423,0.088124,0.14464,-0.037577,0.0026992,0.32653
9889,0.09397,0.1206,0.10144,0.14399,-0.051868,0.16933,0.28431
9890,0.084876,0.13749,0.10242,0.13002,-0.13437,0.2515,0.18167
9891,0.066686,0.13457,0.091372,0.09462,-0.20908,0.24598,0.025111
9892,0.042326,0.1206,0.073832,0.044599,-0.17724,0.19628,-0.16003
9893,0.01894,0.10566,0.056292,0.0033489,0.036804,0.1768,-0.3299
9894,0.00042559,0.092346,0.042651,-0.013541,0.43664,0.25345,-0.43774
9895,-0.0099683,0.074806,0.030957,-0.014191,0.93652,0.43534,-0.46015
9896,-0.012567,0.051745,0.019589,-0.016789,1.3981,0.67148,-0.41273
9897,-0.010293,0.021538,0.0072465,-0.030106,1.6862,0.87448,-0.33575
9898,-0.0093186,-0.0099683,-0.0067202,-0.052193,1.7352,0.97907,-0.26072
9899,-0.014516,-0.034329,-0.017439,-0.067134,1.5663,0.98102,-0.19868
9900,-0.026858,-0.051219,-0.023935,-0.057715,1.263,0.91833,-0.14639
9901,-0.037577,-0.058689,-0.026533,-0.016464,0.91638,0.83421,-0.095068
9902,-0.041475,-0.055441,-0.023935,0.048172,0.59515,0.74326,-0.039851
9903,-0.036927,-0.047971,-0.016789,0.11866,0.3353,0.63672,0.022188
9904,-0.02426,-0.036927,-0.0076946,0.18069,0.15438,0.50258,0.080978
9905,-0.0099683,-0.02426,0.0017248,0.21967,0.038428,0.33368,0.11313
9906,0.00042559,-0.012242,0.0056225,0.21772,-0.048945,0.1349,0.10404
9907,0.0010752,-0.0015233,0.00042559,0.1638,-0.14444,-0.072656,0.057267
9908,-0.010618,0.0062721,-0.015815,0.073507,-0.2461,-0.25877,-0.0073698
9909,-0.026209,0.012443,-0.040825,-0.027508,-0.31724,-0.38155,-0.066485
9910,-0.033679,0.01894,-0.059339,-0.10741,-0.32568,-0.41955,-0.10059
9911,-0.030431,0.025111,-0.060313,-0.13762,-0.28346,-0.37992,-0.10968
9912,-0.020037,0.025111,-0.041475,-0.11488,-0.23246,-0.29028,-0.10676
9913,-0.0067202,0.01764,-0.013866,-0.057715,-0.20225,-0.18082,-0.10286
9914,0.0075714,0.0023744,0.014068,0.0039985,-0.17367,-0.068758,-0.10156
9915,0.021538,-0.016789,0.03518,0.049472,-0.0824,0.039402,-0.094418
9916,0.031282,-0.033354,0.044924,0.072858,0.11573,0.13847,-0.06616
9917,0.036154,-0.046022,0.042326,0.078704,0.39377,0.23331,-0.0047713
9918,0.037778,-0.054142,0.029658,0.072858,0.66726,0.34472,0.0865
9919,0.038428,-0.059014,0.0088706,0.061814,0.83713,0.47237,0.17972
9920,0.038103,-0.062912,-0.012567,0.050121,0.83518,0.57663,0.24598
9921,0.033231,-0.063886,-0.031081,0.039727,0.65491,0.60392,0.25767
9922,0.020564,-0.061288,-0.043423,0.02706,0.34732,0.53668,0.2122
9923,0.0075714,-0.055116,-0.051219,0.0036737,-0.00054884,0.39637,0.13262
9924,-0.0021729,-0.044398,-0.056091,-0.026858,-0.30847,0.22584,0.053044
9925,-0.0044465,-0.025234,-0.058365,-0.051544,-0.52057,0.050446,-0.0015233
9926,0.0078962,0.0069217,-0.056091,-0.054467,-0.62223,-0.11878,-0.019063
9927,0.033556,0.054668,-0.0405,-0.022636,-0.62873,-0.27404,-0.0031473
9928,0.067011,0.11508,-0.008669,0.037129,-0.56896,-0.39714,0.035505
9929,0.10079,0.1742,0.038753,0.10664,-0.48061,-0.47639,0.0852
9930,0.12255,0.21317,0.089423,0.16835,-0.40461,-0.51147,0.1362
9931,0.1258,0.21123,0.12905,0.2148,-0.3718,-0.51764,0.18069
9932,0.11118,0.16965,0.15081,0.23948,-0.37343,-0.51537,0.21707
9933,0.08585,0.10631,0.15373,0.24143,-0.36921,-0.51472,0.23818
9934,0.058566,0.046223,0.14334,0.22487,-0.32438,-0.51537,0.24078
9935,0.029983,0.0056225,0.12613,0.19823,-0.23474,-0.51212,0.22032
9936,0.0059473,-0.0099683,0.10696,0.16835,-0.12073,-0.49978,0.17647
9937,-0.014191,-0.0083442,0.092021,0.14464,-0.007045,-0.47217,0.11736
9938,-0.025884,0.0010752,0.087799,0.13262,0.072208,-0.42475,0.064413
9939,-0.028482,0.011794,0.090722,0.12807,0.091372,-0.36596,0.037129
9940,-0.018738,0.023162,0.095919,0.12158,0.046873,-0.31821,0.040702
9941,0.0010752,0.03583,0.10144,0.10631,-0.037252,-0.30359,0.065062
9942,0.023812,0.047847,0.10664,0.081952,-0.1282,-0.31918,0.095269
9943,0.040377,0.054344,0.10371,0.054344,-0.19219,-0.34257,0.11573
9944,0.048172,0.044275,0.084876,0.031282,-0.2068,-0.34679,0.12028
9945,0.047198,0.015042,0.054668,0.011144,-0.17497,-0.31464,0.10501
9946,0.041027,-0.027508,0.022188,-0.008669,-0.1217,-0.26332,0.074157
9947,0.033556,-0.068434,-0.0034721,-0.029782,-0.081751,-0.22109,0.039078
9948,0.029009,-0.094743,-0.019388,-0.048296,-0.079152,-0.21427,0.0091954
9949,0.027385,-0.098965,-0.024909,-0.059339,-0.11358,-0.2513,-0.014191
9950,0.02706,-0.084349,-0.02361,-0.064536,-0.16555,-0.31529,-0.033354
9951,0.023812,-0.061613,-0.019063,-0.071032,-0.21395,-0.36888,-0.044723
9952,0.012768,-0.035303,-0.012892,-0.077528,-0.24286,-0.37245,-0.042774
9953,-0.0050961,-0.0063954,-0.0067202,-0.080127,-0.2474,-0.30912,-0.02361
9954,-0.022311,0.024786,-0.00087364,-0.072656,-0.24578,-0.19089,0.0085458
9955,-0.031406,0.05272,0.0052977,-0.052843,-0.26039,-0.054467,0.045574
9956,-0.024909,0.072858,0.015042,-0.027183,-0.29353,0.066037,0.084876
9957,-0.0031473,0.0852,0.030633,-0.0028225,-0.32503,0.15698,0.12125
9958,0.029658,0.088773,0.045249,0.015692,-0.31724,0.22909,0.14984
9959,0.066037,0.085525,0.054344,0.031282,-0.22921,0.29827,0.16868
9960,0.096893,0.081952,0.058566,0.04395,-0.058365,0.36518,0.17647
9961,0.11671,0.080978,0.058566,0.057592,0.14432,0.40968,0.1729
9962,0.12353,0.0852,0.055318,0.073507,0.2895,0.40676,0.15893
9963,0.11736,0.09462,0.049472,0.084551,0.30022,0.36161,0.13717
9964,0.10501,0.10761,0.04395,0.086824,0.15958,0.31029,0.11606
9965,0.089098,0.11768,0.03583,0.076106,-0.082725,0.28496,0.10274
9966,0.072858,0.11995,0.023162,0.049796,-0.33705,0.28626,0.10177
9967,0.056617,0.10436,0.0046481,0.019589,-0.54135,0.27879,0.10729
9968,0.038103,0.066362,-0.021012,-0.0024977,-0.68752,0.22584,0.10501
9969,0.015042,0.011794,-0.046671,-0.0076946,-0.80185,0.11086,0.084226
9970,-0.0096434,-0.036927,-0.06551,0.0014,-0.90741,-0.046022,0.0433
9971,-0.031081,-0.062587,-0.072006,0.015042,-0.99901,-0.20063,-0.0096434
9972,-0.042124,-0.054142,-0.066485,0.024137,-1.0364,-0.30587,-0.054467
9973,-0.039201,-0.014191,-0.050569,0.026085,-0.94379,-0.32406,-0.072656
9974,-0.019388,0.045574,-0.022311,0.01829,-0.65828,-0.2435,-0.05739
9975,0.016666,0.10794,0.016666,0.0026992,-0.18536,-0.085648,-0.016789
9976,0.058241,0.16445,0.060515,-0.020037,0.39344,0.092346,0.029983
9977,0.094945,0.20668,0.097543,-0.052843,0.94691,0.22909,0.058566
9978,0.11768,0.22584,0.10956,-0.089546,1.3646,0.28366,0.049796
9979,0.1232,0.21415,0.091696,-0.11586,1.6056,0.2489,0.00042559
9980,0.11281,0.17582,0.049796,-0.11391,1.6959,0.15276,-0.072331
9981,0.099167,0.12483,-0.00087364,-0.082076,1.6813,0.043625,-0.14281
9982,0.086175,0.076755,-0.044398,-0.032705,1.5946,-0.037252,-0.18959
9983,0.074157,0.051096,-0.072006,0.017316,1.4481,-0.069733,-0.19673
9984,0.060515,0.053044,-0.075904,0.055318,1.2565,-0.041475,-0.1636
9985,0.041027,0.070909,-0.05739,0.071883,1.0518,0.0433,-0.10611
9986,0.0088706,0.087799,-0.029457,0.06084,0.87058,0.15958,-0.050244
9987,-0.038551,0.088773,-0.0099683,0.025761,0.7241,0.28366,-0.012567
9988,-0.094093,0.071558,-0.0044465,-0.017114,0.59255,0.40124,0.011794
9989,-0.14054,0.046548,-0.0093186,-0.057715,0.44444,0.51167,0.031607
9990,-0.15646,0.024786,-0.012242,-0.095068,0.26677,0.60879,0.055318
9991,-0.13697,0.014068,-0.0050961,-0.13177,0.072533,0.67375,0.078379
9992,-0.093444,0.013743,0.014068,-0.15938,-0.11066,0.68057,0.09462
9993,-0.048296,0.017316,0.038753,-0.15516,-0.26559,0.61269,0.098517
9994,-0.018413,0.016991,0.057592,-0.089221,-0.38577,0.47919,0.089748
9995,-0.0093186,0.0049729,0.062464,0.050446,-0.46827,0.31419,0.073507
9996,-0.01484,-0.019063,0.055643,0.24695,-0.49556,0.16218,0.051745
9997,-0.025234,-0.046022,0.040702,0.43892,-0.4582,0.055318,0.027709
9998,-0.030431,-0.065835,0.023487,0.54415,-0.38122,-0.00022403,0.0039985
9999,-0.027833,-0.077203,0.0052977,0.50225,-0.31594,-0.019712,-0.014191
10000,-0.023285,-0.082076,-0.018088,0.33433,-0.2984,-0.020037,-0.022311
10001,-0.022311,-0.077853,-0.041475,0.11963,-0.33185,-0.022311,-0.021986
10002,-0.024909,-0.06616,-0.055441,-0.055766,-0.40071,-0.036602,-0.021337
10003,-0.029782,-0.047971,-0.055116,-0.14769,-0.48029,-0.068109,-0.025884
10004,-0.034654,-0.025234,-0.045372,-0.14931,-0.54752,-0.11163,-0.039201
10005,-0.036278,-0.0050961,-0.03173,-0.085648,-0.58715,-0.15841,-0.061613
10006,-0.035953,0.0075714,-0.021337,-0.0050961,-0.59527,-0.20258,-0.09117
10007,-0.038551,0.0078962,-0.018088,0.039078,-0.58423,-0.2435,-0.12105
10008,-0.045372,-0.0060706,-0.027833,0.012443,-0.57708,-0.27761,-0.14444
10009,-0.056741,-0.026858,-0.04862,-0.086298,-0.58618,-0.30197,-0.15678
10010,-0.069733,-0.047971,-0.07493,-0.22077,-0.59917,-0.31659,-0.15743
10011,-0.0824,-0.062587,-0.095068,-0.33835,-0.5852,-0.32276,-0.14476
10012,-0.090845,-0.071357,-0.10189,-0.39616,-0.5066,-0.32211,-0.12527
10013,-0.096367,-0.081751,-0.095068,-0.38155,-0.33705,-0.31431,-0.10774
10014,-0.097991,-0.10156,-0.085973,-0.30977,-0.085648,-0.30294,-0.10481
10015,-0.10286,-0.12755,-0.079477,-0.21297,0.2096,-0.29677,-0.123
10016,-0.11066,-0.15353,-0.076229,-0.11845,0.49186,-0.29645,-0.14996
10017,-0.11553,-0.16653,-0.065186,-0.041799,0.69064,-0.29612,-0.17075
10018,-0.11456,-0.15808,-0.045697,0.012768,0.7647,-0.29937,-0.18147
10019,-0.10384,-0.12982,-0.019712,0.050771,0.72929,-0.30392,-0.17692
10020,-0.084349,-0.086623,0.011469,0.082927,0.65654,-0.301,-0.15483
10021,-0.060313,-0.039201,0.040702,0.11443,0.61204,-0.27501,-0.12625
10022,-0.038876,-0.0015233,0.059216,0.13002,0.59352,-0.22239,-0.10676
10023,-0.027508,0.015367,0.061814,0.11054,0.5474,-0.14574,-0.10059
10024,-0.02426,0.014392,0.050771,0.054019,0.43145,-0.055116,-0.099615
10025,-0.018738,0.0056225,0.033231,-0.017764,0.24566,0.030957,-0.088247
10026,-0.0034721,-0.0011985,0.022512,-0.075904,0.023812,0.099492,-0.053817
10027,0.021538,-0.0015233,0.023487,-0.09929,-0.18666,0.14821,0.003024
10028,0.055643,0.0033489,0.031282,-0.092469,-0.35686,0.19466,0.071883
10029,0.092021,0.012768,0.044599,-0.063886,-0.47996,0.258,0.13684
10030,0.12515,0.033556,0.064737,-0.022311,-0.56506,0.334,0.19174
10031,0.15633,0.06831,0.092671,0.024786,-0.63262,0.40611,0.23948
10032,0.18622,0.11541,0.12255,0.076431,-0.70051,0.45775,0.28268
10033,0.21252,0.16413,0.14919,0.13262,-0.76644,0.48244,0.31386
10034,0.23039,0.20668,0.17452,0.19109,-0.81159,0.46782,0.32426
10035,0.23689,0.24013,0.19434,0.2463,-0.81484,0.38922,0.30932
10036,0.23396,0.25995,0.20116,0.28853,-0.77327,0.23851,0.27359
10037,0.22714,0.26027,0.18849,0.30445,-0.71513,0.03583,0.23331
10038,0.22259,0.2476,0.15438,0.28008,-0.6651,-0.16328,0.20051
10039,0.22065,0.22747,0.10631,0.21447,-0.61119,-0.2945,0.18362
10040,0.22194,0.207,0.057592,0.12158,-0.50562,-0.31691,0.17517
10041,0.22552,0.19304,0.025436,0.024137,-0.28573,-0.22239,0.16608
10042,0.22941,0.18719,0.014392,-0.051544,0.047847,-0.049595,0.14626
10043,0.22519,0.18589,0.021213,-0.094743,0.41163,0.11573,0.10794
10044,0.2083,0.18362,0.035505,-0.10644,0.68999,0.18589,0.048822
10045,0.1768,0.1729,0.049796,-0.10156,0.81797,0.13749,-0.022311
10046,0.13782,0.15276,0.056942,-0.087922,0.8001,0.025111,-0.085648
10047,0.098517,0.12255,0.053369,-0.072331,0.6809,-0.068109,-0.1282
10048,0.062789,0.092671,0.041351,-0.057715,0.52531,-0.084999,-0.15126
10049,0.036804,0.069285,0.025436,-0.042449,0.39831,-0.013216,-0.14964
10050,0.025436,0.052395,0.012119,-0.024585,0.34017,0.11931,-0.11715
10051,0.028034,0.037454,0.0049729,-0.0031473,0.33628,0.26904,-0.056091
10052,0.039727,0.022512,0.0036737,0.022512,0.3418,0.38402,0.011144
10053,0.055968,0.0075714,0.0088706,0.047198,0.32881,0.42982,0.06084
10054,0.070584,-0.00087364,0.020564,0.070259,0.31516,0.41066,0.0852
10055,0.083251,0.00075039,0.035505,0.097543,0.35382,0.36161,0.09397
10056,0.099817,0.01764,0.052395,0.13814,0.48212,0.31257,0.10664
10057,0.1258,0.05272,0.070584,0.19596,0.67148,0.26644,0.13749
10058,0.15796,0.096569,0.091696,0.26352,0.84493,0.21252,0.18687
10059,0.17874,0.131,0.11086,0.31744,0.92645,0.14984,0.23818
10060,0.17647,0.14237,0.12158,0.33823,0.88877,0.087149,0.26904
10061,0.15373,0.12645,0.11898,0.32231,0.7582,0.048172,0.26807
10062,0.11638,0.091696,0.10469,0.27196,0.58963,0.049796,0.23624
10063,0.075456,0.048822,0.083901,0.19531,0.43794,0.084876,0.1781
10064,0.042651,0.01017,0.059541,0.10599,0.32816,0.11736,0.10436
10065,0.016666,-0.018088,0.036479,0.026735,0.24728,0.097543,0.024786
10066,-0.0093186,-0.037902,0.016016,-0.011267,0.17127,0.00042559,-0.053817
10067,-0.038551,-0.054792,-0.00022403,0.0043233,0.091372,-0.15418,-0.12333
10068,-0.071032,-0.073955,-0.01484,0.058891,0.013418,-0.31139,-0.17562
10069,-0.10709,-0.094743,-0.03303,0.11801,-0.045697,-0.4215,-0.21037
10070,-0.14346,-0.11651,-0.053492,0.15244,-0.073955,-0.47379,-0.23733
10071,-0.1727,-0.13242,-0.072006,0.14821,-0.075904,-0.47834,-0.26429
10072,-0.18536,-0.14022,-0.0837,0.11086,-0.068434,-0.46113,-0.28963
10073,-0.18244,-0.13697,-0.088896,0.056292,-0.061288,-0.44651,-0.30912
10074,-0.16685,-0.1282,-0.088247,0.0059473,-0.059664,-0.45138,-0.31399
10075,-0.14769,-0.12008,-0.082076,-0.030106,-0.064211,-0.47412,-0.2997
10076,-0.1282,-0.11293,-0.072656,-0.051219,-0.073631,-0.50303,-0.26364
10077,-0.11033,-0.10449,-0.062262,-0.064536,-0.084999,-0.52901,-0.21037
10078,-0.094093,-0.09182,-0.051544,-0.068434,-0.084024,-0.55402,-0.15191
10079,-0.080451,-0.074605,-0.0405,-0.060963,-0.060638,-0.57611,-0.097666
10080,-0.069408,-0.056741,-0.025559,-0.043099,-0.027833,-0.59072,-0.055441
10081,-0.059339,-0.042124,-0.010618,-0.016789,-0.018088,-0.60242,-0.028157
10082,-0.047971,-0.032055,-0.0021729,0.012768,-0.061937,-0.62126,-0.019388
10083,-0.034329,-0.024585,0.0033489,0.037778,-0.16003,-0.65504,-0.026209
10084,-0.017764,-0.019712,0.010495,0.047847,-0.2854,-0.69401,-0.038551
10085,0.00010078,-0.017764,0.021863,0.036154,-0.40363,-0.7148,-0.045372
10086,0.014392,-0.015815,0.031282,0.0033489,-0.49003,-0.69564,-0.041799
10087,0.01894,-0.010618,0.03583,-0.043748,-0.54785,-0.62483,-0.027183
10088,0.010819,0.0020496,0.036804,-0.086948,-0.59527,-0.5001,-0.0021729
10089,-0.0063954,0.023812,0.038103,-0.10416,-0.64367,-0.33575,0.032582
10090,-0.022961,0.050121,0.040377,-0.077853,-0.69141,-0.1649,0.070259
10091,-0.034004,0.068635,0.046873,-0.012567,-0.72714,-0.011267,0.10306
10092,-0.038227,0.071234,0.054668,0.066037,-0.73104,0.11508,0.1284
10093,-0.038876,0.061165,0.061165,0.1232,-0.67582,0.21837,0.14951
10094,-0.039201,0.047523,0.061489,0.13847,-0.53096,0.30185,0.17062
10095,-0.042449,0.036804,0.053694,0.10989,-0.30327,0.35284,0.18557
10096,-0.045047,0.031932,0.040377,0.057592,-0.035628,0.36486,0.18329
10097,-0.045697,0.031282,0.028359,0.0069217,0.21512,0.34245,0.15893
10098,-0.044398,0.029658,0.020239,-0.031406,0.41001,0.30055,0.12223
10099,-0.039851,0.020888,0.015692,-0.050569,0.54091,0.2476,0.090397
10100,-0.031081,0.0069217,0.012768,-0.051868,0.61496,0.19661,0.06961
10101,-0.019388,-0.0080194,0.0095202,-0.039851,0.62698,0.15796,0.058241
10102,-0.013216,-0.018413,0.0056225,-0.031081,0.57339,0.13879,0.04395
10103,-0.013216,-0.021012,0.0010752,-0.03238,0.47172,0.13977,0.019264
10104,-0.018088,-0.021012,0.00010078,-0.042124,0.35641,0.16088,-0.012567
10105,-0.024585,-0.018738,0.0039985,-0.052843,0.25995,0.2135,-0.037252
10106,-0.034329,-0.01484,0.011469,-0.051868,0.20148,0.30802,-0.048945
10107,-0.046022,-0.010618,0.020239,-0.032705,0.18427,0.44086,-0.04115
10108,-0.056741,-0.0067202,0.02706,-0.0031473,0.18946,0.58378,-0.01614
10109,-0.064536,-0.0060706,0.02706,0.025111,0.18069,0.69486,0.016991
10110,-0.067784,-0.0060706,0.020239,0.03453,0.1258,0.74066,0.041351
10111,-0.06616,-0.0024977,0.011794,0.025761,0.021863,0.71793,0.050121
10112,-0.060638,0.0046481,0.0049729,0.0033489,-0.10059,0.6403,0.045249
10113,-0.054467,0.014068,0.0010752,-0.022961,-0.19998,0.53798,0.028359
10114,-0.04927,0.024461,0.00010078,-0.04115,-0.2539,0.43892,0.0046481
10115,-0.043748,0.036804,-0.00022403,-0.044398,-0.26397,0.35901,-0.01549
10116,-0.035303,0.047847,-0.00054884,-0.033354,-0.25552,0.29503,-0.026533
10117,-0.02361,0.055318,-0.0018481,-0.0050961,-0.2578,0.23526,-0.028807
10118,-0.0089938,0.063438,-0.0037969,0.031282,-0.2958,0.17712,-0.022961
10119,0.0078962,0.07773,-0.0018481,0.067011,-0.38317,0.1245,-0.0099683
10120,0.030308,0.095594,0.0065969,0.10242,-0.50238,0.078055,0.013743
10121,0.055643,0.11638,0.024461,0.1336,-0.61346,0.037778,0.055643
10122,0.081627,0.13652,0.049147,0.15698,-0.68817,0.013418,0.11898
10123,0.10859,0.14919,0.078704,0.1729,-0.71155,0.018615,0.20181
10124,0.13295,0.15244,0.10761,0.18654,-0.67485,0.060515,0.28431
10125,0.15016,0.14399,0.12872,0.2057,-0.58163,0.131,0.35122
10126,0.15893,0.12483,0.13814,0.22324,-0.44748,0.20116,0.39019
10127,0.16185,0.10047,0.13457,0.22649,-0.30262,0.24273,0.39474
10128,0.16185,0.081952,0.12158,0.20993,-0.1597,0.24046,0.37168
10129,0.16608,0.074806,0.10339,0.18102,-0.010618,0.21317,0.33303
10130,0.17225,0.07708,0.0852,0.14561,0.16121,0.2044,0.29308
10131,0.17322,0.084551,0.064413,0.10859,0.36064,0.24858,0.258
10132,0.16088,0.088124,0.040052,0.074482,0.5435,0.35122,0.22649
10133,0.13749,0.078379,0.013093,0.045249,0.6299,0.48276,0.18881
10134,0.10566,0.054668,-0.010293,0.01829,0.57501,0.60132,0.14367
10135,0.074806,0.029333,-0.019712,-0.0041217,0.39864,0.67278,0.094295
10136,0.053044,0.013093,-0.017439,-0.013216,0.15893,0.67797,0.047847
10137,0.047523,0.0075714,-0.0067202,-0.0050961,-0.076554,0.61334,0.014717
10138,0.058241,0.008221,0.0078962,0.014392,-0.25747,0.49381,0.0043233
10139,0.080978,0.012768,0.021213,0.040052,-0.36238,0.34537,0.01764
10140,0.10014,0.015367,0.028684,0.057592,-0.40169,0.18362,0.041351
10141,0.10404,0.014717,0.027709,0.060515,-0.38415,0.023162,0.057267
10142,0.092346,0.011469,0.019589,0.042001,-0.30489,-0.12073,0.056292
10143,0.069285,0.0095202,0.0065969,0.0095202,-0.1662,-0.21947,0.039727
10144,0.042326,0.0085458,-0.010943,-0.029457,0.00042559,-0.25877,0.011144
10145,0.019914,0.0049729,-0.026858,-0.061288,0.14724,-0.2487,-0.023935
10146,0.0043233,-0.0021729,-0.039526,-0.080451,0.23818,-0.21102,-0.058689
10147,-0.0076946,-0.010618,-0.047321,-0.083375,0.26709,-0.16815,-0.0837
10148,-0.019712,-0.014516,-0.04862,-0.077853,0.26125,-0.12755,-0.094418
10149,-0.029457,-0.012242,-0.042449,-0.071357,0.26157,-0.088247,-0.090845
10150,-0.036602,-0.0031473,-0.030431,-0.069733,0.29373,-0.043423,-0.077853
10151,-0.039851,0.0085458,-0.017439,-0.07428,0.36064,0.0046481,-0.064211
10152,-0.038876,0.014717,-0.012892,-0.08305,0.43567,0.039727,-0.062262
10153,-0.039851,0.0085458,-0.015815,-0.094418,0.48276,0.054668,-0.072006
10154,-0.044073,-0.0067202,-0.020037,-0.10449,0.4688,0.046873,-0.089221
10155,-0.046996,-0.028157,-0.022311,-0.11066,0.3824,0.024461,-0.10514
10156,-0.042124,-0.043748,-0.02361,-0.1204,0.24273,-0.00087364,-0.11196
10157,-0.029132,-0.046671,-0.027183,-0.13437,0.09462,-0.020687,-0.10416
10158,-0.012242,-0.034654,-0.032055,-0.14379,-0.019063,-0.04115,-0.079152
10159,0.0095202,-0.01484,-0.036278,-0.14022,-0.086298,-0.075579,-0.045047
10160,0.029658,0.0043233,-0.038551,-0.12203,-0.13567,-0.13599,-0.016789
10161,0.036804,0.012443,-0.037902,-0.094093,-0.21979,-0.24156,-0.0083442
10162,0.030633,0.0091954,-0.037577,-0.063561,-0.37765,-0.39422,-0.021012
10163,0.014717,0.00010078,-0.038551,-0.032705,-0.60014,-0.56571,-0.047646
10164,-0.0015233,-0.0099683,-0.037577,0.00010078,-0.82783,-0.70018,-0.080127
10165,-0.013216,-0.020037,-0.032705,0.029333,-0.98244,-0.74273,-0.10676
10166,-0.019388,-0.026533,-0.026533,0.048497,-0.98536,-0.66998,-0.11358
10167,-0.026858,-0.026533,-0.022636,0.054344,-0.79178,-0.49815,-0.090196
10168,-0.03303,-0.017439,-0.02426,0.05207,-0.42865,-0.28735,-0.037252
10169,-0.03303,0.0017248,-0.025884,0.05142,0.0036737,-0.11715,0.024786
10170,-0.021012,0.027385,-0.022961,0.064088,0.35836,-0.047321,0.073507
10171,0.0020496,0.05272,-0.007045,0.091047,0.51622,-0.087922,0.095594
10172,0.029333,0.070584,0.016016,0.1258,0.4571,-0.19608,0.093645
10173,0.055643,0.079679,0.038428,0.15601,0.26677,-0.29223,0.07773
10174,0.078704,0.076431,0.054019,0.1716,0.095919,-0.30717,0.073832
10175,0.098517,0.065712,0.064413,0.17062,0.076431,-0.19381,0.098842
10176,0.11476,0.054344,0.073832,0.15763,0.2593,0.044924,0.14691
10177,0.12515,0.048497,0.080978,0.13587,0.59125,0.35219,0.19856
10178,0.13002,0.048172,0.084551,0.11801,0.96835,0.65069,0.23754
10179,0.13425,0.053044,0.087149,0.10306,1.2899,0.88618,0.25637
10180,0.14172,0.059216,0.086175,0.088124,1.4838,1.0346,0.25507
10181,0.15211,0.070259,0.074806,0.070909,1.5176,1.0843,0.24013
10182,0.16153,0.089423,0.048822,0.051745,1.3981,1.032,0.21025
10183,0.16445,0.11898,0.014068,0.032582,1.1662,0.88228,0.16575
10184,0.15893,0.15244,-0.017764,0.0095202,0.88488,0.65102,0.10956
10185,0.14821,0.18069,-0.034004,-0.016789,0.5997,0.37136,0.05207
10186,0.13262,0.20635,-0.026533,-0.0405,0.33823,0.079029,0.0023744
10187,0.11216,0.23234,0.00075039,-0.056091,0.10436,-0.19576,-0.03173
10188,0.094945,0.25767,0.040377,-0.056091,-0.10319,-0.43027,-0.047971
10189,0.086824,0.27456,0.084876,-0.031406,-0.28638,-0.60469,-0.051544
10190,0.083901,0.27196,0.131,0.014068,-0.44683,-0.70538,-0.04992
10191,0.080003,0.23299,0.16998,0.062139,-0.58195,-0.73266,-0.050894
10192,0.072858,0.14659,0.18751,0.092671,-0.69076,-0.69759,-0.059664
10193,0.061489,0.022188,0.17485,0.10112,-0.77164,-0.6232,-0.069408
10194,0.041027,-0.11261,0.13425,0.092671,-0.82848,-0.53746,-0.084024
10195,0.0072465,-0.22369,0.082277,0.074157,-0.84732,-0.45593,-0.10676
10196,-0.040175,-0.288,0.036154,0.057917,-0.79275,-0.37895,-0.14054
10197,-0.092794,-0.29742,0.0069217,0.05272,-0.61671,-0.28898,-0.17627
10198,-0.13145,-0.26007,-0.0031473,0.062139,-0.30847,-0.16912,-0.20323
10199,-0.14574,-0.19024,0.00042559,0.06831,0.074157,-0.023935,-0.2159
10200,-0.13892,-0.10838,0.0043233,0.046223,0.41326,0.11801,-0.21135
10201,-0.12008,-0.033354,-0.0011985,-0.012892,0.61106,0.23169,-0.18991
10202,-0.097991,0.024461,-0.013866,-0.095717,0.65556,0.31224,-0.15581
10203,-0.080451,0.068635,-0.028807,-0.17692,0.60879,0.37363,-0.11098
10204,-0.070382,0.098193,-0.038227,-0.22856,0.5448,0.41715,-0.064211
10205,-0.072656,0.10306,-0.038551,-0.23084,0.48049,0.43274,-0.026858
10206,-0.084674,0.079029,-0.034329,-0.18536,0.3798,0.40579,-0.010293
10207,-0.093769,0.030957,-0.035953,-0.12073,0.20505,0.33498,-0.0099683
10208,-0.088247,-0.021661,-0.045697,-0.059339,-0.040175,0.24176,-0.017439
10209,-0.063237,-0.060638,-0.060313,-0.0067202,-0.30847,0.15958,-0.018088
10210,-0.024585,-0.07428,-0.068758,0.033231,-0.53421,0.11054,-0.0024977
10211,0.017965,-0.069733,-0.06616,0.058566,-0.67485,0.089423,0.025111
10212,0.053044,-0.055116,-0.054467,0.071558,-0.72422,0.072858,0.05142
10213,0.072208,-0.036927,-0.035303,0.080328,-0.69824,0.044599,0.066362
10214,0.072858,-0.014516,-0.010293,0.092021,-0.61606,0.01017,0.066362
10215,0.061489,0.010495,0.014068,0.10566,-0.5066,-0.025884,0.057592
10216,0.048172,0.034206,0.035505,0.11638,-0.40428,-0.064211,0.048822
10217,0.042326,0.053044,0.053369,0.1258,-0.33413,-0.10676,0.049147
10218,0.048172,0.065062,0.069285,0.13814,-0.27826,-0.15451,0.056617
10219,0.063113,0.073832,0.082277,0.15406,-0.18439,-0.20648,0.066686
10220,0.084876,0.081303,0.089748,0.1742,-0.018738,-0.26689,0.074806
10221,0.10014,0.089098,0.090397,0.18914,0.19856,-0.34225,0.080003
10222,0.10501,0.09397,0.080328,0.18914,0.40091,-0.44131,0.080653
10223,0.096569,0.093645,0.062464,0.1716,0.52726,-0.56896,0.076106
10224,0.083901,0.087149,0.044599,0.14269,0.55032,-0.71772,0.075131
10225,0.079029,0.077405,0.035505,0.11866,0.47335,-0.86908,0.086175
10226,0.084551,0.06896,0.037454,0.11443,0.32751,-0.99154,0.10989
10227,0.092996,0.064413,0.050446,0.13002,0.15828,-1.0571,0.12905
10228,0.092671,0.059865,0.067336,0.15438,0.0075714,-1.0562,0.11995
10229,0.078055,0.054019,0.079679,0.17387,-0.10156,-0.99738,0.066037
10230,0.050446,0.044599,0.078055,0.17225,-0.16035,-0.90156,-0.017439
10231,0.021863,0.036479,0.064088,0.14302,-0.17562,-0.78788,-0.10254
10232,-0.00022403,0.033556,0.042651,0.094295,-0.1623,-0.66933,-0.16685
10233,-0.014191,0.040377,0.01829,0.045574,-0.14249,-0.54168,-0.20063
10234,-0.023935,0.055968,-0.0034721,0.013418,-0.13437,-0.40201,-0.19966
10235,-0.03238,0.075456,-0.017439,0.003024,-0.14606,-0.24968,-0.16718
10236,-0.041799,0.092021,-0.020687,0.0095202,-0.1649,-0.076229,-0.11163
10237,-0.04927,0.10112,-0.01614,0.01894,-0.1597,0.12743,-0.041475
10238,-0.050569,0.10274,-0.0057458,0.022512,-0.10254,0.36194,0.031932
10239,-0.043748,0.098842,0.0085458,0.019589,0.009845,0.60327,0.095269
10240,-0.033354,0.087799,0.021863,0.013418,0.15114,0.80497,0.1349
10241,-0.019712,0.070584,0.028684,0.0036737,0.26969,0.9284,0.15016
10242,-0.0047713,0.049796,0.024137,-0.0054209,0.32198,0.9729,0.15114
10243,0.014068,0.031932,0.013418,-0.0089938,0.296,0.97322,0.15633
10244,0.034855,0.016341,0.0043233,-0.0047713,0.21123,0.96218,0.17095
10245,0.050121,0.0033489,0.00010078,-0.0015233,0.10631,0.94172,0.18492
10246,0.053044,-0.0050961,-0.00054884,-0.0067202,0.01764,0.89592,0.18394
10247,0.044924,-0.0047713,-0.00054884,-0.021012,-0.026858,0.81407,0.15861
10248,0.031282,0.0043233,0.0026992,-0.034654,-0.024585,0.69844,0.11346
10249,0.016991,0.019264,0.0069217,-0.040825,0.0026992,0.5461,0.053694
10250,0.0020496,0.031607,0.0088706,-0.043099,0.021213,0.35999,-0.019388
10251,-0.013541,0.039727,0.0052977,-0.046996,0.0023744,0.15373,-0.10059
10252,-0.031406,0.04395,-0.0031473,-0.058365,-0.06616,-0.061288,-0.17562
10253,-0.04862,0.042651,-0.013216,-0.069083,-0.17107,-0.27956,-0.23538
10254,-0.058365,0.030633,-0.02426,-0.07493,-0.27274,-0.49263,-0.27469
10255,-0.053168,0.010819,-0.035303,-0.076229,-0.33315,-0.67712,-0.29677
10256,-0.034654,-0.0073698,-0.045047,-0.076554,-0.33153,-0.80087,-0.30067
10257,-0.0093186,-0.019388,-0.04862,-0.084674,-0.27306,-0.84115,-0.28281
10258,0.011794,-0.025559,-0.042774,-0.095393,-0.18212,-0.7934,-0.23766
10259,0.022837,-0.028482,-0.030431,-0.098641,-0.10644,-0.66835,-0.1688
10260,0.019589,-0.034329,-0.018088,-0.087922,-0.097666,-0.48289,-0.091495
10261,0.0023744,-0.046347,-0.011267,-0.070382,-0.19251,-0.2435,-0.025234
10262,-0.026533,-0.059664,-0.012242,-0.04862,-0.37733,0.048497,0.020888
10263,-0.053817,-0.067459,-0.015165,-0.025559,-0.5852,0.3798,0.053694
10264,-0.061937,-0.063237,-0.012892,0.0059473,-0.72422,0.71793,0.09397
10265,-0.045372,-0.046022,-0.0024977,0.049472,-0.70473,1.0164,0.16543
10266,-0.007045,-0.019712,0.017316,0.099167,-0.47672,1.2425,0.27034
10267,0.041027,0.0095202,0.045574,0.14886,-0.065186,1.3779,0.38727
10268,0.0852,0.03453,0.078055,0.18914,0.42527,1.4293,0.48991
10269,0.11541,0.05207,0.10469,0.2044,0.85077,1.4182,0.55422
10270,0.12613,0.059541,0.11963,0.18037,1.0755,1.3669,0.57079
10271,0.12418,0.060515,0.11866,0.12093,1.0213,1.2704,0.54448
10272,0.11703,0.059541,0.10989,0.050446,0.71045,1.1093,0.48634
10273,0.10729,0.060515,0.10469,0.0020496,0.26027,0.86441,0.40579
10274,0.096893,0.066686,0.10826,0.0010752,-0.16782,0.54448,0.30347
10275,0.082277,0.080978,0.11671,0.044275,-0.4608,0.17939,0.17874
10276,0.062139,0.099492,0.1206,0.10534,-0.58942,-0.19478,0.038428
10277,0.040052,0.11086,0.11313,0.14756,-0.59072,-0.56312,-0.10319
10278,0.017965,0.10047,0.092671,0.15601,-0.52641,-0.92657,-0.22986
10279,-0.0011985,0.069285,0.062139,0.13652,-0.45041,-1.2839,-0.3299
10280,-0.013216,0.028684,0.031282,0.099492,-0.38545,-1.6031,-0.39584
10281,-0.018413,-0.0080194,0.0039985,0.055318,-0.3286,-1.8269,-0.4241
10282,-0.022961,-0.033354,-0.017114,0.015692,-0.26462,-1.9068,-0.41988
10283,-0.034329,-0.043748,-0.026858,-0.011917,-0.18342,-1.836,-0.39487
10284,-0.056416,-0.039526,-0.023935,-0.022311,-0.090521,-1.6499,-0.35719
10285,-0.079802,-0.028482,-0.014191,-0.018738,0.011144,-1.4079,-0.31204
10286,-0.094418,-0.014516,0.00075039,0.00075039,0.14432,-1.1621,-0.26234
10287,-0.092794,-0.0031473,0.016991,0.032257,0.33693,-0.92885,-0.2094
10288,-0.07428,0.0062721,0.031607,0.066362,0.5867,-0.69369,-0.15678
10289,-0.047646,0.010819,0.040052,0.095594,0.83291,-0.44586,-0.10514
10290,-0.024909,0.009845,0.043625,0.10956,0.99044,-0.18731,-0.058365
10291,-0.012242,0.0046481,0.041027,0.10242,0.98264,0.061165,-0.020037
10292,-0.0093186,0.00010078,0.031607,0.07708,0.78971,0.28041,0.0065969
10293,-0.0067202,-0.0028225,0.016341,0.040052,0.45613,0.461,0.029983
10294,-0.00022403,-0.0031473,0.00042559,-0.0063954,0.076755,0.59807,0.055318
10295,0.0091954,-0.00022403,-0.011592,-0.054142,-0.2474,0.6835,0.087474
10296,0.017316,0.0075714,-0.019388,-0.093444,-0.44716,0.72052,0.12613
10297,0.030633,0.021538,-0.022636,-0.11358,-0.504,0.72637,0.17485
10298,0.053694,0.042001,-0.020037,-0.10351,-0.43059,0.72507,0.22747
10299,0.084551,0.064088,-0.0099683,-0.058689,-0.23961,0.71987,0.27132
10300,0.11638,0.080003,0.0072465,0.0049729,0.045899,0.68512,0.28398
10301,0.1362,0.082927,0.028034,0.064413,0.36194,0.5854,0.25313
10302,0.13814,0.078704,0.05207,0.10047,0.64192,0.4152,0.18687
10303,0.12515,0.075131,0.075781,0.10631,0.84655,0.21447,0.10729
10304,0.10274,0.075456,0.091696,0.088124,0.96868,0.046223,0.045574
10305,0.070909,0.078379,0.093321,0.061489,1.0116,-0.034329,0.01829
10306,0.034206,0.073507,0.074806,0.040702,0.97225,-0.0089938,0.028034
10307,0.0026992,0.056617,0.040377,0.029658,0.8472,0.09462,0.062139
10308,-0.012567,0.031932,0.0010752,0.029658,0.66141,0.22812,0.10144
10309,-0.011917,0.0020496,-0.03238,0.031932,0.45223,0.35382,0.13002
10310,0.00042559,-0.023285,-0.053492,0.028359,0.2567,0.44898,0.14529
10311,0.016016,-0.04115,-0.062262,0.017316,0.10371,0.5016,0.14561
10312,0.025436,-0.047646,-0.064536,0.003024,-0.0054209,0.49803,0.1336
10313,0.025436,-0.036602,-0.062587,-0.0089938,-0.090845,0.42917,0.11606
10314,0.015692,-0.008669,-0.056741,-0.013866,-0.17692,0.30769,0.09397
10315,-0.00087364,0.023487,-0.04992,-0.010943,-0.26722,0.17712,0.058566
10316,-0.022311,0.047847,-0.04862,-0.007045,-0.34257,0.088773,0.0052977
10317,-0.043099,0.05272,-0.054142,-0.0076946,-0.37992,0.063438,-0.058689
10318,-0.05804,0.039402,-0.061288,-0.014191,-0.36531,0.091696,-0.11391
10319,-0.061288,0.023162,-0.062262,-0.016789,-0.31496,0.14464,-0.13989
10320,-0.04862,0.015367,-0.052843,-0.0080194,-0.25812,0.18492,-0.12852
10321,-0.02426,0.019914,-0.039851,0.0078962,-0.21785,0.18134,-0.086948
10322,0.010495,0.037778,-0.028482,0.016016,-0.2055,0.12255,-0.032705
10323,0.050446,0.062139,-0.021337,0.012119,-0.22109,0.021213,0.01764
10324,0.089098,0.085525,-0.016464,0.00042559,-0.26397,-0.094418,0.051745
10325,0.11801,0.099817,-0.010943,-0.0096434,-0.32471,-0.18796,0.067336
10326,0.1349,0.10306,-0.0044465,-0.012567,-0.38934,-0.22986,0.06896
10327,0.13522,0.095594,0.0065969,-0.014516,-0.43839,-0.20388,0.057592
10328,0.12028,0.076431,0.021213,-0.020687,-0.45171,-0.10384,0.034855
10329,0.095594,0.050446,0.034855,-0.030756,-0.41435,0.060515,0.010495
10330,0.066362,0.028684,0.0433,-0.033679,-0.33153,0.25248,-0.0047713
10331,0.041351,0.01764,0.047523,-0.018738,-0.24026,0.41813,-0.0011985
10332,0.027385,0.016666,0.050771,0.0091954,-0.17854,0.51265,0.022837
10333,0.027709,0.021863,0.055318,0.041676,-0.16945,0.51557,0.057592
10334,0.040052,0.029658,0.064088,0.06831,-0.20843,0.43827,0.089748
10335,0.057267,0.037454,0.075456,0.076755,-0.26332,0.31581,0.11606
10336,0.067011,0.041676,0.084551,0.064088,-0.2958,0.19109,0.13165
10337,0.059216,0.037129,0.086175,0.038103,-0.2893,0.090722,0.13652
10338,0.03453,0.021538,0.076755,0.011794,-0.24221,0.021863,0.131
10339,0.008221,0.0026992,0.056942,-0.0031473,-0.16295,-0.021986,0.11736
10340,-0.0093186,-0.010943,0.033556,-0.0076946,-0.059014,-0.060963,0.10014
10341,-0.012892,-0.01484,0.01829,-0.0041217,0.05142,-0.11748,0.076106
10342,-0.0057458,-0.0093186,0.012119,0.0039985,0.14334,-0.19413,0.0433
10343,0.003024,-0.0024977,0.009845,0.019264,0.18427,-0.27566,0.0056225
10344,0.0056225,0.0036737,0.0056225,0.039078,0.15276,-0.33088,-0.02426
10345,-0.0015233,0.0091954,0.00075039,0.056617,0.045249,-0.3351,-0.034654
10346,-0.011592,0.018615,0.00010078,0.063113,-0.10481,-0.28313,-0.021661
10347,-0.015165,0.03453,0.012768,0.056292,-0.24156,-0.19154,0.0069217
10348,-0.0047713,0.05142,0.03518,0.038103,-0.30165,-0.083375,0.043625
10349,0.015367,0.063113,0.054668,0.020239,-0.2591,0.021538,0.081627
10350,0.034855,0.064088,0.064413,0.011144,-0.13632,0.10891,0.11411
10351,0.045899,0.050771,0.059541,0.019589,0.0052977,0.16413,0.1297
10352,0.046548,0.023162,0.040702,0.039727,0.10566,0.1768,0.12483
10353,0.040052,-0.013541,0.013743,0.055968,0.13197,0.14984,0.096244
10354,0.027385,-0.052193,-0.013541,0.055968,0.092346,0.096244,0.04395
10355,0.011794,-0.081426,-0.03173,0.040052,0.027709,0.030308,-0.026858
10356,-0.0054209,-0.093119,-0.04115,0.013743,-0.026858,-0.036927,-0.10449
10357,-0.017764,-0.087922,-0.041799,-0.010943,-0.057065,-0.099615,-0.16685
10358,-0.02426,-0.072006,-0.039526,-0.020687,-0.065835,-0.14444,-0.19024
10359,-0.025559,-0.053168,-0.033679,-0.011267,-0.055441,-0.1662,-0.1649
10360,-0.029132,-0.038876,-0.022311,0.013093,-0.016789,-0.15483,-0.10156
10361,-0.033354,-0.027833,-0.0060706,0.042326,0.06961,-0.11098,-0.03303
10362,-0.034654,-0.017114,0.0075714,0.068635,0.21252,-0.04992,0.016016
10363,-0.029457,-0.0054209,0.019589,0.083901,0.37103,0.010819,0.042975
10364,-0.016789,0.0075714,0.030308,0.090397,0.48959,0.062139,0.061814
10365,0.00010078,0.023162,0.04395,0.096244,0.53506,0.086175,0.0865
10366,0.011469,0.039727,0.057592,0.10566,0.51395,0.057592,0.11443
10367,0.011144,0.055318,0.06961,0.11151,0.45581,-0.034654,0.12613
10368,0.0020496,0.064088,0.079679,0.11151,0.38337,-0.18179,0.10339
10369,-0.011267,0.064737,0.08585,0.10501,0.3012,-0.34907,0.043625
10370,-0.025234,0.055968,0.086824,0.087799,0.19726,-0.49231,-0.044723
10371,-0.036927,0.042001,0.080003,0.063438,0.062139,-0.57936,-0.13924
10372,-0.045372,0.024137,0.064088,0.038428,-0.10221,-0.59852,-0.21687
10373,-0.043423,0.0075714,0.042326,0.023162,-0.26332,-0.5459,-0.2591
10374,-0.026858,-0.0018481,0.022837,0.020564,-0.37375,-0.43319,-0.26137
10375,-0.0015233,0.0017248,0.0078962,0.022512,-0.39649,-0.29385,-0.22921
10376,0.020564,0.01829,-0.00022403,0.020888,-0.30977,-0.15613,-0.17692
10377,0.028034,0.037778,-0.0015233,0.011144,-0.12008,-0.035628,-0.1243
10378,0.021213,0.053044,-0.0041217,-0.018088,0.14302,0.086175,-0.084349
10379,0.0078962,0.058241,-0.013866,-0.079802,0.43957,0.25118,-0.057065
10380,-0.0021729,0.056942,-0.031406,-0.1753,0.7241,0.4701,-0.038227
10381,0.003024,0.054993,-0.048296,-0.28411,0.94269,0.70363,-0.020037
10382,0.023162,0.060515,-0.052843,-0.35946,1.0557,0.88845,0.003024
10383,0.058891,0.080978,-0.035628,-0.35784,1.044,0.99791,0.033881
10384,0.10242,0.11606,-0.0063954,-0.27436,0.90891,1.0466,0.06961
10385,0.13944,0.15633,0.01894,-0.13015,0.67213,1.0499,0.10306
10386,0.15666,0.18654,0.02706,0.039078,0.39214,0.99856,0.12125
10387,0.15244,0.19596,0.017965,0.18719,0.13587,0.88488,0.12483
10388,0.13197,0.18719,0.0014,0.28073,-0.053168,0.71338,0.12353
10389,0.10306,0.17192,-0.0089938,0.31192,-0.1675,0.49543,0.1258
10390,0.075131,0.15568,-0.00054884,0.30217,-0.23441,0.25118,0.13392
10391,0.058241,0.13002,0.025111,0.28073,-0.2919,0.018615,0.15049
10392,0.057917,0.088448,0.056292,0.26709,-0.36953,-0.1623,0.1768
10393,0.073832,0.029983,0.081303,0.26384,-0.48386,-0.27274,0.20895
10394,0.10306,-0.03173,0.094295,0.26742,-0.62158,-0.32178,0.24241
10395,0.13749,-0.080451,0.10079,0.27651,-0.74955,-0.3299,0.27034
10396,0.17062,-0.10546,0.10534,0.28366,-0.84765,-0.31496,0.2908
10397,0.18914,-0.10741,0.11021,0.27976,-0.91488,-0.28605,0.30899
10398,0.18264,-0.095393,0.11183,0.25507,-0.96458,-0.25585,0.31419
10399,0.14756,-0.079802,0.10436,0.20733,-1.0088,-0.23993,0.30022
10400,0.09397,-0.06616,0.088448,0.14302,-1.0464,-0.25,0.26319
10401,0.036804,-0.051219,0.067661,0.078379,-1.0659,-0.2958,0.20928
10402,-0.0099683,-0.034654,0.050121,0.028359,-1.0545,-0.38155,0.15016
10403,-0.042449,-0.013541,0.038428,-0.0031473,-0.99966,-0.48679,0.09462
10404,-0.057715,0.0085458,0.032582,-0.019063,-0.89182,-0.57806,0.046223
10405,-0.056416,0.024786,0.027385,-0.03238,-0.73429,-0.63035,0.0046481
10406,-0.042124,0.033231,0.01764,-0.05739,-0.52966,-0.63717,-0.029132
10407,-0.015815,0.031607,0.0026992,-0.097341,-0.2945,-0.60826,-0.055116
10408,0.018615,0.026735,-0.01549,-0.14541,-0.070058,-0.56182,-0.073955
10409,0.05272,0.029009,-0.026209,-0.18504,0.10501,-0.5118,-0.083375
10410,0.078379,0.048822,-0.019712,-0.19381,0.22162,-0.4621,-0.0837
10411,0.089748,0.084551,0.0052977,-0.15256,0.30769,-0.40883,-0.075904
10412,0.083576,0.12678,0.039078,-0.054142,0.3876,-0.34679,-0.064211
10413,0.062464,0.16056,0.067661,0.076106,0.44411,-0.28735,-0.061288
10414,0.030633,0.1781,0.076755,0.18622,0.43762,-0.24805,-0.076879
10415,-0.0024977,0.17517,0.06019,0.23331,0.36778,-0.22824,-0.10481
10416,-0.021986,0.15796,0.030308,0.21188,0.2908,-0.2029,-0.12592
10417,-0.02361,0.13165,0.0014,0.14269,0.27326,-0.15288,-0.12755
10418,-0.020362,0.09462,-0.011592,0.057592,0.34635,-0.082076,-0.11066
10419,-0.025234,0.03583,-0.011917,-0.0089938,0.48601,-0.008669,-0.088247
10420,-0.044073,-0.043099,-0.008669,-0.043423,0.62536,0.053044,-0.071682
10421,-0.071682,-0.12755,-0.0067202,-0.047321,0.70201,0.10112,-0.061613
10422,-0.097991,-0.19511,-0.0031473,-0.030756,0.69032,0.15309,-0.050569
10423,-0.11033,-0.23149,0.0014,-0.0054209,0.60976,0.22194,-0.029782
10424,-0.10059,-0.23344,0.0069217,0.01894,0.51102,0.30477,0.0052977
10425,-0.069733,-0.20096,0.011794,0.039402,0.44898,0.38597,0.053369
10426,-0.026858,-0.14574,0.021213,0.054019,0.43794,0.45516,0.10794
10427,0.012768,-0.08305,0.031607,0.058241,0.44411,0.49965,0.16185
10428,0.041027,-0.029457,0.036804,0.050121,0.4217,0.50907,0.19986
10429,0.05272,0.0059473,0.039402,0.031282,0.3457,0.47497,0.20993
10430,0.050121,0.020239,0.040052,0.0091954,0.23624,0.40124,0.19304
10431,0.036804,0.020564,0.040702,-0.0093186,0.13555,0.30217,0.16056
10432,0.016991,0.016666,0.039402,-0.022636,0.080328,0.19206,0.12613
10433,-0.0047713,0.014068,0.03518,-0.035303,0.083251,0.080978,0.087474
10434,-0.026533,0.016341,0.022837,-0.053817,0.12483,-0.033679,0.031607
10435,-0.042774,0.020239,0.0014,-0.079152,0.16023,-0.15711,-0.048296
10436,-0.051219,0.023162,-0.027508,-0.10416,0.15016,-0.28346,-0.14184
10437,-0.051868,0.020564,-0.061613,-0.12268,0.083251,-0.39551,-0.22109
10438,-0.045697,0.013743,-0.086623,-0.13469,-0.02361,-0.46762,-0.26169
10439,-0.030756,0.011794,-0.093769,-0.13502,-0.13242,-0.49556,-0.25585
10440,-0.0089938,0.021863,-0.079477,-0.11845,-0.21005,-0.51439,-0.21135
10441,0.009845,0.045574,-0.048945,-0.079477,-0.24123,-0.56734,-0.15711
10442,0.016666,0.080978,-0.0080194,-0.020037,-0.23928,-0.66283,-0.1256
10443,0.0072465,0.11541,0.034206,0.041676,-0.22629,-0.76904,-0.13112
10444,-0.017439,0.13749,0.063438,0.080653,-0.2133,-0.83336,-0.16523
10445,-0.047321,0.14009,0.074482,0.079679,-0.18894,-0.80899,-0.20648
10446,-0.072006,0.13035,0.066362,0.041027,-0.13242,-0.67972,-0.23311
10447,-0.080127,0.11346,0.047523,-0.02426,-0.029457,-0.46145,-0.22759
10448,-0.071357,0.099492,0.030633,-0.095717,0.10501,-0.19251,-0.18861
10449,-0.051544,0.090397,0.020564,-0.15061,0.23006,0.063438,-0.12885
10450,-0.033354,0.081303,0.016991,-0.17172,0.31386,0.25637,-0.072656
10451,-0.028807,0.067661,0.01764,-0.14736,0.35999,0.36811,-0.037902
10452,-0.038876,0.046548,0.020239,-0.077853,0.38727,0.41293,-0.033354
10453,-0.051219,0.029658,0.022512,0.019914,0.41293,0.43209,-0.050244
10454,-0.055441,0.024786,0.022837,0.11606,0.44119,0.45938,-0.069083
10455,-0.051544,0.032582,0.020239,0.18037,0.44184,0.50583,-0.072656
10456,-0.044723,0.043625,0.013743,0.19953,0.35934,0.55617,-0.065186
10457,-0.036602,0.054668,0.0036737,0.16835,0.15796,0.588,-0.059339
10458,-0.025884,0.059216,-0.010618,0.098193,-0.13729,0.57469,-0.057715
10459,-0.010618,0.055318,-0.021337,0.023487,-0.45301,0.50388,-0.051219
10460,0.014717,0.046223,-0.02426,-0.022311,-0.70018,0.39344,-0.023285
10461,0.046223,0.036479,-0.019388,-0.026858,-0.82361,0.26514,0.036154
10462,0.07708,0.029333,-0.010943,-0.00087364,-0.82946,0.13684,0.11638
10463,0.10274,0.030633,-0.0024977,0.031607,-0.77424,0.018615,0.19174
10464,0.12158,0.042975,0.0069217,0.061165,-0.70863,-0.07428,0.2502
10465,0.13555,0.067336,0.020564,0.0865,-0.64237,-0.11456,0.29113
10466,0.14561,0.095919,0.042001,0.10794,-0.54687,-0.083375,0.32328
10467,0.15081,0.11931,0.066037,0.12255,-0.39649,0.01894,0.34472
10468,0.14756,0.13392,0.080978,0.12125,-0.19868,0.17127,0.34505
10469,0.13587,0.13555,0.084876,0.10339,-0.0024977,0.33887,0.31159
10470,0.11963,0.12775,0.081952,0.080653,0.14821,0.48504,0.25053
10471,0.10371,0.11573,0.076106,0.063113,0.24208,0.57923,0.18816
10472,0.092671,0.10501,0.06831,0.052395,0.29697,0.59677,0.14432
10473,0.085525,0.10079,0.055968,0.044924,0.33985,0.53408,0.12158
10474,0.077405,0.10242,0.040702,0.041676,0.39117,0.41066,0.11118
10475,0.068635,0.10371,0.023162,0.042651,0.44931,0.26482,0.10144
10476,0.059865,0.097868,0.0091954,0.047198,0.48861,0.12613,0.083901
10477,0.05272,0.082927,0.0039985,0.058241,0.48212,0.0020496,0.049796
10478,0.047523,0.064737,0.009845,0.081627,0.42268,-0.11456,-0.0018481
10479,0.042326,0.046548,0.025111,0.11671,0.33595,-0.20908,-0.056416
10480,0.03453,0.025761,0.042651,0.15406,0.25605,-0.25357,-0.095717
10481,0.026735,-0.00054884,0.057917,0.17907,0.207,-0.22954,-0.11391
10482,0.022512,-0.032055,0.065062,0.18914,0.20051,-0.15321,-0.11033
10483,0.029009,-0.05739,0.064413,0.19369,0.24501,-0.059014,-0.088247
10484,0.046223,-0.062262,0.062139,0.20246,0.35219,0.020239,-0.053817
10485,0.073507,-0.04115,0.063763,0.21058,0.51654,0.075781,-0.012567
10486,0.10209,0.00075039,0.064088,0.20246,0.68707,0.12288,0.030308
10487,0.12223,0.046548,0.053044,0.15536,0.78354,0.17225,0.067986
10488,0.12093,0.082927,0.028034,0.064737,0.74099,0.22032,0.095919
10489,0.09397,0.097543,-0.0080194,-0.04862,0.55487,0.25605,0.11118
10490,0.053369,0.091372,-0.043748,-0.14866,0.29503,0.26417,0.11021
10491,0.011144,0.071558,-0.068758,-0.20583,0.074482,0.21805,0.095919
10492,-0.018738,0.042651,-0.079477,-0.2133,-0.025559,0.10794,0.074482
10493,-0.036927,0.008221,-0.075904,-0.18536,0.0046481,-0.042124,0.049796
10494,-0.046347,-0.026209,-0.063561,-0.14379,0.11281,-0.18991,0.022837
10495,-0.050894,-0.056416,-0.050894,-0.10903,0.21967,-0.28865,-0.0044465
10496,-0.051544,-0.080451,-0.044723,-0.090845,0.26449,-0.31009,-0.028807
10497,-0.050244,-0.098965,-0.045372,-0.084674,0.23169,-0.25065,-0.046671
10498,-0.044398,-0.10481,-0.046347,-0.079477,0.14951,-0.1308,-0.051868
10499,-0.034329,-0.095068,-0.044073,-0.066485,0.062139,0.015042,-0.042774
10500,-0.021986,-0.073631,-0.036927,-0.043423,0.0072465,0.13977,-0.027833
10501,-0.012892,-0.046022,-0.024585,-0.017764,-0.01549,0.20473,-0.025884
10502,-0.0054209,-0.01614,-0.0060706,0.0033489,-0.045372,0.19174,-0.039526
10503,0.0014,0.016991,0.016341,0.016016,-0.11748,0.11443,-0.062587
10504,0.0078962,0.048497,0.03583,0.020564,-0.24026,0.0010752,-0.077528
10505,0.01017,0.071234,0.050121,0.023487,-0.39714,-0.11586,-0.076229
10506,0.0091954,0.078055,0.054993,0.028034,-0.55337,-0.20453,-0.060963
10507,0.0088706,0.06084,0.050771,0.029333,-0.65861,-0.23571,-0.036278
10508,0.014068,0.022512,0.036479,0.022188,-0.65763,-0.20128,-0.010293
10509,0.022188,-0.025884,0.016666,0.0091954,-0.52154,-0.11228,0.013093
10510,0.029333,-0.070707,0.0052977,0.0017248,-0.26754,0.0014,0.031607
10511,0.030633,-0.10189,0.0078962,0.0052977,0.030633,0.11054,0.046873
10512,0.030308,-0.11715,0.020888,0.019264,0.28561,0.2057,0.067336
10513,0.030633,-0.11391,0.037454,0.038428,0.45061,0.2973,0.097218
10514,0.03518,-0.092469,0.052395,0.05142,0.54253,0.39929,0.14139
10515,0.047523,-0.059989,0.063438,0.049147,0.5932,0.5094,0.19531
10516,0.064737,-0.026858,0.067986,0.021863,0.60457,0.5984,0.24403
10517,0.082277,0.0017248,0.062789,-0.026858,0.55357,0.62438,0.26709
10518,0.0865,0.020564,0.044599,-0.085324,0.42268,0.56527,0.25443
10519,0.074806,0.028034,0.019914,-0.13794,0.22454,0.42657,0.207
10520,0.05207,0.024786,-0.0057458,-0.174,-0.0037969,0.23006,0.13295
10521,0.029658,0.013743,-0.02361,-0.18407,-0.212,0.0033489,0.050121
10522,0.015367,0.0033489,-0.028482,-0.17042,-0.36985,-0.22661,-0.017114
10523,0.01017,0.0017248,-0.019388,-0.1321,-0.48549,-0.43027,-0.050894
10524,0.013418,0.015042,-0.00087364,-0.075579,-0.58325,-0.58618,-0.051868
10525,0.028359,0.044275,0.021213,-0.012892,-0.68297,-0.6703,-0.03303
10526,0.053369,0.088124,0.040377,0.046548,-0.78463,-0.66316,-0.014516
10527,0.082927,0.13814,0.055318,0.099492,-0.87201,-0.56636,-0.008669
10528,0.10891,0.18687,0.066362,0.14561,-0.93015,-0.40201,-0.01614
10529,0.12775,0.22649,0.074806,0.19206,-0.95126,-0.20648,-0.026209
10530,0.13944,0.258,0.082277,0.24013,-0.94054,-0.019712,-0.024585
10531,0.13879,0.28398,0.092346,0.27846,-0.89702,0.11183,-0.0047713
10532,0.12255,0.2986,0.10371,0.29373,-0.81809,0.15146,0.032257
10533,0.096569,0.29275,0.11086,0.28236,-0.71025,0.095919,0.082927
10534,0.071234,0.25637,0.11346,0.2502,-0.59527,-0.022636,0.1323
10535,0.054993,0.19434,0.11443,0.21447,-0.50692,-0.15029,0.16315
10536,0.051096,0.11833,0.11248,0.18849,-0.45593,-0.23571,0.16543
10537,0.054668,0.038753,0.10534,0.17355,-0.41078,-0.24708,0.14432
10538,0.056617,-0.038876,0.091696,0.16056,-0.32893,-0.18017,0.10924
10539,0.046873,-0.11358,0.065387,0.13944,-0.21037,-0.051868,0.072533
10540,0.01764,-0.18374,0.029983,0.11183,-0.08305,0.10469,0.050771
10541,-0.026209,-0.24058,-0.0057458,0.084876,0.02641,0.2476,0.049147
10542,-0.073306,-0.27728,-0.032705,0.06084,0.089423,0.34017,0.067011
10543,-0.11196,-0.28768,-0.048945,0.040377,0.081952,0.36681,0.095269
10544,-0.13307,-0.26851,-0.05739,0.021538,0.008221,0.33335,0.11898
10545,-0.13697,-0.23181,-0.059989,-0.0011985,-0.095717,0.25637,0.1258
10546,-0.1295,-0.19154,-0.057065,-0.025234,-0.17107,0.15796,0.11054
10547,-0.11715,-0.15905,-0.056091,-0.047971,-0.17984,0.058566,0.072533
10548,-0.10903,-0.14216,-0.062587,-0.067459,-0.1295,-0.022961,0.019589
10549,-0.11098,-0.13664,-0.07428,-0.084999,-0.038227,-0.069408,-0.031081
10550,-0.11975,-0.13372,-0.0837,-0.10579,0.086175,-0.084999,-0.063237
10551,-0.12463,-0.12463,-0.081101,-0.12592,0.25345,-0.091495,-0.071032
10552,-0.1178,-0.10286,-0.06616,-0.12982,0.44898,-0.10416,-0.056741
10553,-0.096042,-0.06551,-0.045372,-0.10481,0.62925,-0.1217,-0.03238
10554,-0.06616,-0.012567,-0.023285,-0.056416,0.73384,-0.13242,-0.019063
10555,-0.034004,0.047847,-0.0028225,-0.0021729,0.7254,-0.12722,-0.028807
10556,-0.0024977,0.10566,0.013093,0.045574,0.61529,-0.10091,-0.057065
10557,0.02706,0.14334,0.021213,0.07708,0.45093,-0.046996,-0.093119
10558,0.047198,0.14724,0.01829,0.090072,0.27846,0.027709,-0.123
10559,0.050121,0.11931,0.0075714,0.080978,0.11216,0.10079,-0.14411
10560,0.036154,0.078704,-0.0047713,0.051745,-0.057065,0.14009,-0.15548
10561,0.015367,0.045249,-0.010618,0.012768,-0.23344,0.12645,-0.14769
10562,-0.0021729,0.028034,-0.0050961,-0.013541,-0.3783,0.072533,-0.10644
10563,-0.0037969,0.031282,0.015692,-0.0021729,-0.43319,0.016341,-0.034978
10564,0.011144,0.051096,0.041676,0.053694,-0.36563,-0.0021729,0.047198
10565,0.032257,0.074806,0.063113,0.12548,-0.18277,0.03583,0.11086
10566,0.045574,0.091696,0.06961,0.17874,0.071558,0.1245,0.13522
10567,0.052395,0.10079,0.059541,0.19921,0.32718,0.23234,0.11768
10568,0.057267,0.10339,0.042975,0.19044,0.51232,0.31192,0.069285
10569,0.062139,0.10242,0.027385,0.16543,0.59125,0.31451,0.0033489
10570,0.067336,0.10144,0.018615,0.13977,0.56072,0.23364,-0.059339
10571,0.077405,0.10047,0.020239,0.11963,0.43957,0.10891,-0.10221
10572,0.089423,0.10177,0.028359,0.10339,0.2606,-0.008669,-0.11845
10573,0.10144,0.10339,0.036154,0.096569,0.072208,-0.097341,-0.10838
10574,0.10566,0.10599,0.048172,0.098193,-0.075579,-0.1688,-0.085648
10575,0.097218,0.10469,0.063113,0.10014,-0.15061,-0.2435,-0.067134
10576,0.070259,0.09397,0.076755,0.097868,-0.14022,-0.32211,-0.063237
10577,0.028359,0.073832,0.084226,0.089748,-0.07493,-0.38545,-0.069408
10578,-0.016464,0.053694,0.083901,0.074806,-0.01484,-0.41955,-0.072656
10579,-0.048296,0.044599,0.080328,0.058566,-0.017114,-0.4241,-0.061937
10580,-0.05739,0.050771,0.078379,0.041351,-0.097341,-0.40104,-0.034978
10581,-0.044073,0.064413,0.077405,0.025436,-0.23474,-0.35849,0.0026992
10582,-0.018088,0.078379,0.075456,0.011469,-0.38642,-0.30197,0.042001
10583,0.010495,0.084226,0.068635,0.0056225,-0.51147,-0.22597,0.074806
10584,0.033556,0.082602,0.06019,0.010495,-0.57513,-0.1308,0.096244
10585,0.045249,0.075781,0.052395,0.019589,-0.55337,-0.022961,0.099817
10586,0.048172,0.071234,0.047198,0.029333,-0.43189,0.083576,0.084876
10587,0.050771,0.074482,0.045249,0.039402,-0.20485,0.18297,0.058566
10588,0.062464,0.083576,0.047198,0.048172,0.12288,0.27229,0.03453
10589,0.088124,0.096893,0.05272,0.054019,0.51135,0.34277,0.019589
10590,0.12125,0.11573,0.062464,0.054344,0.87676,0.3837,0.019914
10591,0.15114,0.13749,0.07773,0.049472,1.1431,0.38565,0.028034
10592,0.16218,0.15666,0.091372,0.042001,1.2688,0.33985,0.035505
10593,0.14139,0.16315,0.096244,0.032906,1.2659,0.23916,0.024461
10594,0.092021,0.15471,0.085525,0.01017,1.1801,0.087149,-0.0099683
10595,0.033556,0.12905,0.061489,-0.030106,1.058,-0.095717,-0.06616
10596,-0.0089938,0.092346,0.033556,-0.081101,0.92418,-0.27014,-0.13502
10597,-0.030756,0.05207,0.0088706,-0.12885,0.78776,-0.38869,-0.20031
10598,-0.039201,0.014717,-0.010618,-0.15905,0.65491,-0.42442,-0.24091
10599,-0.036927,-0.020362,-0.02426,-0.16815,0.52889,-0.38674,-0.24643
10600,-0.030106,-0.051868,-0.036278,-0.1649,0.41001,-0.32178,-0.22532
10601,-0.026858,-0.081426,-0.052518,-0.16068,0.2908,-0.28573,-0.19608
10602,-0.026858,-0.10384,-0.073631,-0.1623,0.15763,-0.31626,-0.17627
10603,-0.025234,-0.11553,-0.094418,-0.16198,0.015042,-0.39811,-0.16328
10604,-0.013216,-0.10903,-0.10189,-0.15126,-0.11326,-0.47574,-0.14509
10605,0.0091954,-0.084999,-0.084349,-0.123,-0.20031,-0.49166,-0.11066
10606,0.033556,-0.044723,-0.04115,-0.072331,-0.23441,-0.428,-0.063886
10607,0.048497,0.0026992,0.017316,-0.0021729,-0.21979,-0.30327,-0.011592
10608,0.046223,0.046873,0.06831,0.075781,-0.18699,-0.14866,0.036154
10609,0.029009,0.074157,0.092671,0.14594,-0.17075,0.015692,0.081952
10610,0.0056225,0.080653,0.078704,0.18329,-0.19316,0.18264,0.12937
10611,-0.0073698,0.066362,0.037454,0.17192,-0.25455,0.35122,0.18069
10612,-0.007045,0.03583,-0.012567,0.11703,-0.34452,0.512,0.23234
10613,0.0014,-0.0028225,-0.052843,0.037129,-0.44229,0.63867,0.27164
10614,0.0059473,-0.035303,-0.073306,-0.038227,-0.52446,0.69876,0.2895
10615,0.0020496,-0.046996,-0.069083,-0.086298,-0.57416,0.67895,0.28366
10616,-0.0044465,-0.029132,-0.046671,-0.092145,-0.58942,0.58995,0.26449
10617,-0.0050961,0.013093,-0.017439,-0.05804,-0.58683,0.46328,0.24663
10618,0.0043233,0.058891,0.0075714,-0.0050961,-0.58325,0.34245,0.23818
10619,0.025436,0.092671,0.021863,0.04395,-0.58683,0.26514,0.23721
10620,0.049472,0.10339,0.023812,0.076755,-0.58033,0.24111,0.24176
10621,0.06961,0.091696,0.01764,0.098193,-0.54395,0.25443,0.24241
10622,0.080978,0.068635,0.0095202,0.10436,-0.46502,0.27489,0.23591
10623,0.088124,0.040052,-0.0011985,0.083251,-0.36596,0.27976,0.22227
10624,0.094295,0.014068,-0.015815,0.026085,-0.27631,0.2463,0.2057
10625,0.10177,-0.0060706,-0.033354,-0.060638,-0.20713,0.16218,0.18589
10626,0.10891,-0.015815,-0.051219,-0.14834,-0.15516,0.028684,0.16738
10627,0.10891,-0.015165,-0.059989,-0.2055,-0.11261,-0.1334,0.15309
10628,0.096893,-0.0063954,-0.052518,-0.21297,-0.072331,-0.27858,0.14399
10629,0.074157,0.011469,-0.030431,-0.17335,-0.016789,-0.34484,0.14237
10630,0.047198,0.034206,-0.0015233,-0.10806,0.06961,-0.27728,0.14302
10631,0.026085,0.05207,0.019914,-0.037577,0.19011,-0.081426,0.13327
10632,0.01017,0.054668,0.022837,0.025761,0.33303,0.18492,0.096569
10633,-0.0057458,0.039078,0.0056225,0.076106,0.47822,0.44606,0.035505
10634,-0.028157,0.010819,-0.023935,0.10794,0.5906,0.64257,-0.030106
10635,-0.057715,-0.027183,-0.053817,0.12125,0.63445,0.74391,-0.076229
10636,-0.087272,-0.065835,-0.072331,0.11638,0.61009,0.753,-0.092794
10637,-0.10774,-0.094418,-0.077853,0.10306,0.54805,0.69681,-0.084999
10638,-0.11131,-0.10514,-0.073631,0.094295,0.48406,0.60587,-0.064211
10639,-0.098641,-0.097341,-0.064861,0.089748,0.44086,0.50875,-0.045047
10640,-0.073306,-0.077528,-0.054792,0.078704,0.4165,0.42105,-0.04115
10641,-0.044398,-0.052193,-0.046347,0.049796,0.38695,0.34829,-0.055766
10642,-0.019063,-0.027508,-0.04115,0.0010752,0.31451,0.30185,-0.08305
10643,-0.0063954,-0.0076946,-0.0405,-0.053817,0.17615,0.27944,-0.10741
10644,-0.007045,0.0062721,-0.044073,-0.095393,-0.017439,0.2619,-0.12365
10645,-0.017114,0.014068,-0.048296,-0.11131,-0.22174,0.22097,-0.13437
10646,-0.029457,0.01764,-0.04992,-0.10936,-0.37635,0.13652,-0.14509
10647,-0.038551,0.019264,-0.046996,-0.10124,-0.43352,0.012768,-0.16035
10648,-0.044398,0.015692,-0.038227,-0.087597,-0.37668,-0.12268,-0.18017
10649,-0.045047,0.011144,-0.02361,-0.057715,-0.22369,-0.24286,-0.19089
10650,-0.039201,0.0091954,-0.0031473,-0.0044465,-0.026858,-0.32666,-0.17367
10651,-0.022961,0.014717,0.024786,0.067011,0.14561,-0.3848,-0.12398
10652,0.008221,0.029333,0.06019,0.13912,0.24403,-0.44034,-0.047971
10653,0.050446,0.048172,0.098842,0.19726,0.26807,-0.50205,0.039727
10654,0.093321,0.065712,0.13067,0.23039,0.24858,-0.56214,0.12483
10655,0.1232,0.074806,0.14594,0.23429,0.22584,-0.60437,0.19076
10656,0.13165,0.072858,0.14659,0.22065,0.22779,-0.62093,0.23201
10657,0.12483,0.061165,0.13912,0.20538,0.26969,-0.60242,0.25637
10658,0.11898,0.051745,0.13295,0.20051,0.35674,-0.54558,0.27456
10659,0.12807,0.057592,0.13717,0.21285,0.48212,-0.45853,0.29535
10660,0.15438,0.088448,0.15049,0.24111,0.62146,-0.36921,0.31549
10661,0.18557,0.1362,0.16835,0.27521,0.73774,-0.2997,0.32751
10662,0.2109,0.18264,0.18199,0.2986,0.79653,-0.25715,0.32458
10663,0.22292,0.2122,0.18751,0.30477,0.77964,-0.23311,0.30997
10664,0.22357,0.22032,0.18751,0.29373,0.69584,-0.21752,0.28788
10665,0.22032,0.21317,0.18297,0.27099,0.56527,-0.21167,0.25605
10666,0.21188,0.20408,0.17225,0.23721,0.40351,-0.22109,0.21285
10667,0.19239,0.19466,0.15276,0.19141,0.21382,-0.25195,0.15763
10668,0.15763,0.17874,0.12678,0.1336,-0.011267,-0.29093,0.095269
10669,0.11346,0.15244,0.10209,0.074806,-0.27306,-0.31691,0.029983
10670,0.069934,0.1206,0.085525,0.025111,-0.555,-0.31366,-0.037252
10671,0.033231,0.090397,0.072208,-0.010293,-0.82653,-0.30132,-0.10579
10672,0.0039985,0.062139,0.055643,-0.033679,-1.0601,-0.31594,-0.17335
10673,-0.022636,0.033556,0.034206,-0.046347,-1.2345,-0.3822,-0.23376
10674,-0.048296,0.00042559,0.0088706,-0.055116,-1.3306,-0.49263,-0.28313
10675,-0.072331,-0.040175,-0.021661,-0.068758,-1.3189,-0.60242,-0.31464
10676,-0.092469,-0.081426,-0.053492,-0.088896,-1.1604,-0.65601,-0.32081
10677,-0.10838,-0.11196,-0.077203,-0.10644,-0.834,-0.60307,-0.30619
10678,-0.11683,-0.1269,-0.088247,-0.11521,-0.36921,-0.42117,-0.27793
10679,-0.11423,-0.12365,-0.086298,-0.11293,0.12905,-0.14087,-0.23863
10680,-0.096367,-0.10546,-0.070707,-0.099615,0.50258,0.16413,-0.19056
10681,-0.069408,-0.07493,-0.046347,-0.075579,0.62243,0.40968,-0.13957
10682,-0.042774,-0.036278,-0.016464,-0.046022,0.461,0.54155,-0.097991
10683,-0.030106,0.0017248,0.014068,-0.014191,0.11411,0.55032,-0.076229
10684,-0.040175,0.031932,0.036804,0.010495,-0.2539,0.46263,-0.073306
10685,-0.062587,0.049147,0.047198,0.029983,-0.51309,0.3353,-0.074605
10686,-0.080776,0.057267,0.055318,0.061165,-0.61573,0.23689,-0.05739
10687,-0.081426,0.062789,0.074157,0.11248,-0.59949,0.20538,-0.0076946
10688,-0.059989,0.070259,0.10371,0.17874,-0.55435,0.24078,0.067986
10689,-0.023285,0.078704,0.13814,0.24371,-0.56182,0.30639,0.14951
10690,0.014392,0.0852,0.16315,0.2895,-0.6297,0.35869,0.21805
10691,0.045899,0.085525,0.16933,0.29892,-0.69304,0.36551,0.2619
10692,0.067986,0.073507,0.15244,0.26612,-0.66575,0.32621,0.27911
10693,0.082277,0.045899,0.11606,0.20018,-0.50822,0.27781,0.27489
10694,0.089423,0.0017248,0.066362,0.11671,-0.24968,0.26449,0.25443
10695,0.092671,-0.055116,0.010819,0.030957,0.029983,0.30737,0.22227
10696,0.091047,-0.11423,-0.041475,-0.042449,0.24176,0.38337,0.18134
10697,0.085525,-0.15646,-0.077853,-0.093444,0.34407,0.45678,0.13392
10698,0.081303,-0.1675,-0.09182,-0.11553,0.35966,0.50453,0.087799
10699,0.079679,-0.14704,-0.084999,-0.11586,0.33465,0.52856,0.052395
10700,0.084876,-0.10579,-0.067134,-0.10579,0.2986,0.53311,0.029009
10701,0.097218,-0.05804,-0.047646,-0.096367,0.25248,0.51979,0.016016
10702,0.10859,-0.0089938,-0.030756,-0.086298,0.18946,0.48569,0.0072465
10703,0.11411,0.042975,-0.018088,-0.075904,0.10534,0.42625,-0.0037969
10704,0.11216,0.10047,-0.010943,-0.068758,0.017316,0.3418,-0.017764
10705,0.10599,0.16088,-0.010618,-0.064536,-0.04927,0.23624,-0.028482
10706,0.098517,0.21155,-0.016464,-0.064211,-0.080127,0.11378,-0.03303
10707,0.094295,0.23948,-0.02426,-0.072981,-0.073631,-0.01614,-0.032705
10708,0.092996,0.23721,-0.028807,-0.090521,-0.039526,-0.14249,-0.027508
10709,0.092021,0.20798,-0.03238,-0.11423,0.011794,-0.24773,-0.016464
10710,0.0852,0.16413,-0.036927,-0.13892,0.067336,-0.31204,-0.0031473
10711,0.066686,0.12028,-0.044073,-0.161,0.11378,-0.32893,0.0026992
10712,0.03453,0.082927,-0.050569,-0.17757,0.14496,-0.30489,-0.0096434
10713,-0.01484,0.053369,-0.054792,-0.19219,0.16445,-0.2578,-0.043748
10714,-0.073631,0.028034,-0.054142,-0.20972,0.18167,-0.19413,-0.093769
10715,-0.1334,0.0036737,-0.046347,-0.22986,0.20116,-0.11521,-0.14671
10716,-0.17822,-0.023285,-0.040175,-0.24221,0.22714,-0.019388,-0.18342
10717,-0.20031,-0.053492,-0.039201,-0.23896,0.25995,0.088124,-0.19543
10718,-0.20128,-0.084674,-0.044073,-0.2146,0.29308,0.19466,-0.18407
10719,-0.19089,-0.11261,-0.047971,-0.16393,0.31939,0.27651,-0.15516
10720,-0.174,-0.1334,-0.046347,-0.088247,0.3353,0.31094,-0.11715
10721,-0.15223,-0.14184,-0.038227,-0.0093186,0.34212,0.27944,-0.07493
10722,-0.12203,-0.13372,-0.023285,0.032582,0.34017,0.18264,-0.03238
10723,-0.08305,-0.10968,-0.0063954,0.0088706,0.32946,0.047198,0.0014
10724,-0.040825,-0.07428,0.008221,-0.067784,0.30769,-0.093769,0.020888
10725,-0.0054209,-0.037902,0.013418,-0.14346,0.26514,-0.22272,0.020239
10726,0.014068,-0.010293,0.01017,-0.14801,0.19141,-0.3351,0.0010752
10727,0.010495,-0.0018481,0.0046481,-0.03173,0.075456,-0.43774,-0.039526
10728,-0.015815,-0.012242,-0.0015233,0.18459,-0.09182,-0.53843,-0.095068
10729,-0.051868,-0.03303,-0.007045,0.41585,-0.30424,-0.631,-0.14704
10730,-0.083375,-0.053168,-0.01549,0.56819,-0.52479,-0.69271,-0.17302
10731,-0.093769,-0.06551,-0.023935,0.58638,-0.69629,-0.70246,-0.16295
10732,-0.087922,-0.064536,-0.03173,0.47594,-0.77359,-0.64302,-0.12073
10733,-0.072981,-0.048296,-0.034329,0.28756,-0.73819,-0.5079,-0.056091
10734,-0.057065,-0.021012,-0.031081,0.086824,-0.60404,-0.30392,0.011794
10735,-0.050244,0.0088706,-0.024585,-0.070058,-0.42637,-0.069408,0.059865
10736,-0.056741,0.029658,-0.01614,-0.16068,-0.26494,0.14042,0.067661
10737,-0.072006,0.03518,-0.01484,-0.18569,-0.14834,0.28171,0.037778
10738,-0.085324,0.023487,-0.022636,-0.16003,-0.059014,0.35252,-0.0096434
10739,-0.088896,-0.0031473,-0.034978,-0.10351,0.048822,0.38337,-0.046996
10740,-0.077853,-0.029782,-0.041799,-0.039526,0.20993,0.41098,-0.058365
10741,-0.052518,-0.044073,-0.03238,0.011144,0.41813,0.45873,-0.040175
10742,-0.024909,-0.038876,0.00010078,0.044924,0.61756,0.52402,-0.0018481
10743,-0.00022403,-0.013866,0.050771,0.071234,0.74261,0.58735,0.0433
10744,0.021213,0.028359,0.10047,0.10079,0.74716,0.62178,0.086824
10745,0.039402,0.075456,0.13425,0.13587,0.61724,0.60554,0.12807
10746,0.057592,0.11703,0.14626,0.16185,0.3837,0.52759,0.1651
10747,0.074482,0.14269,0.13749,0.16738,0.12125,0.40254,0.19369
10748,0.089423,0.14561,0.11801,0.15016,-0.077203,0.26839,0.2122
10749,0.10014,0.12353,0.10242,0.12548,-0.14184,0.16575,0.21805
10750,0.10761,0.084551,0.094295,0.10371,-0.055766,0.11118,0.2083
10751,0.11118,0.03518,0.084876,0.089748,0.1323,0.084876,0.18232
10752,0.11086,-0.013216,0.073507,0.076755,0.34829,0.050446,0.13977
10753,0.10404,-0.052518,0.063113,0.065387,0.53441,-0.0089938,0.093645
10754,0.090072,-0.074605,0.056942,0.057592,0.66043,-0.077203,0.062464
10755,0.071558,-0.079152,0.054993,0.056292,0.71013,-0.12203,0.051096
10756,0.05142,-0.067134,0.054344,0.054019,0.67408,-0.12268,0.051745
10757,0.033556,-0.045047,0.053694,0.048172,0.56332,-0.086298,0.053044
10758,0.022188,-0.017114,0.053694,0.035505,0.41715,-0.023935,0.045249
10759,0.022837,0.008221,0.054019,0.021863,0.28236,0.044924,0.028684
10760,0.033881,0.02706,0.055318,0.020239,0.18849,0.10177,0.012768
10761,0.050771,0.043625,0.058566,0.036479,0.14529,0.13132,0.008221
10762,0.067336,0.056942,0.064088,0.060515,0.13684,0.11703,0.012443
10763,0.078704,0.06961,0.067986,0.080653,0.13847,0.045574,0.011144
10764,0.079029,0.07708,0.065712,0.086824,0.13457,-0.070707,-0.0060706
10765,0.063113,0.080328,0.057917,0.072858,0.11443,-0.20225,-0.038876
10766,0.037129,0.079354,0.049147,0.045899,0.07708,-0.31529,-0.069083
10767,0.012443,0.074482,0.040377,0.01764,0.026085,-0.39389,-0.075579
10768,-0.0011985,0.063763,0.029983,-0.0057458,-0.026209,-0.44781,-0.046022
10769,0.00010078,0.050446,0.01829,-0.021661,-0.064861,-0.49458,0.0065969
10770,0.012119,0.037454,0.0056225,-0.03173,-0.087922,-0.54298,0.058566
10771,0.02706,0.029009,-0.0057458,-0.04115,-0.10189,-0.58748,0.080328
10772,0.039402,0.023812,-0.014516,-0.051219,-0.11261,-0.61573,0.049472
10773,0.042001,0.020239,-0.02361,-0.05804,-0.12008,-0.61216,-0.029132
10774,0.028684,0.020239,-0.034329,-0.059014,-0.11651,-0.56506,-0.13697
10775,0.0052977,0.025436,-0.043423,-0.050569,-0.086623,-0.47769,-0.23961
10776,-0.017114,0.032257,-0.047646,-0.03303,-0.034654,-0.37733,-0.31009
10777,-0.029132,0.037454,-0.046022,-0.0060706,0.014717,-0.2906,-0.33478
10778,-0.030756,0.040702,-0.040175,0.02641,0.028684,-0.23019,-0.30782
10779,-0.027183,0.046548,-0.028157,0.067986,-0.0073698,-0.19641,-0.23603
10780,-0.015815,0.054993,-0.0099683,0.12678,-0.085648,-0.18309,-0.13892
10781,0.0065969,0.066362,0.01764,0.20408,-0.17757,-0.18277,-0.034004
10782,0.038428,0.078379,0.05207,0.27781,-0.25682,-0.19121,0.061814
10783,0.075781,0.090072,0.083251,0.30672,-0.31983,-0.19413,0.13912
10784,0.11183,0.10047,0.096244,0.25507,-0.37148,-0.18082,0.19304
10785,0.13879,0.11021,0.087799,0.12645,-0.40363,-0.15873,0.2187
10786,0.15406,0.11411,0.062464,-0.030756,-0.40169,-0.13372,0.2174
10787,0.15666,0.10599,0.031282,-0.16295,-0.35459,-0.096692,0.20343
10788,0.15341,0.084551,0.0020496,-0.23506,-0.26332,-0.027183,0.19369
10789,0.14302,0.053694,-0.01549,-0.24545,-0.14541,0.079029,0.19369
10790,0.12255,0.023162,-0.019712,-0.21297,-0.01614,0.21025,0.19726
10791,0.097543,0.0010752,-0.012567,-0.16815,0.10729,0.3392,0.19466
10792,0.070584,-0.0057458,0.00010078,-0.12787,0.20246,0.43729,0.18102
10793,0.044924,0.0033489,0.0075714,-0.10059,0.24695,0.48634,0.15179
10794,0.025436,0.022837,0.0062721,-0.085324,0.24371,0.48049,0.11021
10795,0.016341,0.049147,-0.0015233,-0.078503,0.21935,0.43469,0.066362
10796,0.017965,0.075456,-0.008669,-0.068758,0.19499,0.37428,0.035505
10797,0.031282,0.099492,-0.0057458,-0.044398,0.16348,0.31744,0.036479
10798,0.053044,0.11931,0.0091954,0.00075039,0.10144,0.26255,0.070909
10799,0.079029,0.13392,0.029983,0.051745,-0.0028225,0.20083,0.12807
10800,0.10079,0.14334,0.045899,0.089098,-0.13047,0.13035,0.18459
10801,0.11021,0.14561,0.049147,0.096569,-0.24708,0.056292,0.22714
10802,0.10534,0.13847,0.041351,0.075781,-0.32698,-0.011267,0.24403
10803,0.089423,0.12223,0.029333,0.041676,-0.36628,-0.061288,0.23136
10804,0.06896,0.099492,0.020564,0.0039985,-0.37375,-0.092794,0.19206
10805,0.050121,0.076755,0.015692,-0.029132,-0.35816,-0.10059,0.13847
10806,0.033881,0.06019,0.018615,-0.046671,-0.32341,-0.071357,0.091047
10807,0.02641,0.055968,0.029983,-0.042124,-0.27144,-0.00022403,0.071558
10808,0.027709,0.06019,0.048822,-0.02361,-0.21297,0.095269,0.083251
10809,0.036154,0.063113,0.062464,-0.0076946,-0.16782,0.18784,0.10989
10810,0.05142,0.053044,0.062464,-0.0031473,-0.14152,0.25637,0.13392
10811,0.06896,0.02706,0.048172,-0.012567,-0.12592,0.29438,0.14302
10812,0.078055,-0.0076946,0.022837,-0.020687,-0.11358,0.3012,0.12775
10813,0.070584,-0.042124,-0.0034721,-0.0028225,-0.10546,0.27067,0.095919
10814,0.045899,-0.067459,-0.023285,0.050771,-0.11586,0.20083,0.054668
10815,0.008221,-0.079152,-0.03303,0.13002,-0.1675,0.10014,0.013093
10816,-0.029132,-0.077203,-0.031081,0.21577,-0.26559,-0.0028225,-0.020037
10817,-0.04992,-0.064861,-0.021337,0.28496,-0.39324,-0.079477,-0.03173
10818,-0.046347,-0.043423,-0.0044465,0.32458,-0.5092,-0.11131,-0.014516
10819,-0.021661,-0.015815,0.015042,0.33855,-0.56766,-0.097341,0.026735
10820,0.016341,0.011794,0.033231,0.32881,-0.53583,-0.043423,0.074482
10821,0.058566,0.036804,0.045574,0.30542,-0.4163,0.030633,0.10989
10822,0.09397,0.054668,0.05272,0.27684,-0.2513,0.10631,0.12385
10823,0.11248,0.064413,0.056942,0.2476,-0.10416,0.16738,0.11866
10824,0.11248,0.067011,0.06019,0.21902,-0.018413,0.2044,0.10566
10825,0.10177,0.063438,0.061814,0.19531,0.0069217,0.2122,0.099817
10826,0.087799,0.059541,0.058891,0.17777,0.0078962,0.19888,0.10826
10827,0.078704,0.06019,0.054344,0.169,0.029009,0.18622,0.12775
10828,0.078704,0.070909,0.047847,0.16738,0.087149,0.19563,0.14886
10829,0.088448,0.089098,0.041676,0.16933,0.1664,0.23981,0.1651
10830,0.10177,0.11281,0.039727,0.17062,0.23299,0.31516,0.17322
10831,0.11216,0.14367,0.045249,0.16803,0.26384,0.40189,0.16998
10832,0.11313,0.17972,0.057917,0.14984,0.2476,0.461,0.14659
10833,0.10306,0.21058,0.067336,0.10339,0.18329,0.45256,0.099492
10834,0.080003,0.22292,0.066686,0.023812,0.091047,0.36291,0.027385
10835,0.046548,0.21188,0.059216,-0.064536,0.0046481,0.2057,-0.065186
10836,0.008221,0.17452,0.050121,-0.13697,-0.04927,0.022512,-0.16588
10837,-0.034004,0.10956,0.039078,-0.17919,-0.051868,-0.14834,-0.26722
10838,-0.082725,0.021863,0.024137,-0.18731,0.015367,-0.27469,-0.35946
10839,-0.13015,-0.07428,0.0049729,-0.17042,0.16705,-0.33737,-0.4267
10840,-0.15938,-0.15743,-0.012567,-0.13177,0.37818,-0.32406,-0.44716
10841,-0.15873,-0.212,-0.02426,-0.076229,0.59028,-0.24318,-0.40981
10842,-0.13729,-0.23051,-0.026533,-0.0096434,0.73482,-0.12885,-0.32568
10843,-0.10676,-0.2159,-0.015815,0.056292,0.76665,-0.033354,-0.22109
10844,-0.076879,-0.17724,0.0059473,0.10956,0.6744,-0.0093186,-0.12073
10845,-0.050244,-0.12333,0.028684,0.13587,0.48796,-0.069733,-0.042449
10846,-0.027833,-0.059989,0.044599,0.1258,0.26807,-0.18114,0.0036737
10847,-0.0096434,0.0085458,0.054019,0.085525,0.071558,-0.26949,0.025436
10848,0.0095202,0.07708,0.057917,0.033556,-0.078178,-0.2578,0.038753
10849,0.025111,0.13425,0.058566,-0.012892,-0.19089,-0.10091,0.059865
10850,0.031607,0.16738,0.059216,-0.042774,-0.30002,0.18167,0.094295
10851,0.026735,0.16933,0.056617,-0.060638,-0.43352,0.50388,0.13392
10852,0.012443,0.14139,0.042975,-0.069733,-0.58488,0.75463,0.16023
10853,-0.0063954,0.095269,0.016341,-0.0837,-0.70765,0.8485,0.16056
10854,-0.026533,0.042001,-0.018738,-0.10968,-0.74858,0.77087,0.13717
10855,-0.045697,-0.0080194,-0.052843,-0.14087,-0.6781,0.58183,0.099492
10856,-0.057715,-0.044073,-0.077203,-0.16847,-0.50075,0.37753,0.066686
10857,-0.055116,-0.060313,-0.085324,-0.17854,-0.23084,0.23948,0.048822
10858,-0.040175,-0.058365,-0.075255,-0.16458,0.10696,0.19823,0.05142
10859,-0.018413,-0.046022,-0.056416,-0.1282,0.46847,0.23591,0.066362
10860,0.0026992,-0.033354,-0.038227,-0.079152,0.77574,0.28983,0.073832
10861,0.015367,-0.03173,-0.028157,-0.034329,0.95698,0.29048,0.055318
10862,0.010495,-0.042774,-0.028157,-0.0034721,0.99206,0.2057,0.0039985
10863,-0.010943,-0.059339,-0.03238,0.016341,0.93295,0.056942,-0.064211
10864,-0.036927,-0.07428,-0.033354,0.031932,0.86961,-0.10806,-0.12917
10865,-0.055766,-0.079802,-0.026858,0.050121,0.86799,-0.25065,-0.17302
10866,-0.06616,-0.071357,-0.015165,0.06831,0.93035,-0.35296,-0.18796
10867,-0.066485,-0.042774,0.0014,0.085525,1.0135,-0.41533,-0.17594
10868,-0.055766,0.0020496,0.023812,0.094945,1.059,-0.45301,-0.15386
10869,-0.034329,0.052395,0.047847,0.091047,1.0275,-0.48224,-0.13957
10870,-0.008669,0.089423,0.067011,0.070584,0.90469,-0.51342,-0.13924
10871,0.012119,0.10501,0.074157,0.03583,0.70753,-0.54558,-0.15093
10872,0.021538,0.10534,0.066686,-0.0031473,0.48017,-0.56734,-0.17075
10873,0.021213,0.10112,0.048172,-0.038876,0.28041,-0.55727,-0.18601
10874,0.016991,0.099167,0.024137,-0.062262,0.131,-0.5001,-0.19478
10875,0.013418,0.09462,0.0033489,-0.070382,0.021863,-0.39714,-0.19186
10876,0.012768,0.082927,-0.010618,-0.061937,-0.065835,-0.26299,-0.17692
10877,0.013093,0.067011,-0.016789,-0.038227,-0.12885,-0.11748,-0.15061
10878,0.011794,0.054993,-0.014191,-0.0073698,-0.15678,0.0026992,-0.11488
10879,0.0072465,0.053369,-0.007045,0.017965,-0.14249,0.065712,-0.076879
10880,0.0020496,0.058566,-0.0021729,0.029009,-0.09994,0.061489,-0.047321
10881,-0.0028225,0.064413,-0.0024977,0.028034,-0.068109,0.0020496,-0.033679
10882,-0.0054209,0.061165,-0.0037969,0.01894,-0.10026,-0.089221,-0.033679
10883,-0.0018481,0.040052,-0.0083442,0.0036737,-0.22661,-0.18569,-0.0405
10884,0.0062721,0.0043233,-0.019063,-0.015165,-0.44066,-0.27274,-0.044073
10885,0.013743,-0.034004,-0.033679,-0.035953,-0.70051,-0.34907,-0.038227
10886,0.017316,-0.064861,-0.047971,-0.052193,-0.95451,-0.4228,-0.02426
10887,0.011794,-0.084024,-0.059664,-0.055116,-1.1614,-0.49556,-0.0099683
10888,-0.0050961,-0.0837,-0.067459,-0.050569,-1.2829,-0.55272,-0.0021729
10889,-0.034329,-0.066485,-0.068434,-0.047646,-1.2705,-0.57513,-0.0096434
10890,-0.070707,-0.044723,-0.062912,-0.052518,-1.0935,-0.54915,-0.038551
10891,-0.10449,-0.036927,-0.054792,-0.065186,-0.7502,-0.47509,-0.085648
10892,-0.12657,-0.050569,-0.052518,-0.079477,-0.27306,-0.35491,-0.13632
10893,-0.13599,-0.083375,-0.055116,-0.087597,0.26157,-0.20713,-0.17659
10894,-0.13664,-0.11845,-0.058689,-0.085324,0.74164,-0.063237,-0.20225
10895,-0.13145,-0.14379,-0.060638,-0.071357,1.0541,0.0433,-0.21232
10896,-0.11553,-0.15093,-0.061613,-0.042774,1.1291,0.10112,-0.20063
10897,-0.090196,-0.13697,-0.060313,-0.0021729,0.98459,0.11638,-0.16328
10898,-0.061613,-0.10676,-0.052193,0.03583,0.71533,0.098517,-0.10091
10899,-0.034329,-0.069408,-0.030106,0.061489,0.45223,0.061165,-0.018088
10900,-0.0057458,-0.028807,0.0072465,0.081952,0.29665,0.036154,0.083901
10901,0.030633,0.012443,0.056942,0.11183,0.26677,0.075781,0.20635
10902,0.080003,0.054344,0.11054,0.15796,0.30022,0.22584,0.34959
10903,0.1362,0.094295,0.15731,0.2135,0.29665,0.48796,0.50777
10904,0.19011,0.13197,0.19271,0.26449,0.18589,0.81082,0.66303
10905,0.23299,0.16933,0.21545,0.29957,-0.039851,1.1031,0.79166
10906,0.26092,0.2057,0.22877,0.31094,-0.32471,1.2795,0.86994
10907,0.27554,0.23526,0.23494,0.2999,-0.57383,1.3113,0.88747
10908,0.27456,0.24825,0.23916,0.27684,-0.69888,1.2314,0.8498
10909,0.2606,0.23818,0.24078,0.25183,-0.66835,1.0986,0.77347
10910,0.24046,0.20311,0.23786,0.23201,-0.51667,0.96186,0.66823
10911,0.21935,0.15373,0.22682,0.22129,-0.31821,0.83096,0.54383
10912,0.19953,0.10306,0.207,0.21967,-0.14899,0.69097,0.41423
10913,0.18134,0.06019,0.17712,0.22292,-0.055116,0.53149,0.296
10914,0.16348,0.027709,0.13847,0.22227,-0.041799,0.35447,0.19563
10915,0.14659,0.0020496,0.10014,0.2122,-0.082076,0.1703,0.11248
10916,0.12937,-0.015815,0.070259,0.18492,-0.14249,-0.0093186,0.03518
10917,0.10729,-0.024585,0.048822,0.14594,-0.19576,-0.18147,-0.043423
10918,0.081303,-0.027508,0.036154,0.10177,-0.22921,-0.34679,-0.1217
10919,0.053044,-0.028157,0.030957,0.058566,-0.24773,-0.5027,-0.18959
10920,0.036154,-0.023285,0.029333,0.021863,-0.25422,-0.63327,-0.23831
10921,0.033881,-0.011917,0.030633,-0.0073698,-0.25195,-0.72519,-0.25715
10922,0.045249,0.0033489,0.033231,-0.02426,-0.23181,-0.76547,-0.24221
10923,0.065712,0.017316,0.034855,-0.024909,-0.18536,-0.74826,-0.20518
10924,0.0865,0.025436,0.035505,-0.008669,-0.10903,-0.67582,-0.1701
10925,0.10014,0.030633,0.033556,0.017316,-0.012567,-0.56474,-0.14964
10926,0.095594,0.031932,0.02641,0.02641,0.074806,-0.44261,-0.14736
10927,0.073507,0.029009,0.0095202,-0.0099683,0.10566,-0.3377,-0.15386
10928,0.038103,0.019914,-0.016464,-0.096692,0.054019,-0.26851,-0.15548
10929,0.00075039,0.0023744,-0.04862,-0.2029,-0.069083,-0.24058,-0.13859
10930,-0.03173,-0.017764,-0.078503,-0.28833,-0.22499,-0.25195,-0.10644
10931,-0.05804,-0.03238,-0.099615,-0.32958,-0.37635,-0.2958,-0.07428
10932,-0.080127,-0.038551,-0.10579,-0.31756,-0.51082,-0.35524,-0.065835
10933,-0.097666,-0.037902,-0.10059,-0.25975,-0.62548,-0.40786,-0.089221
10934,-0.11293,-0.030756,-0.088247,-0.17627,-0.73234,-0.44196,-0.13664
10935,-0.1217,-0.016789,-0.072981,-0.093769,-0.83953,-0.44976,-0.18861
10936,-0.11975,0.0043233,-0.056416,-0.03173,-0.93957,-0.42182,-0.22726
10937,-0.10838,0.029983,-0.038227,0.0065969,-1.0078,-0.35069,-0.23409
10938,-0.092469,0.05142,-0.021337,0.02706,-1.0094,-0.23766,-0.21005
10939,-0.075904,0.064737,-0.0057458,0.040052,-0.92495,-0.095068,-0.1675
10940,-0.058689,0.06896,0.0078962,0.053694,-0.75897,0.049472,-0.12105
10941,-0.0405,0.066362,0.01764,0.064737,-0.53193,0.16933,-0.082725
10942,-0.022961,0.062139,0.01894,0.065062,-0.27339,0.24176,-0.061613
10943,-0.0067202,0.058891,0.009845,0.047198,-0.021661,0.25702,-0.064211
10944,0.0023744,0.056942,-0.010293,0.010819,0.19856,0.22552,-0.088247
10945,0.0026992,0.054993,-0.034978,-0.038227,0.3798,0.17907,-0.11488
10946,-0.0021729,0.051096,-0.054792,-0.089871,0.51492,0.15081,-0.12138
10947,-0.0018481,0.045899,-0.061288,-0.12722,0.59807,0.15211,-0.098641
10948,0.0069217,0.040052,-0.052193,-0.13469,0.63153,0.17355,-0.052193
10949,0.015692,0.038753,-0.03238,-0.11098,0.63315,0.19206,0.0010752
10950,0.017316,0.043625,-0.015165,-0.069083,0.62633,0.19304,0.042651
10951,0.011144,0.050771,-0.0073698,-0.025559,0.63153,0.17874,0.063113
10952,0.0020496,0.058891,-0.0057458,0.0088706,0.64484,0.16185,0.06019
10953,-0.0054209,0.067661,-0.010293,0.027709,0.64777,0.15016,0.045574
10954,-0.0083442,0.075131,-0.019063,0.029658,0.61659,0.13977,0.038103
10955,-0.0031473,0.077405,-0.029132,0.020564,0.53928,0.11963,0.043625
10956,0.008221,0.076106,-0.034654,0.010495,0.43047,0.084876,0.059865
10957,0.022512,0.075456,-0.035953,0.0043233,0.31646,0.04395,0.07708
10958,0.03518,0.073832,-0.035303,-0.0031473,0.22194,0.010819,0.088124
10959,0.039402,0.072858,-0.033679,-0.010943,0.15568,-0.0067202,0.093645
10960,0.037129,0.073182,-0.031081,-0.008669,0.11736,-0.0093186,0.092021
10961,0.033231,0.071234,-0.029132,0.0049729,0.10144,0.00042559,0.087474
10962,0.033881,0.065387,-0.028157,0.028359,0.099167,0.017316,0.088448
10963,0.040052,0.057267,-0.027833,0.048822,0.098842,0.029658,0.095594
10964,0.045899,0.045574,-0.025884,0.057917,0.087149,0.028359,0.10924
10965,0.047523,0.028034,-0.021986,0.056617,0.05207,0.0085458,0.11801
10966,0.041027,0.0065969,-0.016789,0.05272,-0.0076946,-0.030756,0.11671
10967,0.029009,-0.010943,-0.011267,0.048822,-0.075904,-0.076879,0.10794
10968,0.014717,-0.019388,-0.0054209,0.044275,-0.12787,-0.11391,0.099167
10969,0.0046481,-0.021012,-0.00087364,0.0433,-0.12885,-0.11878,0.097218
10970,0.0062721,-0.019388,0.0043233,0.048172,-0.045697,-0.068109,0.10924
10971,0.017965,-0.018088,0.010495,0.056617,0.13522,0.048172,0.13977
10972,0.037129,-0.01614,0.016991,0.067011,0.37948,0.21252,0.18264
10973,0.057917,-0.011592,0.024137,0.076106,0.61171,0.37785,0.22357
10974,0.074482,-0.0031473,0.028684,0.081952,0.75593,0.49673,0.25053
10975,0.084226,0.0017248,0.028684,0.083576,0.78126,0.54155,0.26157
10976,0.0852,0.00010078,0.025761,0.07773,0.70233,0.51102,0.25767
10977,0.075781,-0.0050961,0.019589,0.070909,0.57046,0.42073,0.23851
10978,0.057917,-0.0076946,0.010495,0.065712,0.43827,0.29535,0.20538
10979,0.038753,-0.0031473,0.0043233,0.064088,0.33075,0.15763,0.16348
10980,0.023487,0.014068,0.0069217,0.061814,0.23851,0.029983,0.11378
10981,0.015367,0.042326,0.020888,0.056617,0.14691,-0.056416,0.060515
10982,0.015042,0.077405,0.041351,0.051745,0.057917,-0.084999,0.0088706
10983,0.023162,0.11054,0.060515,0.050121,-0.020362,-0.054467,-0.029132
10984,0.036154,0.1362,0.070584,0.05272,-0.084349,0.017316,-0.041475
10985,0.046873,0.14951,0.063438,0.054019,-0.13697,0.099817,-0.030431
10986,0.05272,0.14984,0.043625,0.048822,-0.19251,0.14432,-0.012892
10987,0.05272,0.13879,0.024137,0.041351,-0.26981,0.10469,-0.013216
10988,0.047198,0.12223,0.014392,0.033231,-0.377,-0.022636,-0.045372
10989,0.036154,0.10566,0.021538,0.027385,-0.5014,-0.18764,-0.10156
10990,0.023162,0.087799,0.042975,0.02641,-0.61379,-0.31789,-0.15678
10991,0.014717,0.065062,0.06896,0.029333,-0.68492,-0.35914,-0.18829
10992,0.014392,0.038753,0.088448,0.037454,-0.69466,-0.30587,-0.18374
10993,0.013743,0.012119,0.092996,0.05272,-0.6323,-0.18959,-0.15061
10994,0.010495,-0.011267,0.081303,0.06831,-0.49328,-0.058689,-0.10741
10995,-0.00022403,-0.031081,0.061165,0.080003,-0.29482,0.045249,-0.069408
10996,-0.017439,-0.052193,0.042651,0.084876,-0.097017,0.10729,-0.040175
10997,-0.036278,-0.077853,0.036154,0.086175,0.030957,0.12807,-0.018413
10998,-0.051868,-0.10806,0.041027,0.086824,0.065062,0.12288,-0.0028225
10999,-0.058365,-0.13469,0.05142,0.095269,0.030957,0.11183,0.011794
11000,-0.05739,-0.15093,0.062464,0.11248,-0.014516,0.11183,0.034855
11001,-0.050569,-0.15256,0.069285,0.1284,-0.022311,0.13132,0.073182
11002,-0.033354,-0.13827,0.072208,0.13197,0.014068,0.17225,0.1297
11003,-0.00087364,-0.11001,0.074482,0.12483,0.069934,0.22032,0.19726
11004,0.040702,-0.071032,0.080003,0.11833,0.11346,0.25215,0.26125
11005,0.078379,-0.028807,0.088448,0.11931,0.1232,0.25767,0.30022
11006,0.10404,0.0078962,0.097218,0.12288,0.10339,0.24013,0.30445
11007,0.11736,0.036154,0.10209,0.11931,0.071234,0.207,0.27749
11008,0.1245,0.058566,0.10371,0.10761,0.044275,0.17095,0.23429
11009,0.13132,0.077405,0.10306,0.089423,0.039727,0.14334,0.19011
11010,0.13717,0.093645,0.098517,0.06896,0.056617,0.13132,0.15049
11011,0.13197,0.11216,0.090722,0.053694,0.0865,0.13879,0.11183
11012,0.10924,0.12937,0.080003,0.044275,0.12353,0.16056,0.065062
11013,0.069285,0.14269,0.070259,0.041027,0.1625,0.18751,0.0069217
11014,0.023487,0.14432,0.059216,0.039402,0.19888,0.19499,-0.064211
11015,-0.017114,0.12418,0.043625,0.031607,0.23266,0.15666,-0.13404
11016,-0.042449,0.081627,0.017316,0.0085458,0.2554,0.055318,-0.18796
11017,-0.054142,0.025436,-0.018088,-0.027508,0.2606,-0.10774,-0.23019
11018,-0.063886,-0.029457,-0.055766,-0.068109,0.24825,-0.30749,-0.27371
11019,-0.076879,-0.080127,-0.085324,-0.095393,0.22779,-0.5027,-0.32536
11020,-0.090196,-0.12138,-0.096042,-0.090196,0.20993,-0.65731,-0.37148
11021,-0.095393,-0.14606,-0.085973,-0.046347,0.20213,-0.75865,-0.39616
11022,-0.083375,-0.14704,-0.056741,0.025761,0.21155,-0.81744,-0.38869
11023,-0.056091,-0.12852,-0.019063,0.096893,0.22779,-0.85284,-0.35621
11024,-0.019063,-0.097666,0.011469,0.13262,0.23494,-0.87883,-0.31399
11025,0.017316,-0.062587,0.026735,0.11736,0.2109,-0.88825,-0.27501
11026,0.043625,-0.025884,0.030633,0.068635,0.14659,-0.85512,-0.23474
11027,0.06084,0.011794,0.033556,0.012768,0.044275,-0.74793,-0.17465
11028,0.074482,0.048822,0.038428,-0.028157,-0.08305,-0.56734,-0.088572
11029,0.084876,0.076431,0.040377,-0.050894,-0.2107,-0.34322,0.008221
11030,0.094945,0.08585,0.032582,-0.055441,-0.31886,-0.1243,0.087474
11031,0.10047,0.080653,0.015042,-0.052193,-0.40104,0.047198,0.13067
11032,0.095919,0.072208,-0.0054209,-0.043099,-0.44976,0.14854,0.13392
11033,0.083576,0.067986,-0.02426,-0.025884,-0.4543,0.18134,0.11313
11034,0.071234,0.067336,-0.037252,-0.0024977,-0.40948,0.16705,0.095594
11035,0.065062,0.06896,-0.042124,0.018615,-0.31854,0.13587,0.099817
11036,0.072208,0.072208,-0.038551,0.03453,-0.19121,0.11411,0.12678
11037,0.089423,0.082277,-0.029132,0.047198,-0.035953,0.11216,0.1625
11038,0.11248,0.098517,-0.014191,0.058566,0.12743,0.13002,0.18881
11039,0.1362,0.11931,0.0049729,0.069934,0.27034,0.15568,0.19401
11040,0.15438,0.13879,0.02641,0.081303,0.36778,0.18199,0.17972
11041,0.16088,0.15763,0.044275,0.09397,0.4165,0.20408,0.15016
11042,0.14919,0.17322,0.054668,0.10859,0.43015,0.21675,0.10729
11043,0.11151,0.18069,0.054993,0.12158,0.43047,0.2096,0.050446
11044,0.045574,0.17225,0.051096,0.12515,0.42657,0.17582,-0.014191
11045,-0.035303,0.14399,0.04395,0.11378,0.40579,0.1284,-0.069408
11046,-0.10903,0.10177,0.03518,0.092021,0.35674,0.088124,-0.098965
11047,-0.15256,0.059541,0.022837,0.066037,0.28203,0.070909,-0.096042
11048,-0.16003,0.023487,0.0091954,0.0433,0.19953,0.073182,-0.071682
11049,-0.13957,-0.0041217,-0.0067202,0.023812,0.12807,0.083901,-0.046022
11050,-0.10774,-0.026533,-0.021337,0.0026992,0.079354,0.092671,-0.030756
11051,-0.077853,-0.04115,-0.034978,-0.024909,0.05207,0.094945,-0.029782
11052,-0.05739,-0.042774,-0.043423,-0.061613,0.036154,0.096244,-0.039201
11053,-0.046022,-0.031081,-0.048945,-0.10254,0.018615,0.10566,-0.053168
11054,-0.043423,-0.0089938,-0.051219,-0.14152,-0.011917,0.12515,-0.070707
11055,-0.047646,0.016991,-0.054142,-0.1753,-0.056091,0.14691,-0.097341
11056,-0.060963,0.033231,-0.056091,-0.19771,-0.11456,0.15406,-0.13242
11057,-0.080451,0.027709,-0.060313,-0.2068,-0.18309,0.14334,-0.16588
11058,-0.098965,-0.0018481,-0.067134,-0.21265,-0.2591,0.1258,-0.18342
11059,-0.10676,-0.04927,-0.080776,-0.21914,-0.3312,0.10989,-0.17919
11060,-0.10189,-0.097341,-0.096367,-0.22337,-0.3705,0.090722,-0.15158
11061,-0.088572,-0.13015,-0.10319,-0.21882,-0.36336,0.054019,-0.10774
11062,-0.072656,-0.13664,-0.095393,-0.2016,-0.3325,-0.012892,-0.058365
11063,-0.059664,-0.1204,-0.073306,-0.17367,-0.31789,-0.10579,-0.01484
11064,-0.053492,-0.09117,-0.044073,-0.13989,-0.35232,-0.20258,0.019589
11065,-0.047971,-0.056416,-0.012567,-0.10124,-0.4254,-0.26494,0.048172
11066,-0.031081,-0.018413,0.024461,-0.046022,-0.50725,-0.25845,0.081627
11067,0.008221,0.023812,0.076106,0.042326,-0.56019,-0.15451,0.13457
11068,0.069285,0.06961,0.13814,0.16445,-0.57578,0.055318,0.21707
11069,0.13717,0.11476,0.20408,0.29503,-0.56766,0.33693,0.32166
11070,0.18524,0.14951,0.25962,0.40026,-0.54038,0.61171,0.42138
11071,0.19726,0.16413,0.2908,0.45353,-0.49848,0.78386,0.48634
11072,0.17615,0.16056,0.296,0.45191,-0.43124,0.80302,0.5068
11073,0.14139,0.15146,0.28236,0.41748,-0.32503,0.69714,0.48829
11074,0.10826,0.14269,0.2619,0.37363,-0.17984,0.55,0.43924
11075,0.083576,0.13262,0.24176,0.32978,-0.024585,0.44509,0.36518
11076,0.073182,0.11963,0.22357,0.28626,0.10956,0.43047,0.28203
11077,0.076755,0.10436,0.20116,0.24143,0.19174,0.50907,0.21025
11078,0.092671,0.091372,0.169,0.19758,0.21707,0.64777,0.1703
11079,0.11573,0.083251,0.13197,0.15536,0.21675,0.80822,0.169
11080,0.14009,0.081952,0.096244,0.11703,0.24793,0.94139,0.20246
11081,0.15763,0.086824,0.072208,0.082602,0.34992,1.0083,0.26125
11082,0.16608,0.092021,0.065712,0.06084,0.51427,0.99401,0.32653
11083,0.17062,0.091047,0.076755,0.061489,0.68155,0.89982,0.385
11084,0.1729,0.0865,0.097218,0.080328,0.77834,0.73027,0.41391
11085,0.16803,0.083576,0.11573,0.10696,0.77152,0.49576,0.39767
11086,0.15244,0.081303,0.12255,0.13392,0.68967,0.22422,0.32978
11087,0.1297,0.072533,0.11476,0.14464,0.61529,-0.025559,0.22877
11088,0.10209,0.05142,0.096244,0.13067,0.63835,-0.18017,0.13067
11089,0.07708,0.01829,0.072858,0.097218,0.78971,-0.19771,0.064413
11090,0.061165,-0.020037,0.053694,0.049796,1.0206,-0.095068,0.041676
11091,0.055643,-0.046996,0.040702,-0.0060706,1.2321,0.045249,0.049796
11092,0.060515,-0.048296,0.03453,-0.063886,1.3182,0.11346,0.061814
11093,0.06831,-0.026209,0.032906,-0.10903,1.2253,0.041676,0.054993
11094,0.072533,0.0072465,0.032906,-0.11423,0.98167,-0.16133,0.021863
11095,0.06831,0.038103,0.029333,-0.067134,0.66726,-0.42702,-0.030106
11096,0.057592,0.055643,0.016341,0.014068,0.36324,-0.669,-0.089546
11097,0.038103,0.05272,-0.0057458,0.099167,0.11898,-0.82913,-0.14541
11098,0.011794,0.031282,-0.035628,0.15991,-0.056741,-0.8876,-0.18764
11099,-0.018413,0.0046481,-0.061288,0.18329,-0.17757,-0.86226,-0.20713
11100,-0.046022,-0.017764,-0.07493,0.17322,-0.2591,-0.78593,-0.2094
11101,-0.064536,-0.029132,-0.07493,0.14594,-0.32016,-0.68459,-0.20225
11102,-0.068758,-0.025559,-0.068758,0.11995,-0.36368,-0.57253,-0.19024
11103,-0.063561,-0.013866,-0.06616,0.10112,-0.37473,-0.45333,-0.17335
11104,-0.057065,-0.0018481,-0.068758,0.076755,-0.34939,-0.33023,-0.14996
11105,-0.054467,0.008221,-0.071682,0.029658,-0.30457,-0.19901,-0.1256
11106,-0.05804,0.01829,-0.077203,-0.051868,-0.26364,-0.069083,-0.10481
11107,-0.062587,0.023487,-0.089871,-0.15678,-0.23993,0.035505,-0.095393
11108,-0.070382,0.023162,-0.11033,-0.25487,-0.23181,0.082602,-0.10189
11109,-0.081101,0.013743,-0.13437,-0.32016,-0.24123,0.06019,-0.1256
11110,-0.09182,0.00010078,-0.15548,-0.34355,-0.26689,-0.020362,-0.16555
11111,-0.09994,-0.013866,-0.1714,-0.33932,-0.30067,-0.14314,-0.21492
11112,-0.10709,-0.023285,-0.17919,-0.3299,-0.33835,-0.2854,-0.26527
11113,-0.11586,-0.025234,-0.18147,-0.3312,-0.39389,-0.4176,-0.30489
11114,-0.12917,-0.021337,-0.17659,-0.35296,-0.48191,-0.51829,-0.32698
11115,-0.14379,-0.011267,-0.16425,-0.39779,-0.60437,-0.57026,-0.32731
11116,-0.15061,-0.00022403,-0.14444,-0.45495,-0.73656,-0.56766,-0.30782
11117,-0.14509,0.0069217,-0.1217,-0.49978,-0.84895,-0.51894,-0.27209
11118,-0.13404,0.0069217,-0.10319,-0.5014,-0.92365,-0.45008,-0.22629
11119,-0.1256,-0.00054884,-0.092794,-0.43222,-0.96945,-0.39064,-0.18244
11120,-0.12105,-0.011592,-0.086948,-0.27501,-1.0042,-0.36336,-0.14736
11121,-0.11845,-0.023285,-0.085324,-0.040175,-1.0338,-0.36498,-0.12463
11122,-0.11683,-0.033679,-0.089871,0.2161,-1.051,-0.35361,-0.10871
11123,-0.11066,-0.043423,-0.10156,0.41261,-1.037,-0.28183,-0.09117
11124,-0.093444,-0.051868,-0.11488,0.49283,-0.95938,-0.13567,-0.063561
11125,-0.063886,-0.055441,-0.12398,0.45028,-0.78301,0.058891,-0.02361
11126,-0.030106,-0.050569,-0.12105,0.32101,-0.48744,0.2528,0.025111
11127,0.0020496,-0.038227,-0.10189,0.16153,-0.080451,0.41163,0.079354
11128,0.033881,-0.021012,-0.066485,0.032582,0.40871,0.53376,0.13912
11129,0.06831,0.0056225,-0.022636,-0.030756,0.92385,0.6299,0.19953
11130,0.10631,0.048172,0.024786,-0.023285,1.3747,0.70916,0.25183
11131,0.14724,0.11021,0.071558,0.030957,1.6586,0.75365,0.28008
11132,0.18654,0.18492,0.11443,0.097543,1.7053,0.74359,0.27716
11133,0.21025,0.25443,0.14594,0.14854,1.5322,0.67862,0.24306
11134,0.21058,0.29243,0.1625,0.16868,1.222,0.58053,0.19011
11135,0.18784,0.28268,0.15763,0.15926,0.87091,0.48212,0.1323
11136,0.14951,0.22941,0.13327,0.12905,0.54285,0.39507,0.081303
11137,0.10631,0.14821,0.10242,0.09397,0.26157,0.30932,0.0433
11138,0.074482,0.060515,0.078704,0.067661,0.033231,0.19661,0.016341
11139,0.06084,-0.012892,0.06961,0.059541,-0.15938,0.032582,-0.00087364
11140,0.067661,-0.063237,0.075131,0.075456,-0.33997,-0.18277,-0.011592
11141,0.089423,-0.092469,0.080978,0.10664,-0.52089,-0.42052,-0.018088
11142,0.11378,-0.10091,0.080653,0.1349,-0.68849,-0.6388,-0.018738
11143,0.12872,-0.094418,0.074157,0.14919,-0.81744,-0.80022,-0.013541
11144,0.12483,-0.078827,0.066037,0.14789,-0.8837,-0.88695,-0.0024977
11145,0.10371,-0.057715,0.057917,0.13262,-0.8876,-0.90059,0.010495
11146,0.077405,-0.034329,0.050771,0.10177,-0.85609,-0.86096,0.017316
11147,0.053044,-0.008669,0.045899,0.062789,-0.82264,-0.79016,0.012768
11148,0.03453,0.015042,0.045574,0.02706,-0.80087,-0.70376,-0.0031473
11149,0.021213,0.030308,0.046873,-0.00022403,-0.78139,-0.60664,-0.022961
11150,0.013418,0.031607,0.046873,-0.024909,-0.75605,-0.49328,-0.038551
11151,0.014068,0.01764,0.041351,-0.056416,-0.73461,-0.35751,-0.045697
11152,0.022188,-0.0060706,0.033231,-0.097991,-0.70863,-0.21395,-0.053168
11153,0.031282,-0.028157,0.024461,-0.14346,-0.63652,-0.085973,-0.063886
11154,0.03583,-0.045372,0.01894,-0.1753,-0.47249,0.015042,-0.07493
11155,0.034206,-0.05804,0.016341,-0.18082,-0.19283,0.10371,-0.078827
11156,0.032582,-0.06551,0.01829,-0.15353,0.19336,0.19369,-0.068434
11157,0.034855,-0.067784,0.026085,-0.094093,0.62893,0.28008,-0.043423
11158,0.03518,-0.067459,0.036154,-0.023285,1.0275,0.3457,-0.017114
11159,0.026085,-0.064536,0.040377,0.033881,1.3172,0.38045,-0.0021729
11160,0.0046481,-0.05739,0.03518,0.067986,1.4526,0.39312,0.00010078
11161,-0.025559,-0.04992,0.024461,0.083576,1.4289,0.39052,-0.00054884
11162,-0.054467,-0.044723,0.016341,0.092346,1.2837,0.3837,0.0085458
11163,-0.070382,-0.039851,0.016016,0.11313,1.072,0.37883,0.034855
11164,-0.069733,-0.035628,0.023487,0.14854,0.82446,0.37883,0.073507
11165,-0.062587,-0.032705,0.031932,0.16868,0.55227,0.37558,0.10404
11166,-0.062912,-0.032055,0.029658,0.13197,0.28008,0.36064,0.10534
11167,-0.077203,-0.036278,0.016016,0.035505,0.047523,0.33433,0.067011
11168,-0.098641,-0.039851,-0.0015233,-0.07428,-0.10156,0.31841,0.0065969
11169,-0.11521,-0.037577,-0.0096434,-0.14249,-0.14087,0.33595,-0.045047
11170,-0.11423,-0.026533,-0.0047713,-0.14801,-0.056416,0.39182,-0.064211
11171,-0.093119,-0.0083442,0.0075714,-0.10806,0.13944,0.46685,-0.046022
11172,-0.05804,0.01764,0.021213,-0.055766,0.3811,0.52207,-0.0089938
11173,-0.018738,0.042975,0.030633,-0.017764,0.57241,0.53181,0.025436
11174,0.011469,0.061165,0.032257,-0.0067202,0.64647,0.50193,0.046223
11175,0.025436,0.067661,0.026085,-0.020687,0.60067,0.4623,0.053044
11176,0.032906,0.066686,0.019264,-0.047646,0.47984,0.43794,0.054668
11177,0.0433,0.067661,0.016016,-0.075579,0.34992,0.43502,0.056942
11178,0.058891,0.076431,0.017965,-0.087597,0.25313,0.43989,0.059865
11179,0.079029,0.092346,0.025436,-0.067784,0.18329,0.42495,0.059541
11180,0.098842,0.10956,0.038753,-0.0073698,0.10306,0.37883,0.056292
11181,0.11378,0.12288,0.055643,0.090072,-0.021986,0.31419,0.063763
11182,0.12223,0.13262,0.073832,0.20181,-0.20323,0.25605,0.086175
11183,0.12223,0.13977,0.087474,0.29275,-0.42507,0.21382,0.12223
11184,0.11248,0.14432,0.093645,0.33465,-0.64529,0.18004,0.16315
11185,0.095594,0.14464,0.091696,0.32134,-0.80867,0.12515,0.19726
11186,0.076431,0.14302,0.081303,0.26709,-0.88273,0.011469,0.21285
11187,0.062789,0.14009,0.062789,0.19921,-0.86649,-0.1714,0.2044
11188,0.059865,0.13295,0.041351,0.14074,-0.78204,-0.39129,0.16998
11189,0.069934,0.1232,0.023812,0.10469,-0.66543,-0.59884,0.12515
11190,0.086824,0.11281,0.014068,0.09397,-0.5485,-0.74761,0.087799
11191,0.10306,0.10014,0.016666,0.099817,-0.44911,-0.81744,0.06961
11192,0.11151,0.083901,0.029658,0.11118,-0.37473,-0.80834,0.070259
11193,0.10664,0.063438,0.048822,0.12125,-0.32341,-0.71902,0.088448
11194,0.095594,0.045249,0.064088,0.12613,-0.28638,-0.54005,0.11768
11195,0.084551,0.036154,0.071883,0.12515,-0.25065,-0.27631,0.14951
11196,0.077405,0.039727,0.071234,0.11703,-0.20648,0.034855,0.17517
11197,0.067986,0.049796,0.061814,0.097543,-0.15678,0.31711,0.16413
11198,0.045249,0.057917,0.044924,0.063763,-0.10838,0.49251,0.0852
11199,0.0033489,0.055643,0.023162,0.020888,-0.060313,0.52044,-0.075904
11200,-0.055116,0.044275,-0.00087364,-0.018088,-0.0089938,0.42268,-0.28768
11201,-0.11943,0.029658,-0.021337,-0.040175,0.041351,0.26904,-0.48614
11202,-0.16912,0.016016,-0.035628,-0.045372,0.087799,0.13327,-0.60469
11203,-0.18861,0.0069217,-0.039526,-0.040175,0.13035,0.050771,-0.61119
11204,-0.18114,0.0052977,-0.035628,-0.033679,0.1625,0.0088706,-0.51894
11205,-0.15256,0.012768,-0.032055,-0.029782,0.17939,-0.03303,-0.37115
11206,-0.11488,0.024137,-0.033354,-0.030431,0.17777,-0.11975,-0.2172
11207,-0.077203,0.031282,-0.038227,-0.033354,0.15373,-0.26559,-0.092794
11208,-0.045372,0.029009,-0.046022,-0.036278,0.10274,-0.44748,-0.0076946
11209,-0.018413,0.01764,-0.053492,-0.038227,0.023812,-0.61768,0.045574
11210,0.0072465,0.0046481,-0.05739,-0.040825,-0.075904,-0.72389,0.082277
11211,0.029333,-0.0054209,-0.053168,-0.039526,-0.18959,-0.73591,0.11573
11212,0.046548,-0.0093186,-0.037902,-0.030106,-0.29515,-0.64984,0.15373
11213,0.056617,-0.007045,-0.013866,-0.011267,-0.36401,-0.48516,0.19271
11214,0.06084,0.003024,0.016016,0.0091954,-0.37603,-0.27274,0.22617
11215,0.061814,0.017965,0.047847,0.019914,-0.33185,-0.050569,0.24825
11216,0.063113,0.037778,0.078379,0.016991,-0.25422,0.15114,0.258
11217,0.065062,0.063113,0.10404,0.0049729,-0.17822,0.31159,0.258
11218,0.066362,0.092671,0.11703,-0.010943,-0.13177,0.41358,0.24988
11219,0.064413,0.11866,0.11183,-0.020037,-0.13599,0.44509,0.22682
11220,0.057267,0.12872,0.091047,-0.010618,-0.19316,0.40026,0.18557
11221,0.047523,0.12028,0.064737,0.016666,-0.27664,0.28723,0.13587
11222,0.039727,0.10242,0.045899,0.051745,-0.33445,0.13717,0.090397
11223,0.041351,0.082602,0.040702,0.079354,-0.30262,-0.0028225,0.063438
11224,0.056617,0.06961,0.051745,0.097218,-0.14152,-0.090521,0.060515
11225,0.080003,0.069934,0.070909,0.11411,0.10924,-0.11586,0.07708
11226,0.10209,0.086824,0.091047,0.13425,0.3418,-0.097017,0.10371
11227,0.11606,0.11248,0.10956,0.15536,0.45158,-0.062912,0.1349
11228,0.12125,0.13749,0.12678,0.17582,0.39929,-0.034654,0.1625
11229,0.11931,0.15341,0.14139,0.19369,0.22097,-0.034329,0.18004
11230,0.11443,0.15731,0.14919,0.2187,0.0075714,-0.079152,0.17615
11231,0.10924,0.14789,0.14756,0.24663,-0.15613,-0.17237,0.14302
11232,0.10144,0.1219,0.13392,0.2528,-0.22889,-0.29937,0.081627
11233,0.088773,0.078379,0.11216,0.21058,-0.21297,-0.4215,0.008221
11234,0.06831,0.021538,0.083251,0.11963,-0.12398,-0.49198,-0.048945
11235,0.042975,-0.037252,0.050121,0.012768,0.01829,-0.47477,-0.069733
11236,0.017316,-0.092794,0.01829,-0.07493,0.18622,-0.35621,-0.046347
11237,-0.0060706,-0.14216,-0.011267,-0.12527,0.347,-0.14834,0.008221
11238,-0.023935,-0.17432,-0.034978,-0.13762,0.4727,0.10729,0.075781
11239,-0.028157,-0.18309,-0.04862,-0.11813,0.56104,0.35739,0.14074
11240,-0.018088,-0.16815,-0.047971,-0.072981,0.64452,0.5565,0.19109
11241,0.0017248,-0.1282,-0.034329,-0.018413,0.76015,0.67765,0.22454
11242,0.020239,-0.068758,-0.014191,0.029009,0.89949,0.71208,0.24501
11243,0.033231,-0.0067202,0.0052977,0.057267,1.0054,0.67765,0.2528
11244,0.038428,0.04395,0.021863,0.061814,1.0216,0.59645,0.24598
11245,0.037454,0.073182,0.032906,0.046223,0.931,0.47854,0.22259
11246,0.040052,0.081303,0.036479,0.024461,0.7582,0.3366,0.18687
11247,0.054668,0.074806,0.03518,0.015042,0.56397,0.19304,0.14886
11248,0.074806,0.058566,0.031932,0.026735,0.41131,0.083901,0.12255
11249,0.09397,0.036154,0.030308,0.05142,0.3379,0.034855,0.11443
11250,0.10566,0.012119,0.031932,0.076755,0.33952,0.042975,0.11313
11251,0.10404,-0.011267,0.034855,0.095919,0.38337,0.076431,0.10501
11252,0.090722,-0.031406,0.037778,0.10956,0.43274,0.09462,0.074157
11253,0.067011,-0.047646,0.036154,0.12028,0.45873,0.065062,0.01764
11254,0.039078,-0.057715,0.024786,0.12548,0.43404,-0.021012,-0.058689
11255,0.0095202,-0.06551,0.0069217,0.12288,0.34505,-0.15029,-0.14054
11256,-0.018088,-0.072331,-0.013216,0.10826,0.19661,-0.28768,-0.21005
11257,-0.042774,-0.080451,-0.033354,0.082277,0.011794,-0.40039,-0.2526
11258,-0.061613,-0.086623,-0.053168,0.054668,-0.1753,-0.46567,-0.26397
11259,-0.072656,-0.085648,-0.068109,0.037454,-0.33153,-0.47737,-0.25325
11260,-0.076554,-0.074605,-0.073306,0.036154,-0.43449,-0.44813,-0.22759
11261,-0.072331,-0.057715,-0.067459,0.049796,-0.47574,-0.39422,-0.18764
11262,-0.057715,-0.038227,-0.052518,0.074482,-0.44131,-0.31301,-0.12982
11263,-0.036927,-0.019388,-0.035953,0.098193,-0.31106,-0.19283,-0.05804
11264,-0.01484,0.0036737,-0.020037,0.10274,-0.090845,-0.037577,0.016341
11265,0.0010752,0.030957,-0.0073698,0.082927,0.15763,0.12385,0.080653
11266,0.014717,0.061165,-0.00087364,0.045574,0.35609,0.24825,0.1271
11267,0.024461,0.089423,-0.0028225,-0.0015233,0.44834,0.3025,0.14789
11268,0.030308,0.10631,-0.013866,-0.053492,0.43307,0.28073,0.14074
11269,0.027385,0.10631,-0.029132,-0.10286,0.35284,0.20278,0.11378
11270,0.016991,0.089098,-0.046671,-0.13924,0.26677,0.10079,0.071558
11271,-0.00054884,0.061489,-0.061613,-0.15581,0.21123,0.0052977,0.022837
11272,-0.021012,0.030633,-0.070707,-0.15061,0.18492,-0.07428,-0.025884
11273,-0.036602,0.0075714,-0.073955,-0.12722,0.15731,-0.13404,-0.062912
11274,-0.046022,-0.0028225,-0.074605,-0.097017,0.099492,-0.1714,-0.077528
11275,-0.044073,-0.00087364,-0.071682,-0.075904,0.0095202,-0.18179,-0.067134
11276,-0.027833,0.011144,-0.06616,-0.072981,-0.094418,-0.1623,-0.045047
11277,0.0026992,0.028034,-0.058689,-0.081751,-0.19901,-0.11293,-0.027183
11278,0.045574,0.04395,-0.054467,-0.089221,-0.29353,-0.026858,-0.015165
11279,0.092671,0.055318,-0.051868,-0.086298,-0.36661,0.095269,-0.0044465
11280,0.12905,0.062464,-0.046022,-0.069083,-0.40981,0.22974,0.0069217
11281,0.14496,0.06831,-0.032055,-0.039201,-0.4228,0.33433,0.011794
11282,0.1336,0.073507,-0.011592,-0.0060706,-0.4176,0.36551,0.0072465
11283,0.09462,0.080003,0.008221,0.01894,-0.40786,0.30769,-0.0041217
11284,0.03518,0.086824,0.023162,0.033231,-0.39649,0.17712,-0.019388
11285,-0.02426,0.094295,0.031282,0.041027,-0.37408,0.023487,-0.034654
11286,-0.068109,0.10242,0.030308,0.051096,-0.32828,-0.10156,-0.052193
11287,-0.089871,0.10339,0.018615,0.055643,-0.25975,-0.17042,-0.071032
11288,-0.087597,0.088773,-0.0034721,0.037778,-0.19771,-0.18407,-0.087597
11289,-0.064211,0.053369,-0.032705,-0.014516,-0.1753,-0.15905,-0.098965
11290,-0.030431,0.0014,-0.059014,-0.090196,-0.19608,-0.11358,-0.10059
11291,0.0014,-0.053817,-0.07493,-0.161,-0.23181,-0.063886,-0.09117
11292,0.021213,-0.092469,-0.078503,-0.20648,-0.25552,-0.012892,-0.07493
11293,0.026085,-0.10124,-0.069083,-0.22044,-0.25098,0.042001,-0.052843
11294,0.022837,-0.079152,-0.052518,-0.19836,-0.22337,0.10794,-0.027183
11295,0.022188,-0.033679,-0.03238,-0.14671,-0.19251,0.18362,0.0014
11296,0.028684,0.019264,-0.012892,-0.086298,-0.16847,0.25313,0.030308
11297,0.036479,0.066037,0.003024,-0.038551,-0.15646,0.29633,0.052395
11298,0.03453,0.094295,0.011144,-0.008669,-0.14899,0.2973,0.059216
11299,0.021213,0.10274,0.014717,0.0069217,-0.13664,0.26547,0.05207
11300,-0.0018481,0.090397,0.01829,0.011469,-0.10968,0.22649,0.033231
11301,-0.028482,0.061814,0.021538,0.008221,-0.069408,0.2083,0.012119
11302,-0.048296,0.032582,0.02641,-0.00087364,-0.029132,0.21512,0.00075039
11303,-0.047971,0.023812,0.033231,-0.010943,-0.0015233,0.22779,0.0023744
11304,-0.028157,0.039078,0.042326,-0.016789,0.0075714,0.22454,0.011144
11305,-0.0011985,0.065387,0.054668,-0.013541,-0.0034721,0.18687,0.016991
11306,0.020239,0.087149,0.070259,0.0023744,-0.034329,0.11638,0.017965
11307,0.031607,0.09397,0.089748,0.02706,-0.08305,0.020239,0.019589
11308,0.037778,0.083901,0.10729,0.051745,-0.1295,-0.078178,0.029658
11309,0.047523,0.057917,0.11443,0.074157,-0.14152,-0.13827,0.054019
11310,0.065387,0.022188,0.10826,0.096893,-0.10221,-0.1217,0.091372
11311,0.087149,-0.013866,0.096893,0.12775,-0.011917,-0.021012,0.14399
11312,0.10501,-0.034978,0.092996,0.16608,0.11151,0.12775,0.20408
11313,0.11183,-0.039201,0.10112,0.20733,0.24143,0.27261,0.25637
11314,0.10306,-0.028157,0.11963,0.23883,0.35089,0.37428,0.29243
11315,0.081627,-0.0093186,0.14009,0.2515,0.4178,0.43015,0.3012
11316,0.056942,0.011469,0.15406,0.24338,0.42722,0.46133,0.27944
11317,0.037454,0.028359,0.15926,0.21772,0.37038,0.47367,0.23039
11318,0.025111,0.033881,0.15861,0.18394,0.25183,0.45418,0.1625
11319,0.017316,0.029983,0.15666,0.16088,0.090072,0.3889,0.08585
11320,0.011794,0.020564,0.15114,0.16868,-0.091495,0.27424,0.014068
11321,0.0078962,0.013418,0.14009,0.20246,-0.26787,0.11573,-0.046996
11322,0.0043233,0.014717,0.12483,0.23364,-0.41468,-0.070382,-0.099615
11323,-0.00022403,0.022837,0.10761,0.24078,-0.51927,-0.2539,-0.14411
11324,-0.0031473,0.032582,0.084876,0.2174,-0.57253,-0.40851,-0.17562
11325,-0.0024977,0.040052,0.057267,0.17095,-0.57903,-0.51797,-0.19154
11326,0.0036737,0.041676,0.029333,0.11508,-0.55597,-0.5865,-0.19381
11327,0.010819,0.037778,0.0033489,0.067986,-0.52284,-0.63392,-0.18407
11328,0.012768,0.02641,-0.015815,0.036804,-0.49263,-0.67712,-0.16847
11329,0.012768,0.008221,-0.02361,0.022837,-0.46892,-0.70895,-0.15646
11330,0.014068,-0.0063954,-0.020362,0.021213,-0.45268,-0.70928,-0.14899
11331,0.020564,-0.0093186,-0.010618,0.022837,-0.43677,-0.65763,-0.14184
11332,0.032582,0.0017248,0.0017248,0.023812,-0.41858,-0.55597,-0.13015
11333,0.046548,0.022188,0.013418,0.021863,-0.39454,-0.428,-0.11358
11334,0.053369,0.044275,0.021538,0.019589,-0.35296,-0.30165,-0.088572
11335,0.051745,0.059865,0.02706,0.022188,-0.28248,-0.19543,-0.057065
11336,0.042975,0.061489,0.028684,0.023162,-0.17984,-0.10416,-0.020687
11337,0.033231,0.045574,0.023162,0.016016,-0.048945,-0.011917,0.019914
11338,0.022512,0.017316,0.012443,-0.0028225,0.10014,0.096244,0.057267
11339,0.012768,-0.01484,-0.00087364,-0.024909,0.26677,0.22357,0.088773
11340,0.0026992,-0.043099,-0.012892,-0.036927,0.45353,0.36031,0.11118
11341,-0.0060706,-0.055766,-0.017764,-0.029457,0.64354,0.48309,0.12872
11342,-0.0041217,-0.052843,-0.01549,-0.0060706,0.78776,0.56267,0.14561
11343,0.011794,-0.034978,-0.011267,0.019264,0.83453,0.57761,0.15796
11344,0.037454,-0.0028225,-0.0063954,0.034855,0.75658,0.53636,0.16153
11345,0.064413,0.042975,-0.0024977,0.036804,0.57241,0.46977,0.15536
11346,0.087799,0.10014,0.0088706,0.022837,0.3379,0.42235,0.13814
11347,0.10079,0.16121,0.023812,-0.0021729,0.1258,0.42527,0.10729
11348,0.10047,0.21252,0.030957,-0.030431,-0.020687,0.46685,0.062464
11349,0.086824,0.23851,0.024137,-0.05739,-0.09994,0.48796,0.0014
11350,0.063438,0.22714,0.0056225,-0.082725,-0.13892,0.43372,-0.075579
11351,0.034855,0.18622,-0.022961,-0.10449,-0.16588,0.28918,-0.15451
11352,0.0059473,0.13392,-0.049595,-0.11813,-0.20128,0.086175,-0.21557
11353,-0.017439,0.0865,-0.062912,-0.11553,-0.24935,-0.12073,-0.2461
11354,-0.033354,0.051096,-0.059014,-0.095393,-0.2893,-0.28508,-0.24221
11355,-0.046022,0.026735,-0.041799,-0.065835,-0.29645,-0.38739,-0.2094
11356,-0.059014,0.0072465,-0.021012,-0.037252,-0.25195,-0.43936,-0.16458
11357,-0.080127,-0.012567,-0.0047713,-0.017764,-0.15613,-0.46405,-0.12592
11358,-0.11196,-0.040825,-0.0018481,-0.012567,-0.020037,-0.48061,-0.10189
11359,-0.14671,-0.078503,-0.012567,-0.013541,0.13392,-0.48029,-0.084999
11360,-0.16782,-0.11715,-0.032055,-0.0063954,0.27067,-0.44294,-0.060638
11361,-0.161,-0.14444,-0.050569,0.017316,0.36031,-0.35816,-0.021337
11362,-0.1243,-0.14476,-0.053817,0.050121,0.3824,-0.24091,0.026085
11363,-0.070382,-0.11553,-0.039201,0.076106,0.35024,-0.11293,0.071558
11364,-0.011267,-0.06681,-0.014191,0.088124,0.30607,0.020239,0.10729
11365,0.042001,-0.016464,0.0085458,0.087474,0.3038,0.1638,0.13262
11366,0.082927,0.029983,0.024461,0.086175,0.37915,0.31484,0.14821
11367,0.11476,0.069934,0.033881,0.092996,0.52564,0.45191,0.15763
11368,0.13132,0.10177,0.038753,0.10404,0.68739,0.55585,0.16185
11369,0.13197,0.11671,0.039402,0.11216,0.78549,0.60522,0.15958
11370,0.11703,0.11216,0.033556,0.10924,0.76697,0.59937,0.14724
11371,0.094945,0.091372,0.022512,0.093645,0.64289,0.55942,0.12645
11372,0.070259,0.062464,0.0069217,0.073182,0.46717,0.51232,0.10469
11373,0.046873,0.03453,-0.0076946,0.047847,0.29373,0.4714,0.090072
11374,0.030308,0.011469,-0.014191,0.01894,0.14204,0.42982,0.087799
11375,0.022837,0.0026992,-0.0096434,-0.0099683,0.009845,0.37298,0.098193
11376,0.026735,0.0085458,0.0017248,-0.033679,-0.11326,0.29535,0.11703
11377,0.037454,0.029333,0.014068,-0.04862,-0.24318,0.19499,0.13814
11378,0.047198,0.056942,0.025111,-0.057065,-0.38902,0.070909,0.15341
11379,0.051745,0.080978,0.030633,-0.059014,-0.54298,-0.084674,0.14691
11380,0.051096,0.095269,0.029983,-0.056741,-0.67452,-0.26559,0.11313
11381,0.048497,0.10014,0.024137,-0.048296,-0.73169,-0.45073,0.064737
11382,0.049147,0.095594,0.020564,-0.025884,-0.66283,-0.61281,0.025761
11383,0.057267,0.0852,0.02641,0.013093,-0.45041,-0.73981,0.008221
11384,0.06961,0.07708,0.043625,0.061165,-0.15451,-0.83595,0.0052977
11385,0.080003,0.071234,0.063763,0.10371,0.11898,-0.90741,0.003024
11386,0.080328,0.064737,0.080978,0.12905,0.28561,-0.95548,-0.0096434
11387,0.072533,0.056292,0.092346,0.13587,0.3327,-0.9688,-0.029457
11388,0.064737,0.05142,0.10209,0.1349,0.30737,-0.93794,-0.042774
11389,0.062789,0.054344,0.11313,0.13847,0.27326,-0.85577,-0.036927
11390,0.069934,0.064413,0.12385,0.14886,0.27326,-0.72812,-0.0089938
11391,0.080653,0.077405,0.13262,0.15698,0.31062,-0.56831,0.029009
11392,0.089748,0.089098,0.13814,0.15406,0.35869,-0.39811,0.058241
11393,0.091372,0.094295,0.13717,0.13912,0.40059,-0.23733,0.064088
11394,0.082277,0.088124,0.12937,0.11606,0.4308,-0.089871,0.050771
11395,0.061165,0.069934,0.11768,0.093321,0.45256,0.059216,0.033231
11396,0.037454,0.041027,0.099492,0.074806,0.4675,0.2187,0.021863
11397,0.015692,0.010819,0.075131,0.057592,0.47302,0.37395,0.014392
11398,0.00075039,-0.012567,0.051096,0.0433,0.46815,0.5016,0.009845
11399,-0.0054209,-0.024909,0.038103,0.038428,0.44801,0.58443,0.0095202
11400,-0.00054884,-0.025559,0.038753,0.044275,0.40449,0.61334,0.022837
11401,0.011794,-0.013541,0.049472,0.052395,0.33952,0.59028,0.054019
11402,0.029009,0.0036737,0.066686,0.054344,0.26125,0.53246,0.097543
11403,0.046223,0.015692,0.082927,0.050771,0.18394,0.46847,0.14139
11404,0.057267,0.014392,0.090397,0.042975,0.11021,0.43145,0.17355
11405,0.059216,0.0017248,0.084226,0.03518,0.041351,0.45061,0.18946
11406,0.053694,-0.018738,0.067986,0.021213,-0.01614,0.52109,0.19336
11407,0.04395,-0.038227,0.045574,0.0026992,-0.060963,0.61431,0.18524
11408,0.028359,-0.050569,0.023487,-0.018088,-0.092794,0.70104,0.1651
11409,0.0091954,-0.056416,0.0033489,-0.039851,-0.1217,0.7543,0.13165
11410,-0.013216,-0.060638,-0.012242,-0.059014,-0.15581,0.7608,0.084876
11411,-0.034978,-0.067134,-0.022636,-0.072006,-0.19803,0.7228,0.031282
11412,-0.053168,-0.074605,-0.030756,-0.078178,-0.24188,0.65491,-0.017439
11413,-0.06616,-0.077853,-0.036278,-0.078827,-0.27046,0.56721,-0.051544
11414,-0.073306,-0.071032,-0.039851,-0.081426,-0.27534,0.46295,-0.064536
11415,-0.077203,-0.055116,-0.044723,-0.081426,-0.2526,0.3405,-0.058689
11416,-0.077528,-0.034004,-0.052518,-0.083375,-0.20485,0.19953,-0.034329
11417,-0.07493,-0.012892,-0.05804,-0.086948,-0.14216,0.042001,0.003024
11418,-0.071682,0.0056225,-0.059664,-0.092794,-0.08305,-0.13047,0.047847
11419,-0.070707,0.013743,-0.061613,-0.10091,-0.052193,-0.31789,0.084876
11420,-0.070707,0.01017,-0.068109,-0.10741,-0.068109,-0.51212,0.10469
11421,-0.067134,0.0023744,-0.077528,-0.10838,-0.14444,-0.68427,0.10306
11422,-0.055116,-0.00087364,-0.084674,-0.10384,-0.27826,-0.79925,0.086824
11423,-0.033354,0.003024,-0.081101,-0.09117,-0.44781,-0.83725,0.061814
11424,-0.0060706,0.015367,-0.067134,-0.070382,-0.61606,-0.80705,0.032582
11425,0.016341,0.032906,-0.052518,-0.042449,-0.72,-0.73039,0.0043233
11426,0.033231,0.05272,-0.042449,-0.017114,-0.70018,-0.63132,-0.011267
11427,0.040052,0.069285,-0.040175,-0.0018481,-0.5537,-0.54363,-0.0028225
11428,0.041676,0.074157,-0.043423,-0.00054884,-0.34972,-0.49945,0.026735
11429,0.039078,0.067336,-0.051544,-0.013541,-0.17075,-0.51472,0.060515
11430,0.037778,0.051096,-0.05739,-0.034329,-0.041799,-0.56506,0.087474
11431,0.040702,0.034206,-0.057715,-0.047646,0.067336,-0.58325,0.10566
11432,0.050771,0.024786,-0.04992,-0.039851,0.20668,-0.49718,0.12418
11433,0.063113,0.02641,-0.031081,-0.011592,0.38175,-0.28443,0.14139
11434,0.074157,0.029009,-0.0050961,0.025761,0.52596,0.01829,0.14886
11435,0.079354,0.023487,0.022188,0.055968,0.54383,0.33693,0.13327
11436,0.075456,0.0072465,0.043625,0.075131,0.37623,0.58898,0.080653
11437,0.061165,-0.018088,0.055968,0.088448,0.041676,0.70948,-0.016464
11438,0.038753,-0.046022,0.059865,0.10339,-0.36498,0.6705,-0.15126
11439,0.011144,-0.068109,0.058891,0.1219,-0.72714,0.48504,-0.30359
11440,-0.01614,-0.078827,0.055968,0.14107,-0.95158,0.20376,-0.44261
11441,-0.034329,-0.070707,0.053694,0.14659,-0.99251,-0.10091,-0.53291
11442,-0.039851,-0.042774,0.049472,0.13262,-0.85934,-0.34225,-0.55272
11443,-0.03173,-0.0024977,0.041676,0.10371,-0.60177,-0.45203,-0.50627
11444,-0.01614,0.042975,0.031282,0.072208,-0.28735,-0.40039,-0.41013
11445,-0.0018481,0.085525,0.024461,0.050446,0.011794,-0.22109,-0.28898
11446,0.0088706,0.11573,0.025111,0.041351,0.23331,0.0072465,-0.16328
11447,0.012443,0.12678,0.030308,0.045899,0.32653,0.19758,-0.059014
11448,0.011469,0.11671,0.032257,0.057592,0.27034,0.28756,0.0065969
11449,0.01017,0.091372,0.026085,0.072208,0.088773,0.25962,0.031282
11450,0.0075714,0.059541,0.012119,0.086175,-0.14216,0.14464,0.020564
11451,-0.00022403,0.026735,-0.0018481,0.095919,-0.33348,0.015042,-0.011592
11452,-0.01614,-0.0015233,-0.0096434,0.09462,-0.4241,-0.059989,-0.054142
11453,-0.036278,-0.021986,-0.013866,0.079029,-0.40493,-0.065835,-0.094743
11454,-0.055441,-0.036927,-0.01614,0.05142,-0.31724,-0.053168,-0.12787
11455,-0.070058,-0.044398,-0.014516,0.016991,-0.22597,-0.082725,-0.15613
11456,-0.076879,-0.043748,-0.010293,-0.021337,-0.1727,-0.1649,-0.17692
11457,-0.073306,-0.029457,-0.0031473,-0.055766,-0.16198,-0.2578,-0.1753
11458,-0.055116,-0.0018481,0.0052977,-0.075579,-0.17432,-0.31756,-0.14509
11459,-0.024909,0.031932,0.016016,-0.080451,-0.18147,-0.33055,-0.097341
11460,0.0039985,0.062789,0.026735,-0.077528,-0.16393,-0.30392,-0.052843
11461,0.022512,0.084876,0.035505,-0.073955,-0.13534,-0.26072,-0.022311
11462,0.029658,0.093645,0.041676,-0.066485,-0.13924,-0.23019,-0.010618
11463,0.029983,0.084551,0.042001,-0.043748,-0.21167,-0.23181,-0.008669
11464,0.028359,0.058566,0.035505,-0.00087364,-0.35232,-0.27306,-0.0050961
11465,0.025111,0.029009,0.025111,0.06084,-0.51634,-0.339,0.010495
11466,0.024137,0.0062721,0.01829,0.13165,-0.62938,-0.39324,0.040377
11467,0.029333,-0.0047713,0.020888,0.19304,-0.63425,-0.39649,0.0852
11468,0.041676,-0.0060706,0.033231,0.23266,-0.51797,-0.33218,0.14107
11469,0.056617,-0.00087364,0.048172,0.24468,-0.31854,-0.20908,0.19531
11470,0.069934,0.011469,0.058241,0.22877,-0.085324,-0.054142,0.23266
11471,0.078055,0.029333,0.062139,0.19434,0.14626,0.10339,0.24566
11472,0.07773,0.047198,0.06019,0.14854,0.35869,0.24143,0.23234
11473,0.073507,0.061165,0.057267,0.10047,0.55455,0.36096,0.20538
11474,0.070584,0.071558,0.057592,0.061489,0.75495,0.48601,0.18849
11475,0.071558,0.078055,0.057917,0.036479,0.97257,0.64679,0.19888
11476,0.075456,0.083251,0.062139,0.026085,1.1964,0.84622,0.23721
11477,0.081303,0.0865,0.067986,0.028684,1.3961,1.044,0.28885
11478,0.087149,0.084876,0.071558,0.042651,1.5485,1.1818,0.3379
11479,0.090722,0.080978,0.067661,0.06961,1.6537,1.2172,0.36811
11480,0.088773,0.076755,0.057917,0.10501,1.7209,1.1506,0.36941
11481,0.080653,0.076431,0.042975,0.14789,1.745,1.0161,0.34212
11482,0.067986,0.074482,0.029333,0.18849,1.7174,0.85954,0.2908
11483,0.05207,0.06961,0.021863,0.2148,1.6362,0.72052,0.23266
11484,0.038428,0.065712,0.022837,0.22097,1.5131,0.60944,0.18102
11485,0.031607,0.064413,0.029983,0.20505,1.362,0.51102,0.14269
11486,0.032257,0.067661,0.03583,0.16543,1.1964,0.40416,0.11995
11487,0.041027,0.073182,0.037778,0.099817,1.0275,0.28723,0.11281
11488,0.054019,0.074157,0.033881,0.009845,0.85369,0.17387,0.11703
11489,0.066362,0.066037,0.026085,-0.080127,0.65556,0.070584,0.12548
11490,0.072533,0.051096,0.01829,-0.13632,0.41715,-0.019712,0.13262
11491,0.072858,0.037454,0.015367,-0.13892,0.14496,-0.10286,0.13262
11492,0.06961,0.034206,0.01894,-0.094743,-0.14087,-0.18666,0.12385
11493,0.061489,0.043625,0.022512,-0.027508,-0.4267,-0.27988,0.10501
11494,0.045899,0.061165,0.019914,0.030308,-0.69726,-0.37375,0.073832
11495,0.024786,0.077405,0.009845,0.049147,-0.92755,-0.44521,0.030633
11496,0.00075039,0.083901,-0.010293,0.029333,-1.0939,-0.47055,-0.014516
11497,-0.019388,0.079354,-0.035303,-0.008669,-1.1841,-0.44164,-0.048296
11498,-0.027833,0.063113,-0.053168,-0.041799,-1.2036,-0.36596,-0.063561
11499,-0.021337,0.040377,-0.058365,-0.060313,-1.1601,-0.26364,-0.062262
11500,-0.0047713,0.01894,-0.050569,-0.062587,-1.0633,-0.15386,-0.047971
11501,0.013418,0.0052977,-0.034004,-0.046996,-0.92333,-0.057715,-0.033354
11502,0.023812,0.0010752,-0.014516,-0.017764,-0.7645,0.00042559,-0.023935
11503,0.026085,0.0075714,0.0036737,0.0091954,-0.62126,0.0043233,-0.018413
11504,0.020888,0.025111,0.017316,0.016991,-0.52251,-0.039526,-0.013866
11505,0.011469,0.050446,0.025111,-0.00054884,-0.46275,-0.10936,-0.0034721
11506,0.0049729,0.081627,0.028684,-0.029782,-0.40851,-0.18374,0.010819
11507,0.0043233,0.11086,0.029333,-0.055116,-0.31106,-0.24286,0.028359
11508,0.010819,0.13035,0.030633,-0.065835,-0.14281,-0.27404,0.049796
11509,0.025111,0.13555,0.038103,-0.056091,0.061814,-0.26462,0.079354
11510,0.048822,0.12613,0.048822,-0.031081,0.2174,-0.2172,0.11606
11511,0.076755,0.099817,0.058566,-0.0050961,0.24111,-0.15418,0.15438
11512,0.097868,0.058241,0.062789,0.014068,0.10664,-0.11228,0.18524
11513,0.10306,0.0085458,0.058891,0.031607,-0.13827,-0.11683,0.20246
11514,0.095269,-0.036602,0.050771,0.05272,-0.40623,-0.14574,0.20798
11515,0.087149,-0.067134,0.045574,0.078704,-0.61184,-0.14476,0.21058
11516,0.086824,-0.076879,0.044924,0.10566,-0.70213,-0.071357,0.21545
11517,0.094945,-0.068758,0.045899,0.12418,-0.66153,0.065712,0.22032
11518,0.10079,-0.04992,0.046548,0.1284,-0.52869,0.20603,0.21675
11519,0.088448,-0.034978,0.042975,0.11638,-0.37505,0.26287,0.19174
11520,0.054993,-0.028807,0.03453,0.092021,-0.25975,0.18784,0.13392
11521,0.013093,-0.024909,0.023487,0.06084,-0.19998,0.0046481,0.052395
11522,-0.02361,-0.010618,0.013418,0.029658,-0.1701,-0.19056,-0.028157
11523,-0.038876,0.021213,0.0065969,0.0017248,-0.12625,-0.2893,-0.078178
11524,-0.028807,0.062789,0.0033489,-0.015815,-0.043748,-0.23603,-0.082725
11525,0.0036737,0.094295,-0.00054884,-0.022636,0.057267,-0.055116,-0.046996
11526,0.039402,0.10274,-0.0067202,-0.024585,0.14367,0.18264,0.012443
11527,0.064088,0.083251,-0.01549,-0.026533,0.19141,0.39702,0.070909
11528,0.073182,0.047523,-0.023935,-0.030106,0.19271,0.52954,0.10729
11529,0.071234,0.016991,-0.029782,-0.032705,0.14789,0.55487,0.11054
11530,0.064413,0.012119,-0.026533,-0.041799,0.06084,0.47919,0.081952
11531,0.061814,0.038428,-0.013541,-0.057065,-0.053492,0.32588,0.032906
11532,0.071883,0.084876,0.0026992,-0.069408,-0.1675,0.14009,-0.020362
11533,0.092021,0.13717,0.017965,-0.06681,-0.2487,-0.027833,-0.062912
11534,0.10339,0.1768,0.027385,-0.052193,-0.27631,-0.15093,-0.096367
11535,0.092996,0.19434,0.029333,-0.038227,-0.2526,-0.23831,-0.12982
11536,0.063438,0.18914,0.02641,-0.030431,-0.20031,-0.31594,-0.16847
11537,0.026085,0.1664,0.017965,-0.034654,-0.14899,-0.39746,-0.2042
11538,-0.0089938,0.12872,0.0078962,-0.050569,-0.1269,-0.47932,-0.22791
11539,-0.038876,0.080328,0.00010078,-0.064536,-0.14834,-0.53973,-0.23344
11540,-0.062912,0.02641,0.0017248,-0.063886,-0.19901,-0.55175,-0.21914
11541,-0.074605,-0.026533,0.01764,-0.043748,-0.25292,-0.4962,-0.18504
11542,-0.067134,-0.07493,0.042975,-0.017439,-0.28378,-0.36368,-0.12982
11543,-0.043748,-0.11423,0.069285,0.0078962,-0.28151,-0.15711,-0.059339
11544,-0.015165,-0.14216,0.081952,0.033881,-0.24448,0.097868,0.012768
11545,0.0056225,-0.16198,0.074157,0.054019,-0.17789,0.35317,0.065062
11546,0.0091954,-0.17789,0.046548,0.058891,-0.076879,0.55844,0.080653
11547,-0.0034721,-0.18536,0.014717,0.048172,0.061165,0.6783,0.058891
11548,-0.026858,-0.17789,-0.010618,0.027385,0.23559,0.70753,0.012119
11549,-0.052193,-0.15288,-0.028807,0.0052977,0.43372,0.66498,-0.042449
11550,-0.076554,-0.11326,-0.037902,-0.012567,0.63088,0.57339,-0.086623
11551,-0.094093,-0.066485,-0.037577,-0.02426,0.79848,0.45646,-0.10774
11552,-0.10124,-0.020362,-0.028482,-0.030756,0.90891,0.3392,-0.10774
11553,-0.093444,0.01764,-0.016789,-0.032705,0.94464,0.24468,-0.089221
11554,-0.074605,0.04395,-0.0047713,-0.029457,0.90047,0.18264,-0.05739
11555,-0.04992,0.06084,0.0069217,-0.020687,0.78094,0.14951,-0.022311
11556,-0.025559,0.069934,0.017316,-0.0044465,0.5997,0.1323,0.012119
11557,-0.0031473,0.074806,0.030633,0.021863,0.38565,0.11703,0.038428
11558,0.016991,0.075131,0.047523,0.056292,0.18102,0.090722,0.05272
11559,0.030308,0.071558,0.066362,0.091696,0.020888,0.039078,0.049796
11560,0.039402,0.067986,0.0852,0.12678,-0.08305,-0.037902,0.032257
11561,0.042651,0.064737,0.10534,0.16348,-0.13632,-0.13534,0.0049729
11562,0.039402,0.063113,0.12385,0.20083,-0.15126,-0.23863,-0.029782
11563,0.025436,0.059216,0.13425,0.22552,-0.14736,-0.33023,-0.075255
11564,0.0036737,0.050446,0.1323,0.22552,-0.13275,-0.39064,-0.12463
11565,-0.014516,0.035505,0.11801,0.19531,-0.09994,-0.39941,-0.161
11566,-0.01614,0.014717,0.093645,0.13035,-0.052193,-0.35232,-0.17237
11567,0.0036737,-0.014191,0.056942,0.025111,-0.01484,-0.28151,-0.15938
11568,0.038753,-0.04862,0.0091954,-0.10351,-0.017764,-0.23084,-0.13275
11569,0.074806,-0.084024,-0.043748,-0.20908,-0.075579,-0.22921,-0.10741
11570,0.097543,-0.11618,-0.093444,-0.25422,-0.18861,-0.28573,-0.09182
11571,0.098193,-0.14411,-0.12852,-0.22077,-0.33478,-0.38155,-0.091495
11572,0.079029,-0.16263,-0.14087,-0.12398,-0.47607,-0.48549,-0.10546
11573,0.048172,-0.16555,-0.13112,-0.0018481,-0.56799,-0.56052,-0.1256
11574,0.01764,-0.15516,-0.10416,0.10144,-0.57513,-0.57481,-0.14216
11575,-0.0057458,-0.13697,-0.06551,0.16575,-0.49101,-0.51277,-0.14541
11576,-0.021012,-0.11358,-0.020687,0.19304,-0.35037,-0.3848,-0.1282
11577,-0.034329,-0.09117,0.019914,0.19888,-0.20908,-0.21687,-0.089546
11578,-0.04992,-0.072331,0.047847,0.19401,-0.09929,-0.025559,-0.040825
11579,-0.068758,-0.05739,0.059216,0.18004,-0.0041217,0.1729,0.0056225
11580,-0.085324,-0.041475,0.05142,0.15731,0.10599,0.35966,0.041676
11581,-0.092145,-0.025559,0.028359,0.1297,0.22779,0.5055,0.065387
11582,-0.084674,-0.013866,-0.0011985,0.10014,0.33303,0.57728,0.076106
11583,-0.06681,-0.0089938,-0.028482,0.071558,0.38727,0.5578,0.074482
11584,-0.047321,-0.0050961,-0.046671,0.048822,0.37883,0.46035,0.06084
11585,-0.028157,0.0039985,-0.052518,0.032906,0.32361,0.32523,0.040702
11586,-0.007045,0.024137,-0.047971,0.021863,0.258,0.18849,0.020564
11587,0.019589,0.054668,-0.039201,0.012768,0.22,0.065387,0.0039985
11588,0.045574,0.089423,-0.029132,0.0078962,0.22552,-0.047321,-0.0093186
11589,0.065387,0.11573,-0.01614,0.0062721,0.26709,-0.15776,-0.020037
11590,0.06961,0.13132,-0.0067202,0.0020496,0.31809,-0.26851,-0.030106
11591,0.054668,0.13749,-0.0050961,-0.0083442,0.35966,-0.38707,-0.045697
11592,0.028034,0.14042,-0.0093186,-0.016464,0.39312,-0.51992,-0.072331
11593,0.0036737,0.14237,-0.015815,-0.015165,0.42008,-0.66186,-0.10968
11594,-0.012567,0.14204,-0.019388,-0.0047713,0.4243,-0.80185,-0.15451
11595,-0.019063,0.13522,-0.019388,0.0069217,0.38954,-0.9256,-0.20096
11596,-0.022636,0.12385,-0.014191,0.012443,0.31581,-1.0149,-0.24415
11597,-0.024909,0.11021,-0.0063954,0.013743,0.22162,-1.0513,-0.27306
11598,-0.026533,0.097543,0.00075039,0.014068,0.13132,-1.0208,-0.27728
11599,-0.025234,0.088124,0.0075714,0.014068,0.075456,-0.91423,-0.25195
11600,-0.017439,0.081952,0.014392,0.013093,0.071558,-0.73591,-0.19901
11601,0.00075039,0.080653,0.019914,0.014717,0.11638,-0.49848,-0.1295
11602,0.025111,0.083901,0.027709,0.024461,0.19336,-0.22044,-0.057715
11603,0.048172,0.088773,0.038103,0.0433,0.27944,0.069285,0.0039985
11604,0.06084,0.088124,0.046873,0.063763,0.36648,0.33075,0.051096
11605,0.061814,0.078379,0.047847,0.079354,0.43989,0.53571,0.091047
11606,0.057917,0.06019,0.040377,0.085525,0.48276,0.6718,0.12905
11607,0.053369,0.039078,0.028359,0.076431,0.47854,0.74066,0.16413
11608,0.056292,0.025761,0.014717,0.053694,0.41748,0.74813,0.19531
11609,0.069285,0.024461,0.0039985,0.029009,0.29925,0.70169,0.22324
11610,0.090072,0.029658,-0.00087364,0.015692,0.13879,0.61139,0.24695
11611,0.10956,0.038753,0.00075039,0.018615,-0.031406,0.49251,0.26255
11612,0.1245,0.053044,0.011144,0.03453,-0.17659,0.37201,0.26742
11613,0.13295,0.074482,0.033231,0.057267,-0.27793,0.27749,0.25865
11614,0.13717,0.099817,0.065387,0.076431,-0.3286,0.23136,0.24241
11615,0.13944,0.1258,0.097218,0.089748,-0.33997,0.23071,0.22292
11616,0.13814,0.15049,0.11963,0.098193,-0.32471,0.25507,0.20148
11617,0.1323,0.16965,0.13262,0.098842,-0.301,0.28333,0.17712
11618,0.12353,0.18134,0.13912,0.091372,-0.27631,0.30542,0.15309
11619,0.11378,0.1781,0.14334,0.088124,-0.24805,0.31516,0.13814
11620,0.099817,0.15341,0.14302,0.10079,-0.20096,0.31192,0.13587
11621,0.082927,0.10794,0.13425,0.131,-0.11975,0.2999,0.14496
11622,0.064737,0.048172,0.11573,0.15763,-0.0076946,0.28983,0.16056
11623,0.048172,-0.011267,0.091047,0.16088,0.11476,0.28885,0.1768
11624,0.038428,-0.055766,0.062789,0.1271,0.2096,0.29503,0.18946
11625,0.041027,-0.073955,0.040377,0.066362,0.24111,0.30022,0.19953
11626,0.056292,-0.06616,0.032257,-0.00022403,0.20278,0.29438,0.20765
11627,0.079029,-0.036927,0.041027,-0.046347,0.12125,0.27651,0.21058
11628,0.096244,-0.00087364,0.062464,-0.052843,0.039727,0.258,0.2044
11629,0.099817,0.031282,0.082927,-0.018088,-0.0063954,0.25865,0.18557
11630,0.078704,0.051745,0.0865,0.03453,-0.018738,0.2895,0.15309
11631,0.030308,0.050771,0.064737,0.061814,-0.028807,0.33823,0.10534
11632,-0.037252,0.026085,0.021213,0.03453,-0.070058,0.37493,0.048172
11633,-0.10611,-0.0099683,-0.029457,-0.04115,-0.14574,0.36681,-0.010943
11634,-0.15776,-0.047971,-0.071357,-0.13469,-0.23019,0.2973,-0.064861
11635,-0.18179,-0.074605,-0.091495,-0.21427,-0.30002,0.1742,-0.10774
11636,-0.1753,-0.08305,-0.087597,-0.26267,-0.34679,0.030633,-0.1308
11637,-0.14444,-0.073955,-0.063561,-0.28021,-0.3757,-0.090196,-0.12527
11638,-0.10124,-0.046996,-0.030431,-0.27241,-0.39974,-0.15905,-0.094743
11639,-0.054467,-0.0031473,0.0039985,-0.2513,-0.42475,-0.16393,-0.044398
11640,-0.0099683,0.051096,0.041351,-0.23149,-0.44196,-0.12138,0.015692
11641,0.025111,0.097868,0.080003,-0.2107,-0.44196,-0.058689,0.072858
11642,0.045574,0.11963,0.11021,-0.17432,-0.42572,0.0017248,0.11833
11643,0.050771,0.11118,0.11703,-0.10026,-0.41208,0.048822,0.14594
11644,0.045574,0.080653,0.096893,0.03518,-0.42832,0.079679,0.15633
11645,0.041027,0.0433,0.057267,0.21058,-0.48451,0.096244,0.15406
11646,0.044924,0.012443,0.0065969,0.37233,-0.55922,0.10242,0.14626
11647,0.056292,-0.0050961,-0.037902,0.46035,-0.60989,0.098193,0.13944
11648,0.074157,-0.0099683,-0.061937,0.44509,-0.58878,0.090397,0.13295
11649,0.098517,-0.00054884,-0.061288,0.33563,-0.46405,0.093645,0.12645
11650,0.12385,0.024137,-0.039851,0.17712,-0.24026,0.12418,0.1206
11651,0.13717,0.059865,-0.0067202,0.02641,0.03583,0.18687,0.10989
11652,0.1284,0.09397,0.030308,-0.064861,0.28171,0.26319,0.084876
11653,0.096569,0.11346,0.057917,-0.077203,0.42495,0.31711,0.039727
11654,0.05142,0.11216,0.073182,-0.027833,0.43437,0.31062,-0.021012
11655,0.0039985,0.088773,0.073507,0.056292,0.33985,0.22519,-0.084999
11656,-0.033354,0.050771,0.065062,0.14659,0.20148,0.075131,-0.14022
11657,-0.049595,0.014717,0.054019,0.22097,0.072533,-0.10481,-0.18082
11658,-0.046996,-0.0099683,0.047847,0.26222,-0.018738,-0.28216,-0.2055
11659,-0.037252,-0.021337,0.045249,0.26644,-0.058689,-0.43157,-0.21492
11660,-0.031081,-0.025559,0.046548,0.24046,-0.035953,-0.53161,-0.20972
11661,-0.028157,-0.029132,0.046873,0.19011,0.047847,-0.56896,-0.18991
11662,-0.026533,-0.035303,0.040052,0.12548,0.16056,-0.54395,-0.15288
11663,-0.023285,-0.040175,0.030633,0.054019,0.258,-0.47314,-0.10156
11664,-0.021661,-0.038551,0.01894,-0.0089938,0.30639,-0.37603,-0.046022
11665,-0.022636,-0.029132,0.0059473,-0.055766,0.28658,-0.26949,0.0043233
11666,-0.021986,-0.01484,-0.010293,-0.086948,0.20181,-0.16588,0.044924
11667,-0.018413,-0.0011985,-0.025559,-0.10384,0.075456,-0.069733,0.071558
11668,-0.014516,0.0026992,-0.039526,-0.11098,-0.059014,0.010819,0.083251
11669,-0.013866,-0.0037969,-0.046671,-0.11521,-0.16555,0.063763,0.081627
11670,-0.017114,-0.014191,-0.047971,-0.12073,-0.21297,0.089423,0.070584
11671,-0.019712,-0.020362,-0.047971,-0.12722,-0.19089,0.088773,0.057592
11672,-0.018738,-0.021012,-0.047646,-0.1295,-0.12365,0.067986,0.048822
11673,-0.011917,-0.018413,-0.046347,-0.1243,-0.052193,0.042001,0.041027
11674,0.0020496,-0.016789,-0.040175,-0.10514,0.0043233,0.028684,0.028359
11675,0.016341,-0.015165,-0.034004,-0.075904,0.067986,0.045574,0.0033489
11676,0.025111,-0.012892,-0.03173,-0.054142,0.169,0.10826,-0.031081
11677,0.023487,-0.010293,-0.037252,-0.051544,0.32491,0.21935,-0.062587
11678,0.016341,-0.0089938,-0.050569,-0.064861,0.51817,0.36096,-0.074605
11679,0.012443,-0.011592,-0.068758,-0.079477,0.69974,0.49186,-0.061937
11680,0.01764,-0.015165,-0.082076,-0.082725,0.80952,0.57046,-0.026533
11681,0.029009,-0.012567,-0.0837,-0.075579,0.8053,0.56039,0.021213
11682,0.045574,-0.0018481,-0.069733,-0.059339,0.67992,0.45516,0.06896
11683,0.064737,0.017316,-0.044398,-0.035628,0.47659,0.27749,0.11021
11684,0.082277,0.045899,-0.015165,-0.0083442,0.27456,0.080003,0.14529
11685,0.093321,0.080653,0.012443,0.019264,0.15309,-0.082725,0.17192
11686,0.093321,0.11703,0.036804,0.048497,0.15601,-0.18439,0.18751
11687,0.087149,0.15081,0.058891,0.083576,0.26612,-0.24383,0.19596
11688,0.082927,0.17939,0.080328,0.12678,0.41813,-0.29223,0.20213
11689,0.085525,0.20116,0.10469,0.1768,0.52954,-0.33802,0.2135
11690,0.099167,0.21772,0.13165,0.23624,0.54285,-0.36238,0.23136
11691,0.12418,0.23169,0.16023,0.2934,0.44281,-0.3325,0.25832
11692,0.15146,0.24306,0.18557,0.33173,0.25507,-0.23474,0.28366
11693,0.1677,0.24306,0.19888,0.3418,0.027709,-0.086298,0.28853
11694,0.16056,0.22129,0.19109,0.32718,-0.18829,0.079029,0.25443
11695,0.12937,0.17322,0.16185,0.29535,-0.35556,0.23136,0.18557
11696,0.084551,0.10631,0.11573,0.2515,-0.46015,0.35284,0.098517
11697,0.044599,0.036479,0.066362,0.20343,-0.4962,0.44444,0.013743
11698,0.023812,-0.018738,0.024786,0.15698,-0.46957,0.51525,-0.048945
11699,0.025436,-0.046347,-0.00087364,0.12158,-0.39844,0.57111,-0.080127
11700,0.03453,-0.044723,-0.0080194,0.096569,-0.30359,0.61301,-0.078827
11701,0.039402,-0.025234,-0.0015233,0.073507,-0.21037,0.62406,-0.053817
11702,0.03583,-0.0037969,0.009845,0.046873,-0.13957,0.5841,-0.019388
11703,0.026735,0.0078962,0.019264,0.020564,-0.10611,0.47854,0.01017
11704,0.019914,0.010495,0.024461,-0.0041217,-0.12268,0.31322,0.02706
11705,0.020239,0.008221,0.024786,-0.020362,-0.19154,0.10534,0.032582
11706,0.02641,0.01017,0.023487,-0.01614,-0.30717,-0.11943,0.036804
11707,0.03453,0.019264,0.024461,0.0026992,-0.45593,-0.33802,0.047523
11708,0.037778,0.029009,0.030633,0.01829,-0.61216,-0.53323,0.067661
11709,0.029009,0.033881,0.040702,0.022837,-0.73851,-0.69466,0.087474
11710,0.0091954,0.030308,0.048822,0.015042,-0.8038,-0.81647,0.088773
11711,-0.01614,0.022188,0.05142,-0.00022403,-0.78788,-0.8915,0.063113
11712,-0.036927,0.013743,0.048497,-0.012567,-0.69726,-0.91293,0.017316
11713,-0.048945,0.0033489,0.037454,-0.019388,-0.55045,-0.87526,-0.030431
11714,-0.051544,-0.0057458,0.021863,-0.025234,-0.3757,-0.78658,-0.065835
11715,-0.04862,-0.010293,0.008221,-0.036602,-0.20713,-0.66056,-0.087272
11716,-0.044398,-0.010943,0.0010752,-0.054142,-0.076554,-0.51309,-0.097666
11717,-0.046996,-0.01614,-0.00054884,-0.075904,-0.0028225,-0.35849,-0.10156
11718,-0.055441,-0.029782,-0.00087364,-0.097991,0.030308,-0.22077,-0.10514
11719,-0.069408,-0.048296,-0.0080194,-0.1191,0.063438,-0.10709,-0.11488
11720,-0.084999,-0.069083,-0.023935,-0.13145,0.13295,-0.011592,-0.13437
11721,-0.095393,-0.085648,-0.044723,-0.13762,0.23883,0.067011,-0.16425
11722,-0.097666,-0.09182,-0.062912,-0.14184,0.34732,0.11931,-0.19803
11723,-0.090196,-0.085973,-0.075255,-0.14769,0.41683,0.14626,-0.22759
11724,-0.077203,-0.069408,-0.079477,-0.15581,0.42495,0.15406,-0.2435
11725,-0.063886,-0.046996,-0.077203,-0.15841,0.3824,0.15081,-0.23636
11726,-0.045697,-0.021337,-0.068434,-0.14411,0.31322,0.13425,-0.20193
11727,-0.024909,0.0056225,-0.051219,-0.10871,0.23818,0.093321,-0.14346
11728,-0.0044465,0.029009,-0.03303,-0.064536,0.17387,0.023487,-0.07428
11729,0.013093,0.047847,-0.018088,-0.022961,0.13457,-0.067784,-0.008669
11730,0.02641,0.062789,-0.010293,0.0078962,0.13522,-0.14834,0.041351
11731,0.036804,0.073182,-0.011592,0.031607,0.18394,-0.17594,0.076755
11732,0.047523,0.075456,-0.018088,0.056617,0.26969,-0.12917,0.10566
11733,0.059541,0.071883,-0.021986,0.072858,0.35089,-0.030431,0.13035
11734,0.070909,0.071558,-0.013216,0.069934,0.38727,0.076431,0.15568
11735,0.080003,0.081303,0.011144,0.048822,0.36226,0.15893,0.18849
11736,0.087474,0.10079,0.045249,0.02706,0.29275,0.20733,0.22487
11737,0.091047,0.1206,0.078704,0.01829,0.21123,0.23851,0.25475
11738,0.091047,0.12937,0.10047,0.025111,0.14464,0.27326,0.26807
11739,0.091372,0.1206,0.10436,0.036154,0.090722,0.32101,0.2619
11740,0.092021,0.092346,0.087474,0.03518,0.031282,0.37428,0.23786
11741,0.086175,0.044924,0.054019,0.017316,-0.047971,0.41585,0.20051
11742,0.06961,-0.012892,0.016666,-0.0083442,-0.15353,0.42885,0.15926
11743,0.038428,-0.067134,-0.01614,-0.033679,-0.27209,0.40806,0.11573
11744,-0.00022403,-0.10384,-0.035303,-0.04992,-0.38057,0.35479,0.070584
11745,-0.03303,-0.11975,-0.042124,-0.053168,-0.44294,0.27586,0.027709
11746,-0.055441,-0.12105,-0.044398,-0.043099,-0.42475,0.18589,-0.0060706
11747,-0.06551,-0.11586,-0.046671,-0.018738,-0.32503,0.099167,-0.02361
11748,-0.066485,-0.10903,-0.045047,0.014068,-0.1701,0.01764,-0.025234
11749,-0.063561,-0.094418,-0.036602,0.050771,0.0056225,-0.060963,-0.012242
11750,-0.059014,-0.070707,-0.022961,0.079029,0.15991,-0.14087,0.0052977
11751,-0.055441,-0.04115,-0.0089938,0.088124,0.26125,-0.22824,0.01017
11752,-0.05739,-0.014191,-0.0011985,0.075131,0.30087,-0.3286,-0.010293
11753,-0.064861,0.0020496,-0.0041217,0.050446,0.28528,-0.44131,-0.058365
11754,-0.073955,0.0043233,-0.013541,0.024137,0.23981,-0.55435,-0.1191
11755,-0.077528,-0.0021729,-0.020037,0.0036737,0.19141,-0.64951,-0.17335
11756,-0.067459,-0.0080194,-0.016789,-0.0073698,0.16121,-0.71383,-0.2081
11757,-0.04115,-0.0060706,-0.0018481,-0.0089938,0.14919,-0.74598,-0.22304
11758,-0.0037969,0.0059473,0.016016,-0.0031473,0.14074,-0.74241,-0.22434
11759,0.034206,0.02706,0.032582,0.013743,0.12418,-0.69694,-0.21882
11760,0.062789,0.050121,0.042651,0.044599,0.096244,-0.60599,-0.20323
11761,0.075456,0.066362,0.047847,0.086824,0.058891,-0.47087,-0.16912
11762,0.071883,0.072533,0.050121,0.13197,0.016991,-0.30392,-0.11423
11763,0.058891,0.069934,0.050771,0.16445,-0.02361,-0.12787,-0.050569
11764,0.045249,0.066037,0.05272,0.1742,-0.059664,0.029658,0.0078962
11765,0.040702,0.070909,0.06084,0.15763,-0.092469,0.14821,0.046873
11766,0.046223,0.083901,0.069934,0.11541,-0.12592,0.23689,0.062789
11767,0.06084,0.094945,0.071558,0.05272,-0.1662,0.31679,0.062464
11768,0.07773,0.094295,0.058566,-0.017764,-0.2133,0.40124,0.053694
11769,0.089098,0.079029,0.036804,-0.077203,-0.24935,0.47692,0.046873
11770,0.095594,0.053369,0.01829,-0.10611,-0.2591,0.52402,0.048497
11771,0.095269,0.025436,0.0095202,-0.10286,-0.24221,0.53279,0.057917
11772,0.089098,0.0043233,0.0085458,-0.076879,-0.21232,0.51297,0.073182
11773,0.074806,-0.0037969,0.012119,-0.044723,-0.18829,0.49771,0.097218
11774,0.05272,-0.0067202,0.015367,-0.017439,-0.17822,0.52531,0.1258
11775,0.029983,-0.0096434,0.018615,0.0033489,-0.18536,0.60717,0.14821
11776,0.010819,-0.012892,0.022837,0.025761,-0.2081,0.7137,0.15893
11777,0.00010078,-0.014516,0.029333,0.051096,-0.24383,0.79458,0.15666
11778,-0.00022403,-0.0096434,0.042651,0.070909,-0.28735,0.80952,0.14139
11779,0.0062721,-0.0034721,0.061489,0.07773,-0.31789,0.72929,0.10924
11780,0.016341,0.00075039,0.07773,0.070259,-0.30197,0.54968,0.057917
11781,0.02641,0.0023744,0.083251,0.057917,-0.21882,0.30607,-0.0044465
11782,0.032582,0.0049729,0.075131,0.051096,-0.079477,0.048822,-0.056416
11783,0.036479,0.011469,0.063763,0.061814,0.067986,-0.17724,-0.079477
11784,0.039727,0.027385,0.056617,0.092021,0.16608,-0.34387,-0.070058
11785,0.040377,0.045574,0.051745,0.13327,0.18751,-0.44554,-0.043423
11786,0.036804,0.056617,0.046223,0.16608,0.15114,-0.49036,-0.022636
11787,0.031607,0.053369,0.037454,0.17517,0.099492,-0.48386,-0.026209
11788,0.023812,0.036479,0.028359,0.16348,0.066362,-0.42247,-0.04862
11789,0.016991,0.012443,0.023812,0.13912,0.065387,-0.31269,-0.069408
11790,0.012443,-0.0093186,0.02706,0.11118,0.089098,-0.18342,-0.070707
11791,0.010819,-0.020687,0.030308,0.0865,0.11768,-0.088247,-0.054792
11792,0.0059473,-0.018738,0.030957,0.064413,0.12353,-0.069083,-0.043423
11793,-0.00087364,-0.0044465,0.026085,0.038428,0.091372,-0.11618,-0.049595
11794,-0.0047713,0.01894,0.01764,0.010495,0.03518,-0.17789,-0.072656
11795,-0.0028225,0.046873,0.011469,-0.013866,-0.014516,-0.17854,-0.095717
11796,0.0043233,0.073182,0.0088706,-0.032055,-0.014516,-0.061613,-0.098316
11797,0.014068,0.095594,0.013743,-0.046996,0.053044,0.17874,-0.063237
11798,0.030957,0.11573,0.029009,-0.058689,0.1638,0.48634,0.013093
11799,0.05207,0.1336,0.048822,-0.062912,0.2554,0.7686,0.11021
11800,0.075131,0.14984,0.066037,-0.060313,0.26839,0.9336,0.19953
11801,0.090397,0.16348,0.074806,-0.058689,0.18946,0.931,0.26352
11802,0.092346,0.16965,0.072208,-0.053817,0.03453,0.7686,0.29275
11803,0.084876,0.16868,0.06019,-0.029132,-0.15905,0.50777,0.29178
11804,0.074806,0.15991,0.047523,0.025436,-0.3364,0.23201,0.27229
11805,0.066686,0.14724,0.036154,0.10339,-0.44554,0.014068,0.24793
11806,0.063113,0.13262,0.023812,0.17939,-0.44229,-0.11618,0.21577
11807,0.06019,0.11573,0.012119,0.23006,-0.31756,-0.19478,0.15926
11808,0.052395,0.093321,0.0017248,0.24111,-0.11488,-0.29255,0.066037
11809,0.040052,0.065062,-0.0054209,0.21447,0.10079,-0.45171,-0.053817
11810,0.020888,0.032257,-0.0083442,0.16315,0.29568,-0.66186,-0.1675
11811,-0.0044465,0.0017248,-0.0089938,0.10242,0.47789,-0.87298,-0.24383
11812,-0.03173,-0.021337,-0.0093186,0.054344,0.68317,-1.0328,-0.27241
11813,-0.054792,-0.038876,-0.010618,0.033556,0.92385,-1.1127,-0.26916
11814,-0.068434,-0.055441,-0.017114,0.03518,1.158,-1.112,-0.25585
11815,-0.068434,-0.073306,-0.022636,0.045574,1.312,-1.0516,-0.24675
11816,-0.055441,-0.089546,-0.026858,0.05207,1.3412,-0.96035,-0.24708
11817,-0.032055,-0.097341,-0.029457,0.052395,1.2522,-0.86129,-0.2539
11818,-0.0067202,-0.096692,-0.031406,0.049472,1.0963,-0.75183,-0.26137
11819,0.010819,-0.087922,-0.030431,0.044924,0.93879,-0.61151,-0.26267
11820,0.012443,-0.073955,-0.028482,0.032257,0.80595,-0.43806,-0.25747
11821,-0.0018481,-0.056741,-0.029132,0.012119,0.67992,-0.25325,-0.2474
11822,-0.021986,-0.037252,-0.034654,-0.0093186,0.53506,-0.09117,-0.23116
11823,-0.03303,-0.014191,-0.042449,-0.02361,0.36194,0.026085,-0.20063
11824,-0.027183,0.017965,-0.044723,-0.027183,0.18264,0.099167,-0.14574
11825,-0.0054209,0.053694,-0.038227,-0.020037,0.037454,0.14237,-0.063561
11826,0.027385,0.084551,-0.023935,-0.0015233,-0.054467,0.17777,0.038753
11827,0.062789,0.10371,-0.0050961,0.026085,-0.0824,0.22714,0.14464
11828,0.090722,0.11443,0.014392,0.053369,-0.044723,0.30769,0.23104
11829,0.10794,0.11866,0.029009,0.070909,0.053044,0.41975,0.28398
11830,0.11086,0.11638,0.034206,0.06961,0.18264,0.54545,0.30412
11831,0.10177,0.10631,0.032257,0.050771,0.30087,0.65589,0.30347
11832,0.087474,0.090397,0.027385,0.025436,0.36746,0.7202,0.29405
11833,0.072208,0.074157,0.021863,0.0043233,0.35771,0.72345,0.28073
11834,0.059541,0.061165,0.017965,-0.0099683,0.26644,0.67213,0.26287
11835,0.05207,0.05207,0.016991,-0.019063,0.10761,0.588,0.24046
11836,0.047523,0.045249,0.017965,-0.027508,-0.094093,0.49153,0.21155
11837,0.044275,0.044599,0.018615,-0.036278,-0.30587,0.40156,0.18459
11838,0.041351,0.049796,0.016666,-0.043423,-0.48841,0.32751,0.16413
11839,0.039078,0.061489,0.011794,-0.047321,-0.61898,0.27846,0.15471
11840,0.036154,0.073182,0.0023744,-0.04927,-0.69239,0.25215,0.15341
11841,0.029983,0.075456,-0.012242,-0.050569,-0.72097,0.24306,0.15893
11842,0.021863,0.06831,-0.028482,-0.053492,-0.72065,0.24013,0.16608
11843,0.016016,0.057917,-0.043423,-0.056741,-0.70278,0.24176,0.16835
11844,0.012443,0.045249,-0.052518,-0.059664,-0.67485,0.24338,0.15828
11845,0.0075714,0.034206,-0.050244,-0.062262,-0.64432,0.23429,0.1284
11846,-0.0041217,0.029983,-0.034654,-0.067459,-0.62028,0.2057,0.070584
11847,-0.018413,0.0433,-0.011917,-0.073955,-0.60956,0.15763,-0.010293
11848,-0.025559,0.076431,0.010819,-0.075904,-0.61411,0.099492,-0.096042
11849,-0.019388,0.11898,0.027709,-0.072656,-0.62775,0.045249,-0.16393
11850,-0.0031473,0.15146,0.033231,-0.067134,-0.63522,0.011794,-0.19706
11851,0.012443,0.15893,0.030308,-0.067459,-0.61508,0.0046481,-0.19933
11852,0.020564,0.13717,0.01764,-0.073955,-0.55207,0.015692,-0.18212
11853,0.01829,0.092346,-0.0028225,-0.0837,-0.44261,0.025436,-0.15873
11854,0.0075714,0.039402,-0.02361,-0.093119,-0.30359,0.023162,-0.13372
11855,-0.0044465,-0.0063954,-0.038876,-0.096042,-0.17107,0.012768,-0.11033
11856,-0.011267,-0.034978,-0.046996,-0.093444,-0.085324,0.009845,-0.0837
11857,-0.011592,-0.045047,-0.047971,-0.083375,-0.06681,0.027385,-0.050244
11858,-0.0067202,-0.044723,-0.042774,-0.066485,-0.10189,0.075131,-0.0034721
11859,0.0033489,-0.042124,-0.030431,-0.044723,-0.15905,0.14237,0.053044
11860,0.016666,-0.039201,-0.010943,-0.020687,-0.20972,0.2135,0.10956
11861,0.030633,-0.039526,0.011794,0.0075714,-0.23603,0.28073,0.15698
11862,0.042326,-0.045697,0.036479,0.045249,-0.24058,0.3392,0.19466
11863,0.047523,-0.061937,0.058241,0.084226,-0.2474,0.36713,0.22162
11864,0.041676,-0.086623,0.072858,0.10989,-0.2867,0.33725,0.22909
11865,0.025436,-0.11196,0.076755,0.12028,-0.3744,0.23429,0.21772
11866,0.0026992,-0.13275,0.072533,0.12125,-0.50173,0.070259,0.19271
11867,-0.021986,-0.14184,0.066037,0.11606,-0.6349,-0.12365,0.15536
11868,-0.046022,-0.14087,0.057592,0.10859,-0.73331,-0.31399,0.11151
11869,-0.061288,-0.1243,0.046873,0.10404,-0.76352,-0.47119,0.069285
11870,-0.062262,-0.093119,0.036479,0.10924,-0.7174,-0.56376,0.033556
11871,-0.046347,-0.04927,0.033231,0.12937,-0.60631,-0.57936,0.003024
11872,-0.014191,0.00075039,0.0433,0.15666,-0.46145,-0.53616,-0.023285
11873,0.025111,0.050121,0.064737,0.17387,-0.30782,-0.45203,-0.039526
11874,0.061814,0.088773,0.088124,0.16121,-0.15905,-0.33575,-0.034654
11875,0.089098,0.10989,0.10794,0.11606,-0.010618,-0.19706,-0.0011985
11876,0.10534,0.11281,0.11866,0.063763,0.14496,-0.054792,0.054993
11877,0.11054,0.10014,0.1245,0.036479,0.30607,0.063763,0.11248
11878,0.10729,0.076755,0.12678,0.051745,0.45646,0.14042,0.15309
11879,0.098517,0.048497,0.12678,0.099817,0.58021,0.17485,0.1716
11880,0.089423,0.019589,0.1232,0.15666,0.66336,0.19434,0.17322
11881,0.087799,-0.007045,0.11606,0.18881,0.70201,0.22097,0.17387
11882,0.09397,-0.028482,0.10989,0.18492,0.68837,0.2502,0.18329
11883,0.10631,-0.0405,0.10761,0.16543,0.61139,0.26774,0.20116
11884,0.11995,-0.043099,0.10989,0.15861,0.47042,0.26287,0.22292
11885,0.12775,-0.034654,0.11768,0.17712,0.28366,0.24273,0.24825
11886,0.12872,-0.014516,0.1336,0.2096,0.089098,0.24111,0.27359
11887,0.1284,0.019589,0.15536,0.23689,-0.063886,0.28821,0.29373
11888,0.1284,0.066362,0.17517,0.24566,-0.14801,0.3863,0.30769
11889,0.12775,0.1219,0.19304,0.23169,-0.1701,0.52109,0.31094
11890,0.1232,0.17874,0.20083,0.20148,-0.15451,0.65621,0.29405
11891,0.11346,0.22747,0.18979,0.16153,-0.12235,0.73546,0.24825
11892,0.097218,0.25053,0.15731,0.11931,-0.089546,0.71013,0.17322
11893,0.074157,0.23494,0.10664,0.080003,-0.068758,0.57306,0.080653
11894,0.042326,0.18394,0.048497,0.045249,-0.068434,0.35674,-0.0060706
11895,0.0049729,0.11606,-0.0060706,0.019914,-0.0824,0.12775,-0.067784
11896,-0.034329,0.049472,-0.046347,0.0062721,-0.096367,-0.050244,-0.10091
11897,-0.066485,0.0026992,-0.063237,0.00075039,-0.098641,-0.15061,-0.11326
11898,-0.080451,-0.011917,-0.059664,-0.0015233,-0.070707,-0.18342,-0.12105
11899,-0.073631,0.0056225,-0.042449,-0.0080194,0.0026992,-0.16977,-0.13015
11900,-0.051219,0.044275,-0.018088,-0.020037,0.12385,-0.13924,-0.13567
11901,-0.027833,0.082602,0.0052977,-0.030756,0.27619,-0.123,-0.13372
11902,-0.011267,0.098517,0.01894,-0.0405,0.44444,-0.13989,-0.13015
11903,-0.0034721,0.081952,0.011794,-0.047321,0.61691,-0.19219,-0.1321
11904,0.00042559,0.038428,-0.010943,-0.053817,0.77737,-0.26299,-0.14606
11905,0.0033489,-0.013541,-0.036927,-0.059339,0.8956,-0.32341,-0.17205
11906,0.0072465,-0.057715,-0.055766,-0.061288,0.93652,-0.35751,-0.19738
11907,0.012443,-0.088572,-0.064536,-0.059989,0.88033,-0.36109,-0.20193
11908,0.018615,-0.10936,-0.06616,-0.059989,0.74261,-0.33802,-0.18179
11909,0.024461,-0.12527,-0.06681,-0.064211,0.55812,-0.29093,-0.14119
11910,0.029658,-0.13437,-0.063561,-0.067784,0.35934,-0.22661,-0.086623
11911,0.031932,-0.12852,-0.054467,-0.061288,0.17745,-0.14606,-0.028807
11912,0.029983,-0.10384,-0.040175,-0.0405,0.037129,-0.039201,0.01894
11913,0.02641,-0.072006,-0.027833,-0.017439,-0.047646,0.10534,0.049472
11914,0.019914,-0.043748,-0.020362,-0.0076946,-0.073306,0.28008,0.058566
11915,0.011794,-0.028482,-0.021337,-0.01614,-0.043099,0.45288,0.037454
11916,0.0014,-0.026533,-0.029457,-0.036278,0.036154,0.58118,-0.013866
11917,-0.013866,-0.029457,-0.043748,-0.058365,0.14659,0.64257,-0.078827
11918,-0.032055,-0.029457,-0.059014,-0.075579,0.2606,0.64842,-0.13047
11919,-0.050894,-0.023935,-0.069083,-0.085973,0.35609,0.63055,-0.15386
11920,-0.064861,-0.012567,-0.074605,-0.088896,0.42332,0.60262,-0.15061
11921,-0.073306,0.0014,-0.078827,-0.083375,0.46068,0.55585,-0.12268
11922,-0.076554,0.010819,-0.0824,-0.072331,0.47335,0.46393,-0.084999
11923,-0.072331,0.018615,-0.080127,-0.061288,0.46587,0.31419,-0.052518
11924,-0.062912,0.030308,-0.068758,-0.04927,0.43469,0.11638,-0.038227
11925,-0.051219,0.049472,-0.04862,-0.039201,0.36713,-0.10449,-0.046347
11926,-0.042124,0.073832,-0.027183,-0.030431,0.25345,-0.32276,-0.068758
11927,-0.038227,0.096244,-0.011592,-0.023285,0.098517,-0.51634,-0.096042
11928,-0.042449,0.11346,0.00010078,-0.018088,-0.079477,-0.6755,-0.12495
11929,-0.051219,0.12223,0.010495,-0.015815,-0.24903,-0.80087,-0.15321
11930,-0.053492,0.12028,0.022837,-0.015815,-0.37148,-0.89312,-0.17757
11931,-0.039526,0.11054,0.033556,-0.015165,-0.4215,-0.95581,-0.19413
11932,-0.0080194,0.096893,0.038428,-0.010943,-0.41078,-0.99511,-0.19836
11933,0.031282,0.076431,0.03453,0.0010752,-0.37473,-1.011,-0.18991
11934,0.059216,0.047523,0.025761,0.01764,-0.34322,-0.99836,-0.17075
11935,0.055643,0.011469,0.014392,0.028034,-0.31951,-0.95288,-0.14249
11936,0.019264,-0.025884,-0.00022403,0.01894,-0.29645,-0.87558,-0.10871
11937,-0.039201,-0.059014,-0.01484,-0.0028225,-0.27436,-0.77619,-0.067134
11938,-0.094093,-0.079152,-0.021986,-0.020687,-0.26981,-0.67615,-0.026858
11939,-0.12073,-0.078178,-0.017764,-0.019712,-0.2906,-0.59657,0.012119
11940,-0.10968,-0.04862,-0.0015233,0.0095202,-0.32211,-0.54168,0.051096
11941,-0.068434,0.0036737,0.01894,0.058891,-0.33088,-0.49003,0.091372
11942,-0.011267,0.063438,0.03583,0.10599,-0.2893,-0.41533,0.1297
11943,0.042651,0.10859,0.046873,0.13587,-0.19348,-0.31236,0.15991
11944,0.077405,0.13035,0.050446,0.15016,-0.060638,-0.2029,0.1781
11945,0.089748,0.1284,0.051745,0.16056,0.081952,-0.11845,0.18264
11946,0.082277,0.10696,0.058241,0.18069,0.20473,-0.084674,0.17907
11947,0.066037,0.073832,0.073507,0.22032,0.28593,-0.11196,0.17225
11948,0.05142,0.042001,0.092671,0.26839,0.31192,-0.19121,0.17062
11949,0.04395,0.022512,0.11021,0.30315,0.27261,-0.30294,0.17582
11950,0.041027,0.015367,0.12125,0.30315,0.17842,-0.4189,0.18297
11951,0.035505,0.014068,0.11703,0.25735,0.057267,-0.4988,0.18459
11952,0.022188,0.0078962,0.092996,0.17777,-0.059664,-0.51309,0.17257
11953,0.0049729,-0.0047713,0.057267,0.083901,-0.14509,-0.45171,0.14399
11954,-0.0050961,-0.018088,0.022512,0.0039985,-0.18926,-0.32341,0.10371
11955,-0.0044465,-0.018088,0.0052977,-0.036602,-0.20128,-0.14964,0.055643
11956,0.0039985,0.00010078,0.0036737,-0.048296,-0.2081,0.033556,0.00042559
11957,0.016016,0.028684,0.0085458,-0.06551,-0.2435,0.19109,-0.058365
11958,0.023162,0.056292,0.0088706,-0.10741,-0.32406,0.31354,-0.10741
11959,0.024137,0.073832,-0.0037969,-0.16555,-0.43514,0.4178,-0.13275
11960,0.023812,0.080003,-0.02361,-0.21395,-0.54623,0.51817,-0.13242
11961,0.026085,0.078704,-0.042124,-0.23149,-0.62223,0.60359,-0.11391
11962,0.032906,0.074157,-0.048945,-0.21265,-0.6336,0.64939,-0.090845
11963,0.041676,0.069285,-0.045372,-0.16295,-0.58065,0.64387,-0.073631
11964,0.045899,0.063113,-0.034654,-0.097991,-0.48289,0.59677,-0.067134
11965,0.044275,0.055643,-0.018738,-0.030106,-0.36726,0.53149,-0.068109
11966,0.041027,0.047847,-0.0028225,0.031282,-0.2487,0.47497,-0.069083
11967,0.045249,0.0433,0.013093,0.087474,-0.14022,0.44736,-0.054142
11968,0.063763,0.044924,0.030308,0.14042,-0.063886,0.44704,-0.015815
11969,0.092671,0.053694,0.050446,0.18362,-0.021337,0.44996,0.038428
11970,0.12028,0.065712,0.072208,0.21252,0.0059473,0.4308,0.093321
11971,0.13425,0.075456,0.090397,0.22324,0.03583,0.38402,0.14204
11972,0.131,0.07773,0.099492,0.20733,0.081952,0.32913,0.18329
11973,0.11671,0.071558,0.095594,0.17192,0.15828,0.2921,0.21642
11974,0.098517,0.059216,0.07708,0.12807,0.2528,0.28723,0.24176
11975,0.079679,0.044599,0.053694,0.092021,0.32393,0.30477,0.25507
11976,0.062139,0.036154,0.039402,0.079354,0.33952,0.32231,0.25443
11977,0.041676,0.038753,0.039727,0.092346,0.29438,0.31679,0.24111
11978,0.020564,0.050121,0.048497,0.11866,0.20993,0.27651,0.21285
11979,0.0023744,0.065062,0.058891,0.14172,0.1219,0.21512,0.17322
11980,-0.01484,0.075131,0.067986,0.16056,0.066037,0.15503,0.12483
11981,-0.034329,0.070259,0.074482,0.17387,0.065062,0.11606,0.071883
11982,-0.056741,0.040377,0.070909,0.1625,0.11411,0.10404,0.013743
11983,-0.078827,-0.012892,0.045249,0.092671,0.18329,0.11541,-0.046671
11984,-0.097341,-0.080127,-0.0054209,-0.046347,0.23656,0.13587,-0.10254
11985,-0.11358,-0.14639,-0.070058,-0.22467,0.24955,0.15471,-0.14314
11986,-0.12268,-0.19803,-0.1321,-0.38837,0.23851,0.16803,-0.1662
11987,-0.12333,-0.21817,-0.1753,-0.48484,0.24955,0.18004,-0.16977
11988,-0.11228,-0.20485,-0.18764,-0.49166,0.32751,0.20083,-0.14964
11989,-0.090521,-0.16588,-0.174,-0.42637,0.47822,0.23916,-0.10611
11990,-0.064211,-0.11715,-0.14281,-0.32925,0.64419,0.28756,-0.045372
11991,-0.043099,-0.073955,-0.10968,-0.23798,0.72702,0.31614,0.015042
11992,-0.026858,-0.047321,-0.083375,-0.17107,0.65978,0.2921,0.058241
11993,-0.014516,-0.036278,-0.066485,-0.12008,0.44379,0.19466,0.074806
11994,-0.0041217,-0.030756,-0.058365,-0.059664,0.14269,0.024786,0.065387
11995,0.0033489,-0.022311,-0.053168,0.025111,-0.14541,-0.18634,0.037454
11996,0.015692,-0.0089938,-0.043099,0.12093,-0.34517,-0.38317,0.008221
11997,0.038103,0.010819,-0.02361,0.20116,-0.42929,-0.51374,-0.010618
11998,0.067011,0.036479,0.003024,0.24825,-0.41273,-0.5511,-0.0076946
11999,0.10144,0.065387,0.03453,0.26774,-0.32178,-0.49231,0.01894
12000,0.13652,0.098193,0.067986,0.27261,-0.18342,-0.35654,0.068635
12001,0.16608,0.13555,0.095594,0.27164,-0.022311,-0.18309,0.12775
12002,0.18946,0.17062,0.11573,0.27164,0.1219,-0.0093186,0.18167
12003,0.20246,0.19499,0.12548,0.26579,0.19726,0.13782,0.21252
12004,0.19888,0.19986,0.12093,0.24306,0.16478,0.25767,0.21512
12005,0.17874,0.18557,0.10631,0.19726,0.02706,0.35771,0.19888
12006,0.14659,0.16056,0.084551,0.13652,-0.16263,0.43697,0.17647
12007,0.11118,0.13327,0.057267,0.079679,-0.3299,0.49056,0.15536
12008,0.081627,0.10891,0.032582,0.039078,-0.41078,0.51135,0.14204
12009,0.063763,0.092021,0.021213,0.022188,-0.38382,0.49803,0.14302
12010,0.063763,0.086175,0.024786,0.028034,-0.27176,0.45451,0.15211
12011,0.080003,0.090722,0.037454,0.046223,-0.1243,0.38435,0.1625
12012,0.10177,0.10079,0.046223,0.063438,0.0033489,0.29178,0.1664
12013,0.11638,0.10696,0.048822,0.06831,0.074157,0.18784,0.15958
12014,0.11638,0.10469,0.047847,0.061165,0.080003,0.088124,0.14107
12015,0.099492,0.09462,0.046873,0.054993,0.041027,0.0059473,0.11378
12016,0.071558,0.080003,0.047847,0.051096,-0.013866,-0.048296,0.083251
12017,0.044275,0.063113,0.050121,0.042975,-0.063886,-0.063237,0.05207
12018,0.025111,0.048822,0.048822,0.02641,-0.10059,-0.036602,0.023162
12019,0.015367,0.041676,0.042651,-0.0011985,-0.12657,0.022188,-0.00022403
12020,0.01764,0.03583,0.034206,-0.036278,-0.14216,0.095594,-0.018088
12021,0.028359,0.027385,0.028034,-0.072331,-0.13372,0.16933,-0.029782
12022,0.041676,0.018615,0.024461,-0.096367,-0.092794,0.22941,-0.032705
12023,0.050121,0.016341,0.025111,-0.096692,-0.023935,0.2567,-0.028482
12024,0.054344,0.023812,0.029333,-0.078503,0.050446,0.23299,-0.018088
12025,0.056942,0.036154,0.033231,-0.062912,0.10501,0.15406,-0.0060706
12026,0.059865,0.045249,0.032906,-0.056091,0.11866,0.034206,-0.00054884
12027,0.059216,0.047198,0.026085,-0.052193,0.080328,-0.10384,-0.0080194
12028,0.054668,0.047847,0.014392,-0.039201,0.0049729,-0.23863,-0.029132
12029,0.043625,0.053694,0.0065969,-0.014191,-0.07493,-0.33965,-0.058689
12030,0.024461,0.065387,0.009845,0.015042,-0.13015,-0.38707,-0.085973
12031,0.0017248,0.077405,0.020888,0.037129,-0.14671,-0.38415,-0.10449
12032,-0.020037,0.081952,0.033231,0.045574,-0.13534,-0.36336,-0.11683
12033,-0.039526,0.073507,0.039727,0.04395,-0.11618,-0.36044,-0.1321
12034,-0.052518,0.053694,0.039727,0.041351,-0.11163,-0.39389,-0.16068
12035,-0.059339,0.024786,0.041027,0.041027,-0.10774,-0.4543,-0.20193
12036,-0.061613,-0.0034721,0.049147,0.049147,-0.037252,-0.5079,-0.24805
12037,-0.061288,-0.021661,0.067011,0.071883,0.1703,-0.51115,-0.28508
12038,-0.053817,-0.021661,0.091696,0.10242,0.51525,-0.43871,-0.29872
12039,-0.034978,-0.0031473,0.11443,0.12548,0.90761,-0.28898,-0.27631
12040,-0.0093186,0.021863,0.12418,0.13002,1.2224,-0.097666,-0.22207
12041,0.015692,0.042001,0.11346,0.11378,1.3656,0.069285,-0.15386
12042,0.03518,0.048497,0.083901,0.086175,1.3029,0.15763,-0.096042
12043,0.044924,0.040702,0.041676,0.054019,1.0612,0.15244,-0.061937
12044,0.041676,0.021538,0.003024,0.024137,0.70428,0.074482,-0.052518
12045,0.031932,-0.0054209,-0.023285,0.0043233,0.30412,-0.043423,-0.058689
12046,0.016016,-0.03173,-0.034654,-0.0024977,-0.073955,-0.16133,-0.065835
12047,-0.0080194,-0.058365,-0.036278,-0.0073698,-0.3822,-0.25195,-0.063237
12048,-0.030756,-0.080451,-0.034978,-0.013541,-0.60242,-0.31042,-0.047321
12049,-0.044073,-0.094093,-0.034004,-0.022961,-0.73884,-0.36011,-0.030106
12050,-0.050244,-0.097666,-0.036278,-0.032705,-0.80964,-0.42735,-0.028482
12051,-0.053817,-0.088572,-0.040175,-0.043099,-0.83465,-0.52511,-0.053817
12052,-0.059664,-0.067134,-0.040825,-0.053817,-0.81874,-0.64464,-0.10319
12053,-0.064861,-0.039851,-0.038551,-0.064211,-0.75378,-0.74728,-0.15613
12054,-0.06616,-0.013541,-0.03173,-0.06551,-0.62223,-0.77651,-0.19219
12055,-0.064861,0.0095202,-0.021661,-0.054792,-0.40981,-0.68557,-0.19413
12056,-0.057715,0.026085,-0.0083442,-0.032055,-0.11358,-0.4647,-0.15516
12057,-0.04862,0.035505,0.0069217,-0.0028225,0.24728,-0.14476,-0.08305
12058,-0.038227,0.038428,0.021213,0.027709,0.61496,0.2122,0.011794
12059,-0.026533,0.033231,0.032582,0.050771,0.90274,0.54091,0.11313
12060,-0.015165,0.020239,0.037129,0.065062,1.0327,0.80043,0.20668
12061,-0.0021729,0.0059473,0.037454,0.071234,0.96965,0.96543,0.28106
12062,0.017316,-0.00087364,0.036804,0.070259,0.74586,1.0314,0.32816
12063,0.046548,0.0043233,0.038103,0.067336,0.45061,1.0106,0.35252
12064,0.079679,0.01894,0.0433,0.062139,0.18816,0.9349,0.36421
12065,0.11508,0.039402,0.051096,0.059541,0.047523,0.84817,0.37038
12066,0.14659,0.067661,0.062464,0.070259,0.071883,0.78711,0.37948
12067,0.17095,0.10274,0.07773,0.10501,0.23299,0.75983,0.39637
12068,0.18687,0.13944,0.096569,0.1651,0.44411,0.75365,0.42138
12069,0.19239,0.16543,0.11736,0.23071,0.61074,0.74261,0.45061
12070,0.19076,0.17095,0.13392,0.27879,0.67603,0.70104,0.47107
12071,0.18232,0.15893,0.14042,0.29113,0.65264,0.60099,0.46133
12072,0.16283,0.13652,0.13555,0.25605,0.59125,0.43274,0.40546
12073,0.13684,0.11086,0.12613,0.18134,0.53149,0.21935,0.30639
12074,0.10371,0.088448,0.11151,0.081627,0.48504,0.0052977,0.18329
12075,0.063438,0.073832,0.091047,-0.034329,0.43762,-0.16847,0.06084
12076,0.01894,0.070259,0.065062,-0.15905,0.36876,-0.27599,-0.044723
12077,-0.02361,0.077405,0.038103,-0.27241,0.27489,-0.30294,-0.11878
12078,-0.056091,0.086824,0.014068,-0.33737,0.16185,-0.24773,-0.15548
12079,-0.072006,0.088124,-0.0011985,-0.31334,0.037454,-0.13177,-0.15613
12080,-0.068434,0.070259,-0.010943,-0.17367,-0.098316,-0.0073698,-0.13372
12081,-0.052518,0.033231,-0.017439,0.050771,-0.24415,0.070259,-0.10286
12082,-0.031081,-0.012892,-0.021986,0.28463,-0.38967,0.071234,-0.070058
12083,-0.010293,-0.051219,-0.027183,0.45353,-0.51309,0.0056225,-0.035953
12084,0.0026992,-0.075904,-0.034978,0.51849,-0.59267,-0.092145,0.0017248
12085,0.0052977,-0.090196,-0.041475,0.48179,-0.61638,-0.18212,0.037778
12086,0.0020496,-0.097341,-0.043748,0.37785,-0.5956,-0.23961,0.069934
12087,-0.00022403,-0.095068,-0.045047,0.24955,-0.55564,-0.26397,0.093321
12088,0.0039985,-0.082725,-0.046022,0.131,-0.52414,-0.27079,0.098517
12089,0.0069217,-0.060963,-0.04862,0.040702,-0.52349,-0.27241,0.081952
12090,-0.00054884,-0.038551,-0.051219,-0.014191,-0.56604,-0.28216,0.05207
12091,-0.019063,-0.025559,-0.048296,-0.034004,-0.64821,-0.2971,0.016991
12092,-0.044723,-0.024585,-0.033679,-0.034329,-0.74826,-0.31139,-0.013216
12093,-0.068109,-0.027508,-0.010293,-0.027833,-0.8444,-0.31821,-0.034004
12094,-0.082725,-0.028482,0.013418,-0.028157,-0.91845,-0.31139,-0.044398
12095,-0.085648,-0.023285,0.028034,-0.038876,-0.96555,-0.29223,-0.047646
12096,-0.075904,-0.012242,0.030633,-0.052843,-0.98309,-0.26689,-0.047321
12097,-0.058365,-0.0044465,0.023162,-0.060963,-0.97042,-0.24318,-0.044398
12098,-0.039526,-0.0076946,0.010819,-0.061937,-0.93307,-0.23441,-0.045047
12099,-0.026858,-0.02426,-0.0034721,-0.057065,-0.88792,-0.24513,-0.047646
12100,-0.017764,-0.044073,-0.016464,-0.050569,-0.85187,-0.26657,-0.050894
12101,-0.0083442,-0.055441,-0.023935,-0.048296,-0.83465,-0.27891,-0.051868
12102,0.00075039,-0.052518,-0.026533,-0.054792,-0.81971,-0.26884,-0.04992
12103,0.0049729,-0.034978,-0.023285,-0.063886,-0.78528,-0.23051,-0.050244
12104,0.00010078,-0.0096434,-0.017439,-0.070707,-0.70668,-0.17172,-0.056741
12105,-0.010943,0.015692,-0.0099683,-0.079477,-0.57513,-0.10059,-0.068758
12106,-0.020687,0.03583,-0.00087364,-0.093444,-0.40201,-0.021661,-0.083375
12107,-0.028157,0.045899,0.0026992,-0.10709,-0.21752,0.061489,-0.097341
12108,-0.029782,0.047523,0.0010752,-0.11456,-0.058365,0.14724,-0.10026
12109,-0.02361,0.042326,-0.0041217,-0.11293,0.053044,0.22552,-0.0824
12110,-0.013866,0.032582,-0.0063954,-0.10676,0.11476,0.28723,-0.047971
12111,-0.0018481,0.024786,-0.0057458,-0.10416,0.14659,0.31744,-0.0063954
12112,0.0085458,0.025111,-0.0018481,-0.11261,0.17062,0.30997,0.030308
12113,0.013743,0.033881,0.00042559,-0.1321,0.19823,0.26774,0.062464
12114,0.015367,0.048172,0.0039985,-0.15581,0.23721,0.19823,0.091696
12115,0.013418,0.057267,0.0069217,-0.1753,0.28008,0.11281,0.11573
12116,0.0075714,0.049472,0.0091954,-0.18471,0.31322,0.02641,0.13132
12117,-0.0011985,0.020888,0.011794,-0.18212,0.32621,-0.047321,0.13717
12118,-0.0076946,-0.018738,0.01829,-0.1714,0.32393,-0.093119,0.13847
12119,-0.0083442,-0.054467,0.032582,-0.16068,0.34082,-0.095717,0.13944
12120,-0.0028225,-0.072006,0.054019,-0.14801,0.41585,-0.054792,0.14237
12121,0.0075714,-0.063886,0.074806,-0.12105,0.56592,0.019589,0.14659
12122,0.01894,-0.030431,0.086824,-0.07428,0.7634,0.12743,0.15244
12123,0.02706,0.015692,0.082927,-0.0050961,0.94789,0.26352,0.16088
12124,0.030633,0.055318,0.065062,0.07773,1.0616,0.40676,0.1729
12125,0.029009,0.075456,0.036154,0.15081,1.0674,0.53343,0.18557
12126,0.024137,0.073507,0.0059473,0.19044,0.96608,0.62633,0.18849
12127,0.017316,0.05207,-0.017439,0.18784,0.79068,0.66043,0.16868
12128,0.009845,0.023162,-0.030431,0.15341,0.58703,0.61041,0.11638
12129,-0.00054884,-0.0024977,-0.035628,0.10956,0.39019,0.4649,0.03583
12130,-0.010943,-0.020037,-0.032705,0.078704,0.22032,0.24306,-0.059989
12131,-0.020687,-0.027508,-0.022961,0.075131,0.07773,-0.013216,-0.14736
12132,-0.026209,-0.020362,-0.0073698,0.10047,-0.050569,-0.25617,-0.19933
12133,-0.020687,0.00010078,0.010819,0.14691,-0.17887,-0.45528,-0.20323
12134,-0.0018481,0.029658,0.028359,0.19953,-0.31691,-0.59202,-0.1636
12135,0.029009,0.06019,0.042651,0.24176,-0.4543,-0.65861,-0.098316
12136,0.067986,0.088773,0.051745,0.26742,-0.55564,-0.66088,-0.027833
12137,0.10469,0.10794,0.055643,0.27067,-0.58975,-0.62126,0.020239
12138,0.13035,0.11313,0.050771,0.25507,-0.55337,-0.57676,0.030957
12139,0.13555,0.10566,0.037129,0.22389,-0.4634,-0.56896,-0.013866
12140,0.11606,0.088124,0.020564,0.18557,-0.3442,-0.6271,-0.11618
12141,0.080328,0.065712,0.0078962,0.15698,-0.21362,-0.75085,-0.25455
12142,0.039727,0.045574,0.00075039,0.14334,-0.061613,-0.89637,-0.38382
12143,0.0033489,0.031932,-0.0028225,0.13717,0.11963,-1.0032,-0.46307
12144,-0.019388,0.029983,-0.0063954,0.1258,0.32004,-1.0182,-0.47055
12145,-0.022311,0.041027,-0.010618,0.092346,0.5003,-0.91196,-0.40558
12146,-0.0028225,0.062464,-0.018088,0.033556,0.60944,-0.69824,-0.29645
12147,0.034855,0.087149,-0.02426,-0.039526,0.62081,-0.42767,-0.17594
12148,0.074806,0.10924,-0.030431,-0.10644,0.53896,-0.16653,-0.071682
12149,0.10274,0.11671,-0.036927,-0.14671,0.39279,0.036804,0.0046481
12150,0.11086,0.10404,-0.045372,-0.15386,0.2135,0.1625,0.046873
12151,0.10079,0.075131,-0.051219,-0.13502,0.02706,0.22194,0.059541
12152,0.080978,0.041676,-0.043748,-0.10319,-0.14574,0.23851,0.059216
12153,0.061165,0.016016,-0.02361,-0.06616,-0.27858,0.23624,0.062139
12154,0.044924,0.0078962,0.0020496,-0.034654,-0.35914,0.23396,0.076431
12155,0.033881,0.011794,0.024137,-0.013541,-0.38382,0.24695,0.095594
12156,0.025111,0.021863,0.037778,-0.0031473,-0.36401,0.28073,0.10696
12157,0.015042,0.030308,0.041027,-0.0015233,-0.31626,0.32231,0.10339
12158,-0.00087364,0.032906,0.029658,-0.0099683,-0.26072,0.35641,0.082602
12159,-0.019063,0.028034,0.0088706,-0.029132,-0.212,0.37201,0.053369
12160,-0.028482,0.020239,-0.013216,-0.050894,-0.16458,0.37688,0.028684
12161,-0.029782,0.015367,-0.025884,-0.066485,-0.095717,0.38727,0.01764
12162,-0.026533,0.016991,-0.026533,-0.072331,0.0075714,0.41326,0.01764
12163,-0.020687,0.024461,-0.018088,-0.069733,0.13165,0.44963,0.020564
12164,-0.013541,0.031282,-0.0073698,-0.060638,0.23624,0.47822,0.015042
12165,-0.011592,0.032257,-0.0044465,-0.051219,0.29697,0.48829,-0.0031473
12166,-0.01614,0.023162,-0.0099683,-0.044073,0.31094,0.48439,-0.026533
12167,-0.017114,0.008221,-0.018738,-0.037577,0.29178,0.47757,-0.044398
12168,-0.0099683,-0.0067202,-0.022961,-0.029132,0.26255,0.47205,-0.046347
12169,0.0059473,-0.011267,-0.018088,-0.017114,0.24306,0.4727,-0.029457
12170,0.02706,-0.0031473,-0.0044465,0.0023744,0.23331,0.48471,0.0039985
12171,0.049147,0.014392,0.013093,0.029658,0.22129,0.51297,0.049147
12172,0.067336,0.030308,0.030957,0.063438,0.20311,0.55325,0.090722
12173,0.078055,0.040052,0.045574,0.092346,0.18427,0.58995,0.11606
12174,0.080003,0.047198,0.058566,0.10177,0.1651,0.60359,0.12158
12175,0.079354,0.053369,0.071558,0.09462,0.13847,0.58346,0.11833
12176,0.084876,0.062139,0.082602,0.082602,0.10079,0.53214,0.11833
12177,0.099817,0.080978,0.09462,0.078055,0.062139,0.44769,0.1284
12178,0.11931,0.11248,0.10826,0.080978,0.030957,0.32686,0.15114
12179,0.13814,0.15179,0.12093,0.084876,0.0075714,0.1755,0.1755
12180,0.14984,0.19011,0.13035,0.083576,-0.011917,0.0049729,0.19011
12181,0.14919,0.2135,0.1258,0.073832,-0.035953,-0.1688,0.18622
12182,0.13457,0.2135,0.10371,0.050771,-0.072331,-0.3312,0.15991
12183,0.11118,0.18524,0.066686,0.025761,-0.1256,-0.46632,0.11411
12184,0.083901,0.13652,0.021863,0.012768,-0.18407,-0.55759,0.053694
12185,0.053369,0.080978,-0.01484,0.01829,-0.22856,-0.5943,-0.0089938
12186,0.01829,0.029658,-0.026858,0.037778,-0.24318,-0.57643,-0.06681
12187,-0.014191,-0.007045,-0.0067202,0.066037,-0.20778,-0.52479,-0.11456
12188,-0.032705,-0.02361,0.03453,0.096569,-0.10481,-0.4621,-0.14411
12189,-0.037577,-0.021012,0.077405,0.1258,0.047523,-0.40266,-0.14899
12190,-0.03238,-0.010943,0.10339,0.14074,0.20083,-0.34549,-0.1321
12191,-0.031081,-0.011267,0.10794,0.13749,0.31159,-0.28768,-0.095393
12192,-0.038551,-0.033354,0.091696,0.11995,0.37168,-0.21979,-0.045372
12193,-0.047321,-0.078178,0.062789,0.097218,0.41066,-0.12755,0.014392
12194,-0.047971,-0.12982,0.033881,0.074482,0.4636,-0.0015233,0.080328
12195,-0.036278,-0.16523,0.012119,0.055318,0.53473,0.15016,0.14594
12196,-0.01549,-0.17075,0.0026992,0.046548,0.59775,0.30055,0.20051
12197,0.013743,-0.14639,0.008221,0.04395,0.61399,0.4191,0.23656
12198,0.048172,-0.10156,0.023812,0.047847,0.56559,0.48666,0.2554
12199,0.078704,-0.051868,0.040377,0.05142,0.4675,0.5055,0.26092
12200,0.097218,-0.0083442,0.054668,0.049796,0.34927,0.47887,0.25637
12201,0.10696,0.029009,0.063438,0.042001,0.23754,0.40708,0.24663
12202,0.11086,0.061489,0.06961,0.024137,0.14107,0.29405,0.23169
12203,0.10989,0.087149,0.072858,0.0014,0.053694,0.1625,0.21415
12204,0.10566,0.098517,0.071883,-0.019388,-0.033354,0.041676,0.19369
12205,0.095919,0.094945,0.062789,-0.029457,-0.12852,-0.051544,0.1716
12206,0.075781,0.075456,0.048822,-0.021986,-0.23409,-0.11651,0.14626
12207,0.044924,0.05207,0.03518,0.0078962,-0.33607,-0.15386,0.11768
12208,0.0085458,0.03518,0.024137,0.051745,-0.40916,-0.16523,0.094945
12209,-0.022636,0.029333,0.019914,0.096893,-0.44424,-0.15256,0.080003
12210,-0.034978,0.032906,0.019264,0.13197,-0.46372,-0.12398,0.067336
12211,-0.028157,0.041027,0.021538,0.14854,-0.49426,-0.095068,0.047198
12212,-0.0054209,0.050446,0.021538,0.14529,-0.53908,-0.076879,0.013418
12213,0.028034,0.061489,0.023487,0.1271,-0.5891,-0.070707,-0.03238
12214,0.067336,0.07773,0.028359,0.095594,-0.64464,-0.070382,-0.081101
12215,0.10404,0.097218,0.03453,0.039402,-0.71448,-0.06551,-0.11813
12216,0.13392,0.11671,0.032906,-0.043423,-0.8051,-0.058689,-0.13729
12217,0.14789,0.13425,0.016991,-0.13502,-0.90806,-0.077528,-0.13729
12218,0.1336,0.14821,-0.0099683,-0.2081,-0.99608,-0.14931,-0.13047
12219,0.080653,0.15568,-0.036927,-0.23668,-1.0364,-0.27599,-0.13372
12220,-0.00022403,0.14984,-0.04927,-0.20193,-1.0101,-0.43287,-0.15646
12221,-0.086948,0.12385,-0.042774,-0.11098,-0.92073,-0.57318,-0.19024
12222,-0.15321,0.080328,-0.022961,0.0078962,-0.78723,-0.65374,-0.21655
12223,-0.18309,0.023162,-0.0024977,0.11541,-0.61086,-0.66381,-0.22499
12224,-0.17692,-0.038227,0.010495,0.17777,-0.37798,-0.6245,-0.21622
12225,-0.14444,-0.094743,0.012443,0.18459,-0.089546,-0.56669,-0.19966
12226,-0.10416,-0.14087,0.0010752,0.13587,0.23006,-0.51569,-0.18212
12227,-0.06551,-0.16523,-0.020687,0.042001,0.54935,-0.45918,-0.16003
12228,-0.032055,-0.16393,-0.046996,-0.061613,0.8511,-0.36563,-0.13275
12229,-0.0021729,-0.13697,-0.067459,-0.13729,1.134,-0.20713,-0.095717
12230,0.027709,-0.088896,-0.069083,-0.15743,1.4085,0.026735,-0.048296
12231,0.061489,-0.028157,-0.047971,-0.11618,1.6849,0.33628,0.016016
12232,0.098517,0.037454,-0.011267,-0.025559,1.946,0.70916,0.098842
12233,0.1336,0.10209,0.033881,0.0852,2.1351,1.1148,0.19369
12234,0.15991,0.15666,0.073832,0.18167,2.1792,1.4988,0.28431
12235,0.1703,0.19011,0.099492,0.23851,2.0282,1.7921,0.35154
12236,0.16965,0.19921,0.10664,0.24955,1.6748,1.9369,0.38954
12237,0.16088,0.19044,0.098517,0.22454,1.172,1.898,0.39994
12238,0.14984,0.17192,0.081627,0.17225,0.626,1.6859,0.38013
12239,0.13717,0.14561,0.062464,0.10534,0.15244,1.3494,0.32913
12240,0.12385,0.11118,0.039402,0.035505,-0.17205,0.96413,0.25735
12241,0.10274,0.066686,0.015692,-0.022636,-0.33835,0.61399,0.18492
12242,0.066362,0.013418,-0.0060706,-0.05804,-0.377,0.35771,0.12158
12243,0.013743,-0.045697,-0.022961,-0.071682,-0.34127,0.20993,0.071883
12244,-0.043748,-0.10124,-0.03173,-0.066485,-0.27696,0.13652,0.038103
12245,-0.090845,-0.14152,-0.03238,-0.047321,-0.21167,0.084876,0.021863
12246,-0.1191,-0.161,-0.030756,-0.017764,-0.15256,0.015692,0.018615
12247,-0.1295,-0.15905,-0.029457,0.019914,-0.10156,-0.07493,0.017316
12248,-0.1256,-0.13015,-0.025234,0.059541,-0.052518,-0.1675,0.014717
12249,-0.10871,-0.075579,-0.013866,0.10177,-0.0034721,-0.24286,0.016341
12250,-0.074605,-0.0037969,0.0049729,0.13717,0.025111,-0.28898,0.02641
12251,-0.022311,0.070909,0.025111,0.15828,0.0026992,-0.30165,0.047523
12252,0.044924,0.13717,0.042651,0.16121,-0.076229,-0.28833,0.080003
12253,0.11508,0.18589,0.055643,0.14756,-0.18731,-0.26657,0.11541
12254,0.16933,0.21025,0.064413,0.12288,-0.2945,-0.24838,0.13879
12255,0.19693,0.20798,0.06831,0.08585,-0.36921,-0.23409,0.14561
12256,0.19271,0.17907,0.069285,0.042975,-0.39909,-0.212,0.13749
12257,0.16185,0.12353,0.072208,0.0078962,-0.39227,-0.17887,0.11638
12258,0.11054,0.0433,0.074806,-0.0080194,-0.37408,-0.14704,0.082927
12259,0.043625,-0.047321,0.073182,-0.0047713,-0.36336,-0.13275,0.037778
12260,-0.028157,-0.12495,0.063763,0.011469,-0.35816,-0.15158,-0.011917
12261,-0.096367,-0.1701,0.049796,0.029983,-0.34809,-0.20648,-0.061613
12262,-0.15418,-0.17887,0.032582,0.042326,-0.33867,-0.28995,-0.10384
12263,-0.20323,-0.16588,0.016341,0.043625,-0.34452,-0.39844,-0.13437
12264,-0.24253,-0.14866,-0.00054884,0.030308,-0.3757,-0.53811,-0.14899
12265,-0.26819,-0.13242,-0.01484,0.015367,-0.42117,-0.70116,-0.14704
12266,-0.27534,-0.11163,-0.024585,0.0095202,-0.45398,-0.85349,-0.12365
12267,-0.25617,-0.084674,-0.024585,0.019589,-0.44131,-0.94282,-0.076229
12268,-0.21005,-0.056091,-0.010943,0.042651,-0.37408,-0.9191,-0.012892
12269,-0.14379,-0.028807,0.013093,0.06961,-0.26527,-0.76709,0.055643
12270,-0.069408,-0.0018481,0.037129,0.084551,-0.13762,-0.52414,0.11346
12271,-0.0018481,0.025761,0.050121,0.081303,-0.031406,-0.26397,0.14886
12272,0.050446,0.053369,0.051745,0.059541,0.012119,-0.051868,0.16121
12273,0.079354,0.07773,0.048497,0.03518,-0.025884,0.083901,0.15633
12274,0.089098,0.098193,0.048172,0.027385,-0.11975,0.14334,0.14464
12275,0.0852,0.11866,0.054344,0.040702,-0.21752,0.14432,0.12775
12276,0.076431,0.13749,0.066037,0.068635,-0.28443,0.11151,0.10371
12277,0.063763,0.14821,0.07708,0.090072,-0.31594,0.069285,0.067986
12278,0.049796,0.14561,0.081303,0.085525,-0.32795,0.041027,0.021538
12279,0.039402,0.12937,0.075131,0.053369,-0.34225,0.048497,-0.021986
12280,0.037129,0.10501,0.062464,0.012443,-0.3744,0.10079,-0.050569
12281,0.042975,0.076431,0.050121,-0.0067202,-0.43222,0.18524,-0.057715
12282,0.054019,0.048172,0.042975,0.0085458,-0.51309,0.26807,-0.045047
12283,0.064737,0.026085,0.039727,0.046873,-0.60047,0.30802,-0.027508
12284,0.071234,0.013093,0.036804,0.084551,-0.6664,0.27586,-0.016789
12285,0.071234,0.0085458,0.032257,0.10209,-0.69434,0.15893,-0.025559
12286,0.062789,0.0056225,0.024786,0.092346,-0.68687,-0.028807,-0.057065
12287,0.049147,0.0020496,0.013743,0.064413,-0.65634,-0.24708,-0.10286
12288,0.03518,-0.0015233,-0.0050961,0.029658,-0.59852,-0.45138,-0.15126
12289,0.023487,-0.0041217,-0.029457,-0.0011985,-0.47996,-0.60307,-0.19316
12290,0.017316,-0.00054884,-0.052518,-0.026858,-0.27241,-0.67647,-0.23084
12291,0.016991,0.012119,-0.068434,-0.042449,0.016341,-0.66186,-0.26169
12292,0.019914,0.034855,-0.073955,-0.046671,0.32978,-0.56961,-0.2867
12293,0.020564,0.064413,-0.06681,-0.044398,0.58378,-0.44359,-0.30067
12294,0.013743,0.092996,-0.052518,-0.046671,0.72864,-0.33478,-0.29645
12295,0.0023744,0.11151,-0.038876,-0.05804,0.7673,-0.27956,-0.27501
12296,-0.011917,0.11216,-0.032055,-0.075579,0.73969,-0.28703,-0.24221
12297,-0.024909,0.095594,-0.034978,-0.092469,0.69421,-0.33153,-0.20225
12298,-0.032705,0.067986,-0.046671,-0.10254,0.66173,-0.36888,-0.15873
12299,-0.039851,0.03583,-0.061613,-0.10644,0.65102,-0.36076,-0.12073
12300,-0.048296,-0.00022403,-0.076879,-0.10774,0.64549,-0.29515,-0.095068
12301,-0.056741,-0.036602,-0.090521,-0.10676,0.61788,-0.18959,-0.086623
12302,-0.059989,-0.071682,-0.09929,-0.10709,0.53993,-0.073955,-0.096367
12303,-0.055441,-0.09994,-0.097991,-0.10676,0.39896,0.021863,-0.11845
12304,-0.042449,-0.11033,-0.079802,-0.097666,0.21025,0.082277,-0.13599
12305,-0.019063,-0.09182,-0.043748,-0.065186,0.014392,0.11671,-0.1256
12306,0.011469,-0.042124,0.0062721,-0.0021729,-0.14769,0.15179,-0.078503
12307,0.042975,0.02641,0.058566,0.081303,-0.25877,0.21188,-0.0044465
12308,0.067661,0.097543,0.10339,0.16478,-0.32536,0.29373,0.074157
12309,0.081627,0.15633,0.13067,0.22519,-0.36271,0.35804,0.13587
12310,0.087149,0.19434,0.13652,0.24598,-0.39162,0.36129,0.1755
12311,0.091047,0.20408,0.1206,0.21902,-0.42572,0.27716,0.19271
12312,0.095594,0.18069,0.087474,0.15503,-0.46015,0.11216,0.19141
12313,0.095594,0.12807,0.045574,0.073832,-0.46145,-0.089546,0.17387
12314,0.082277,0.06084,0.0065969,-0.0028225,-0.38285,-0.26819,0.14334
12315,0.057267,-0.0044465,-0.017114,-0.057065,-0.19478,-0.36758,0.10696
12316,0.030633,-0.052193,-0.021661,-0.08305,0.073182,-0.36596,0.076755
12317,0.010819,-0.072981,-0.010293,-0.087272,0.3379,-0.28573,0.056292
12318,0.0046481,-0.065835,0.0088706,-0.07493,0.50225,-0.18017,0.038753
12319,0.0072465,-0.037577,0.025111,-0.041475,0.50972,-0.10189,0.015692
12320,0.011469,-0.0034721,0.032906,0.0039985,0.36616,-0.080451,-0.01484
12321,0.01017,0.025761,0.028684,0.042975,0.1297,-0.10838,-0.044073
12322,0.0039985,0.042651,0.017316,0.05272,-0.12657,-0.15386,-0.058365
12323,-0.0024977,0.048497,0.0075714,0.026735,-0.3403,-0.18244,-0.050569
12324,-0.0021729,0.049796,0.0014,-0.01484,-0.47347,-0.17692,-0.022311
12325,0.0091954,0.053044,-0.0024977,-0.048296,-0.49978,-0.13989,0.017965
12326,0.032582,0.058566,-0.007045,-0.053168,-0.41111,-0.084674,0.062789
12327,0.063438,0.062464,-0.01614,-0.033354,-0.23376,-0.02361,0.10761
12328,0.09462,0.062464,-0.027833,-0.0015233,-0.021012,0.028684,0.14594
12329,0.11703,0.057592,-0.034978,0.020239,0.17517,0.065062,0.16965
12330,0.12093,0.04395,-0.03303,0.016341,0.32491,0.084226,0.1703
12331,0.10177,0.019264,-0.025559,-0.010943,0.4165,0.098517,0.14951
12332,0.065387,-0.019063,-0.018088,-0.04862,0.43015,0.11248,0.11378
12333,0.026085,-0.063561,-0.013541,-0.080776,0.34992,0.10144,0.073182
12334,-0.0031473,-0.10416,-0.008669,-0.097991,0.19076,0.03583,0.037454
12335,-0.012242,-0.1256,-0.0054209,-0.097017,-0.0076946,-0.084024,0.012119
12336,-0.0063954,-0.11943,-0.0024977,-0.078178,-0.19056,-0.21785,-0.0054209
12337,0.00010078,-0.092469,0.00010078,-0.048945,-0.29547,-0.31106,-0.022961
12338,-0.0083442,-0.059664,0.0017248,-0.02426,-0.28476,-0.32081,-0.04992
12339,-0.03238,-0.033679,0.0020496,-0.017439,-0.16912,-0.2435,-0.087922
12340,-0.061937,-0.01614,0.00010078,-0.032705,0.003024,-0.10514,-0.13567
12341,-0.086623,-0.0050961,-0.0047713,-0.056741,0.1755,0.044275,-0.18374
12342,-0.096692,-0.0011985,-0.012892,-0.076229,0.30315,0.15958,-0.21785
12343,-0.0824,-0.0060706,-0.020037,-0.082076,0.37655,0.23169,-0.21525
12344,-0.043099,-0.013866,-0.023935,-0.068434,0.43145,0.2921,-0.15905
12345,0.013093,-0.01614,-0.019063,-0.030431,0.51719,0.39767,-0.048296
12346,0.075131,-0.010943,0.00075039,0.03453,0.67797,0.60847,0.095269
12347,0.13425,0.0039985,0.034855,0.11248,0.91996,0.96868,0.24825
12348,0.18232,0.027709,0.071883,0.17777,1.2129,1.4679,0.38857
12349,0.21415,0.056292,0.099817,0.21545,1.5101,2.0032,0.50388
12350,0.22779,0.083251,0.11476,0.22422,1.7505,2.4196,0.58573
12351,0.22747,0.10404,0.11703,0.21837,1.8625,2.5898,0.6351
12352,0.22227,0.11866,0.11573,0.21837,1.7898,2.4501,0.65719
12353,0.21772,0.13002,0.11606,0.23559,1.5215,2.0282,0.65589
12354,0.21707,0.13847,0.12353,0.26839,1.1093,1.4348,0.63445
12355,0.21675,0.13944,0.13587,0.30152,0.64809,0.81115,0.59125
12356,0.21285,0.13327,0.14626,0.31646,0.23624,0.27976,0.52142
12357,0.19953,0.12515,0.14789,0.30477,-0.061937,-0.094093,0.41813
12358,0.17322,0.1232,0.14009,0.26742,-0.23928,-0.32568,0.28171
12359,0.1362,0.131,0.1258,0.20635,-0.3351,-0.47802,0.12678
12360,0.093321,0.14432,0.10566,0.13002,-0.39064,-0.60242,-0.020362
12361,0.05207,0.15146,0.083576,0.055643,-0.42507,-0.72584,-0.13177
12362,0.022188,0.14561,0.062139,0.0059473,-0.43514,-0.8418,-0.19933
12363,0.0036737,0.1271,0.046873,-0.0080194,-0.40428,-0.93242,-0.24123
12364,-0.0099683,0.10112,0.042001,0.014068,-0.32178,-0.99349,-0.2919
12365,-0.02361,0.071558,0.047847,0.063763,-0.19251,-1.0243,-0.36498
12366,-0.04115,0.047523,0.057592,0.12093,-0.042774,-1.0331,-0.44618
12367,-0.060638,0.032582,0.062464,0.16218,0.073832,-1.0318,-0.51082
12368,-0.077203,0.022837,0.055643,0.1638,0.099817,-1.024,-0.53486
12369,-0.085648,0.012119,0.032906,0.11671,0.008221,-1.0071,-0.5092
12370,-0.087272,-0.0057458,-0.0024977,0.041027,-0.17172,-0.96003,-0.43839
12371,-0.089546,-0.03238,-0.036278,-0.029457,-0.38155,-0.87363,-0.3416
12372,-0.098316,-0.062912,-0.054792,-0.077203,-0.56571,-0.7502,-0.25162
12373,-0.11391,-0.089546,-0.050894,-0.098965,-0.68524,-0.60567,-0.19413
12374,-0.13307,-0.10676,-0.030106,-0.10221,-0.72812,-0.44716,-0.17887
12375,-0.15516,-0.10903,-0.0063954,-0.10741,-0.71318,-0.27728,-0.18991
12376,-0.17237,-0.097991,0.0026992,-0.13177,-0.68427,-0.10416,-0.20908
12377,-0.18244,-0.081426,-0.008669,-0.1714,-0.68297,0.050446,-0.22726
12378,-0.17984,-0.065835,-0.036278,-0.21037,-0.73072,0.15926,-0.23474
12379,-0.1636,-0.053817,-0.068109,-0.23409,-0.82556,0.20668,-0.22337
12380,-0.13762,-0.043748,-0.09117,-0.23993,-0.9334,0.20083,-0.19511
12381,-0.10774,-0.03238,-0.10156,-0.22954,-1.0139,0.16933,-0.15288
12382,-0.079802,-0.019712,-0.098965,-0.20615,-1.0243,0.15146,-0.096692
12383,-0.053817,-0.0060706,-0.089221,-0.17497,-0.95418,0.17225,-0.032055
12384,-0.029132,0.0091954,-0.075904,-0.13762,-0.83725,0.22552,0.034206
12385,-0.0024977,0.026085,-0.059339,-0.096042,-0.72357,0.26774,0.094945
12386,0.026735,0.050121,-0.040825,-0.054792,-0.64464,0.25085,0.14854
12387,0.056617,0.079354,-0.01549,-0.018088,-0.5943,0.15633,0.19466
12388,0.084876,0.10534,0.01764,0.010819,-0.53193,0.003024,0.23331
12389,0.10631,0.11801,0.048172,0.032257,-0.43124,-0.16815,0.2567
12390,0.11703,0.11183,0.066037,0.041676,-0.31366,-0.32341,0.25702
12391,0.11541,0.089098,0.065712,0.03583,-0.23538,-0.43092,0.23364
12392,0.10306,0.060515,0.048497,0.014392,-0.25,-0.46567,0.19434
12393,0.089098,0.037778,0.024461,-0.0076946,-0.36693,-0.42475,0.15244
12394,0.07708,0.025436,0.0039985,-0.018413,-0.54623,-0.33023,0.12028
12395,0.071234,0.025111,-0.0044465,-0.0093186,-0.71155,-0.20225,0.10014
12396,0.071234,0.033556,-0.0031473,0.01829,-0.8012,-0.047646,0.091696
12397,0.076431,0.046223,0.003024,0.054668,-0.78269,0.14009,0.099167
12398,0.083576,0.058566,0.01017,0.087799,-0.66705,0.36486,0.12125
12399,0.0865,0.063113,0.019589,0.11476,-0.48841,0.60424,0.15146
12400,0.075456,0.057592,0.029009,0.13555,-0.29937,0.81634,0.17842
12401,0.051096,0.044924,0.033881,0.15114,-0.16945,0.95439,0.19434
12402,0.021863,0.033556,0.03453,0.16575,-0.15256,0.98784,0.20148
12403,0.0026992,0.031282,0.035505,0.18037,-0.2474,0.91931,0.2135
12404,0.0014,0.043625,0.042651,0.19369,-0.38837,0.78321,0.24176
12405,0.01764,0.064088,0.055318,0.20213,-0.46113,0.63932,0.28528
12406,0.048497,0.087149,0.071883,0.20538,-0.36661,0.53084,0.33173
12407,0.082277,0.10534,0.085525,0.20505,-0.089871,0.46652,0.36031
12408,0.10859,0.11346,0.092671,0.19693,0.29827,0.42885,0.35544
12409,0.12255,0.10891,0.091372,0.18134,0.68902,0.40351,0.31679
12410,0.12613,0.092346,0.080003,0.16283,0.99499,0.40254,0.26157
12411,0.1245,0.072208,0.066362,0.14561,1.1928,0.44574,0.21512
12412,0.12353,0.062139,0.059865,0.13814,1.3152,0.53279,0.19369
12413,0.12678,0.069934,0.066686,0.14237,1.3961,0.626,0.19856
12414,0.13327,0.097543,0.083901,0.15146,1.4377,0.66855,0.21382
12415,0.14074,0.13457,0.099817,0.15276,1.4198,0.62763,0.22032
12416,0.14886,0.16445,0.10501,0.14107,1.3191,0.5055,0.20765
12417,0.15406,0.1729,0.097218,0.11508,1.1347,0.32978,0.17712
12418,0.15179,0.15536,0.084226,0.084551,0.89462,0.14107,0.13944
12419,0.14172,0.11573,0.072208,0.06084,0.65719,-0.019712,0.10501
12420,0.12028,0.062139,0.063438,0.047198,0.47237,-0.12657,0.080653
12421,0.083576,0.0072465,0.053369,0.038753,0.35154,-0.18829,0.058241
12422,0.03583,-0.040175,0.040052,0.026085,0.27586,-0.23571,0.023162
12423,-0.01549,-0.073631,0.024786,0.0010752,0.21188,-0.29612,-0.028807
12424,-0.062912,-0.089546,0.013093,-0.034004,0.13555,-0.3718,-0.090845
12425,-0.10384,-0.089546,0.0072465,-0.068434,0.043625,-0.44034,-0.14281
12426,-0.13502,-0.076229,0.0095202,-0.092145,-0.054792,-0.47282,-0.1688
12427,-0.15158,-0.054142,0.013743,-0.098316,-0.13957,-0.45853,-0.1623
12428,-0.15516,-0.03303,0.012119,-0.089871,-0.19836,-0.40721,-0.1295
12429,-0.14866,-0.028157,0.0010752,-0.079477,-0.22239,-0.339,-0.090196
12430,-0.13437,-0.048296,-0.017114,-0.074605,-0.20843,-0.27404,-0.063886
12431,-0.11715,-0.084674,-0.038227,-0.077203,-0.15158,-0.21395,-0.05739
12432,-0.09994,-0.12073,-0.054467,-0.084674,-0.059014,-0.15158,-0.068434
12433,-0.084024,-0.14444,-0.060963,-0.089871,0.050121,-0.08305,-0.086298
12434,-0.069083,-0.14964,-0.051868,-0.094093,0.14886,-0.021337,-0.097341
12435,-0.053492,-0.13177,-0.027183,-0.092469,0.20733,0.018615,-0.093119
12436,-0.036927,-0.093769,0.0043233,-0.086623,0.21188,0.025436,-0.072331
12437,-0.017439,-0.040825,0.032582,-0.079477,0.17452,-0.0024977,-0.047646
12438,0.0036737,0.012768,0.047847,-0.076879,0.1245,-0.05804,-0.034329
12439,0.027385,0.050121,0.046873,-0.079152,0.095594,-0.13275,-0.0405
12440,0.049147,0.06019,0.030957,-0.080451,0.10631,-0.2107,-0.06616
12441,0.063438,0.0433,0.0052977,-0.076554,0.14432,-0.26722,-0.097666
12442,0.063438,0.01017,-0.020687,-0.067784,0.16933,-0.28573,-0.123
12443,0.042001,-0.02426,-0.037252,-0.05804,0.14367,-0.27046,-0.13469
12444,0.0059473,-0.046347,-0.039851,-0.050569,0.061165,-0.2448,-0.14022
12445,-0.03303,-0.04927,-0.035303,-0.04992,-0.04115,-0.23344,-0.14639
12446,-0.063237,-0.033679,-0.030431,-0.053817,-0.10838,-0.23701,-0.15126
12447,-0.072981,-0.0057458,-0.023285,-0.050569,-0.092145,-0.23474,-0.15029
12448,-0.059989,0.028034,-0.013866,-0.039526,0.019914,-0.20453,-0.13924
12449,-0.032055,0.06084,-0.007045,-0.026533,0.19141,-0.14574,-0.11748
12450,-0.0015233,0.087799,-0.0044465,-0.015815,0.35317,-0.071032,-0.086623
12451,0.028684,0.10729,-0.0044465,0.003024,0.44736,0.0072465,-0.053168
12452,0.057917,0.11898,-0.0041217,0.028684,0.45158,0.078055,-0.020362
12453,0.081627,0.12125,-0.0037969,0.049796,0.3863,0.1258,0.0072465
12454,0.096569,0.11833,0.00042559,0.059216,0.29145,0.13652,0.025436
12455,0.09462,0.11411,0.010495,0.056942,0.20668,0.10436,0.031282
12456,0.07773,0.11151,0.023812,0.045899,0.15438,0.037778,0.026085
12457,0.05207,0.10891,0.03453,0.036804,0.12678,-0.043748,0.011144
12458,0.031282,0.098193,0.038428,0.036479,0.10664,-0.12105,-0.0083442
12459,0.017965,0.06961,0.029983,0.042326,0.076431,-0.18407,-0.024909
12460,0.010819,0.023812,0.011144,0.049147,0.029333,-0.23538,-0.034004
12461,0.0056225,-0.03173,-0.0099683,0.052395,-0.033354,-0.28411,-0.030756
12462,-0.0021729,-0.085648,-0.026533,0.055318,-0.10384,-0.33153,-0.015815
12463,-0.011917,-0.1269,-0.034329,0.061814,-0.16977,-0.37733,0.0033489
12464,-0.022636,-0.14931,-0.034004,0.070259,-0.22499,-0.415,0.024461
12465,-0.029457,-0.15191,-0.028157,0.07708,-0.26559,-0.44099,0.0433
12466,-0.034004,-0.13502,-0.019388,0.078379,-0.2893,-0.44911,0.05272
12467,-0.035628,-0.10384,-0.0096434,0.073182,-0.30652,-0.43319,0.05207
12468,-0.034654,-0.064536,0.00010078,0.066686,-0.32211,-0.39811,0.041676
12469,-0.034329,-0.026533,0.0059473,0.06961,-0.339,-0.34972,0.023812
12470,-0.032705,0.0062721,0.0085458,0.086175,-0.35134,-0.30165,0.00042559
12471,-0.031406,0.032257,0.0052977,0.10469,-0.34777,-0.26007,-0.023935
12472,-0.03173,0.051745,-0.0011985,0.11411,-0.32503,-0.21687,-0.043423
12473,-0.035953,0.063763,-0.010943,0.10956,-0.28995,-0.16198,-0.057715
12474,-0.042774,0.065387,-0.020037,0.091372,-0.25747,-0.089871,-0.064211
12475,-0.043423,0.056292,-0.028482,0.070259,-0.24448,-0.0034721,-0.063886
12476,-0.036602,0.042651,-0.031406,0.058241,-0.26397,0.087474,-0.057715
12477,-0.019712,0.037129,-0.029457,0.059216,-0.31042,0.16868,-0.04862
12478,0.0069217,0.047523,-0.022961,0.06831,-0.36238,0.23039,-0.032705
12479,0.039402,0.067661,-0.012892,0.07773,-0.38837,0.26969,-0.0099683
12480,0.068635,0.089423,-0.00054884,0.080328,-0.36628,0.2921,0.016991
12481,0.087799,0.10664,0.014068,0.080653,-0.29515,0.29535,0.041027
12482,0.091372,0.10956,0.029983,0.080003,-0.19738,0.27651,0.055643
12483,0.078704,0.095269,0.045574,0.0852,-0.10124,0.23526,0.057267
12484,0.05272,0.066686,0.059541,0.089748,-0.028482,0.1716,0.046548
12485,0.024461,0.044599,0.067336,0.081303,0.011469,0.093321,0.029983
12486,0.0091954,0.048822,0.065387,0.067011,0.031607,0.016991,0.016016
12487,0.020564,0.084551,0.055968,0.059865,0.073182,-0.03303,0.0095202
12488,0.058891,0.13652,0.042975,0.06084,0.16868,-0.044398,0.009845
12489,0.10859,0.18524,0.030633,0.064088,0.31679,-0.022961,0.0078962
12490,0.14789,0.21317,0.024786,0.061814,0.47302,0.013418,-0.00087364
12491,0.16056,0.21058,0.025436,0.053044,0.58865,0.048172,-0.012242
12492,0.14854,0.18459,0.033881,0.042001,0.64744,0.073507,-0.020362
12493,0.12548,0.15341,0.049472,0.033881,0.65849,0.092346,-0.018738
12494,0.10306,0.12872,0.071558,0.029983,0.63153,0.10859,-0.0073698
12495,0.08585,0.10924,0.093321,0.028359,0.56819,0.12905,0.0088706
12496,0.06831,0.080978,0.10794,0.025761,0.46717,0.16218,0.030308
12497,0.047847,0.041027,0.11411,0.014717,0.34115,0.21837,0.054993
12498,0.023812,-0.0054209,0.10599,-0.007045,0.21415,0.2921,0.081627
12499,-0.0018481,-0.050244,0.082927,-0.039851,0.10274,0.36486,0.10566
12500,-0.027183,-0.087272,0.05272,-0.075904,0.0078962,0.41196,0.1245
12501,-0.052843,-0.11358,0.027385,-0.097017,-0.07493,0.41456,0.13295
12502,-0.073955,-0.1295,0.011469,-0.082076,-0.15353,0.37006,0.12775
12503,-0.084674,-0.13762,0.0017248,-0.021986,-0.22532,0.28756,0.11443
12504,-0.086623,-0.13632,-0.0041217,0.071558,-0.27371,0.17874,0.10047
12505,-0.081101,-0.12592,-0.0018481,0.17615,-0.27923,0.056942,0.0865
12506,-0.069408,-0.10676,0.011794,0.26319,-0.24513,-0.062262,0.074482
12507,-0.054467,-0.080451,0.033881,0.30639,-0.19316,-0.15873,0.067986
12508,-0.037577,-0.04927,0.060515,0.30055,-0.14671,-0.21622,0.062464
12509,-0.022961,-0.016464,0.085525,0.25637,-0.11488,-0.2172,0.053044
12510,-0.012567,0.010819,0.099492,0.19499,-0.090845,-0.15841,0.038103
12511,-0.0060706,0.023162,0.096893,0.13879,-0.068758,-0.060963,0.019264
12512,0.0014,0.023487,0.082277,0.097868,-0.057715,0.035505,-0.0015233
12513,0.011144,0.013743,0.059865,0.067336,-0.072006,0.088448,-0.023285
12514,0.01894,0.0014,0.038753,0.040702,-0.11618,0.066362,-0.043423
12515,0.021863,-0.0067202,0.019914,0.014717,-0.17594,-0.028482,-0.063886
12516,0.022512,-0.0034721,0.0088706,-0.0099683,-0.23441,-0.16165,-0.086948
12517,0.024461,0.013093,0.0039985,-0.030431,-0.27891,-0.28638,-0.11098
12518,0.029658,0.032906,0.003024,-0.046022,-0.30717,-0.37505,-0.12982
12519,0.036154,0.046873,0.00075039,-0.058365,-0.32731,-0.415,-0.13924
12520,0.042001,0.05207,-0.0031473,-0.068109,-0.339,-0.40656,-0.13502
12521,0.050121,0.056617,-0.0080194,-0.072981,-0.33737,-0.35524,-0.11521
12522,0.062464,0.061814,-0.008669,-0.069408,-0.31074,-0.26949,-0.08305
12523,0.076106,0.063113,-0.0031473,-0.058365,-0.25033,-0.16685,-0.042124
12524,0.086175,0.060515,0.0033489,-0.045047,-0.15841,-0.06681,0.00042559
12525,0.09397,0.061489,0.0059473,-0.035628,-0.052843,0.014068,0.037778
12526,0.097218,0.072858,0.008221,-0.026858,0.037129,0.061814,0.062464
12527,0.10079,0.091696,0.014068,-0.0096434,0.092021,0.065712,0.067661
12528,0.10501,0.11086,0.029658,0.015692,0.11248,0.020564,0.049472
12529,0.10534,0.11995,0.046223,0.041351,0.11151,-0.060313,0.013418
12530,0.099492,0.11671,0.058891,0.059541,0.10177,-0.14704,-0.027833
12531,0.084551,0.10664,0.063438,0.062139,0.080328,-0.21102,-0.063237
12532,0.062789,0.092021,0.058241,0.044599,0.036154,-0.24058,-0.081101
12533,0.039402,0.080328,0.042975,0.013093,-0.031406,-0.23474,-0.080776
12534,0.022837,0.078379,0.025436,-0.021986,-0.11391,-0.20615,-0.065186
12535,0.019589,0.091696,0.011144,-0.050569,-0.19478,-0.1727,-0.042124
12536,0.028034,0.11898,0.0062721,-0.063886,-0.24773,-0.14639,-0.021337
12537,0.046873,0.15146,0.013743,-0.062262,-0.24708,-0.12787,-0.010618
12538,0.069934,0.17452,0.030633,-0.046996,-0.18342,-0.11423,-0.0057458
12539,0.090397,0.1729,0.044924,-0.032705,-0.075904,-0.10644,0.0020496
12540,0.10274,0.14042,0.048822,-0.026533,0.032582,-0.11163,0.017965
12541,0.10339,0.085525,0.039078,-0.033354,0.10371,-0.1308,0.040377
12542,0.092346,0.026085,0.016341,-0.04927,0.12645,-0.15223,0.061814
12543,0.075131,-0.023935,-0.0096434,-0.068109,0.131,-0.15451,0.080978
12544,0.052395,-0.052843,-0.032705,-0.084349,0.1625,-0.1191,0.099167
12545,0.028034,-0.054467,-0.046671,-0.092469,0.2619,-0.042124,0.11443
12546,0.011144,-0.035303,-0.04992,-0.087597,0.42982,0.067661,0.1271
12547,0.0036737,-0.010943,-0.043748,-0.072656,0.62178,0.19563,0.13425
12548,0.0014,0.0043233,-0.030431,-0.047646,0.77704,0.32686,0.13684
12549,-0.00022403,0.012768,-0.013541,-0.010293,0.86409,0.44931,0.13587
12550,-0.0099683,0.014717,0.003024,0.033231,0.88845,0.56364,0.13132
12551,-0.030106,0.0049729,0.012768,0.061489,0.86571,0.67115,0.1206
12552,-0.060638,-0.019388,0.011144,0.05207,0.80335,0.77054,0.10112
12553,-0.093444,-0.051868,-0.0024977,-0.00054884,0.70883,0.86539,0.078704
12554,-0.11715,-0.078178,-0.025884,-0.071682,0.58898,0.93944,0.064413
12555,-0.1256,-0.089221,-0.054467,-0.13599,0.44671,0.95731,0.062789
12556,-0.11813,-0.080776,-0.082725,-0.17952,0.28723,0.8852,0.066362
12557,-0.097991,-0.05739,-0.10156,-0.19738,0.11768,0.71435,0.074482
12558,-0.069408,-0.023285,-0.10449,-0.18894,-0.053817,0.47075,0.080978
12559,-0.038876,0.012443,-0.092794,-0.15776,-0.22402,0.20408,0.0865
12560,-0.012567,0.042651,-0.072656,-0.10514,-0.38869,-0.027508,0.095919
12561,0.0062721,0.061165,-0.042774,-0.038551,-0.54525,-0.17562,0.11508
12562,0.01894,0.070259,-0.0076946,0.026735,-0.68752,-0.20713,0.14529
12563,0.031282,0.080978,0.029009,0.079354,-0.81322,-0.1295,0.18492
12564,0.042001,0.10047,0.068635,0.11443,-0.9256,0.0072465,0.22779
12565,0.054668,0.12905,0.11183,0.13327,-1.0305,0.13944,0.26644
12566,0.071883,0.15958,0.15698,0.14042,-1.125,0.22812,0.29503
12567,0.10047,0.18329,0.19596,0.13002,-1.1858,0.26709,0.31224
12568,0.1349,0.19239,0.21805,0.089423,-1.1965,0.26157,0.31322
12569,0.16315,0.1768,0.2161,0.023487,-1.1588,0.21935,0.28593
12570,0.17452,0.13749,0.18816,-0.041475,-1.0861,0.13912,0.22682
12571,0.16088,0.084876,0.14496,-0.060313,-0.99089,0.019914,0.13847
12572,0.12093,0.033231,0.096569,0.0088706,-0.85707,-0.14346,0.027385
12573,0.060515,-0.0041217,0.054344,0.18102,-0.64009,-0.33413,-0.097341
12574,-0.0018481,-0.019063,0.028684,0.41845,-0.29255,-0.50335,-0.21037
12575,-0.047646,-0.010943,0.023162,0.65004,0.20213,-0.57838,-0.28378
12576,-0.064861,0.0091954,0.03518,0.79653,0.7962,-0.50303,-0.29515
12577,-0.050244,0.027385,0.054993,0.80302,1.3682,-0.27956,-0.23344
12578,-0.012892,0.036479,0.065387,0.66368,1.7771,0.021863,-0.11878
12579,0.03583,0.038753,0.058241,0.43502,1.9431,0.30542,0.009845
12580,0.081952,0.035505,0.037454,0.20603,1.8817,0.50193,0.12158
12581,0.11313,0.029333,0.018615,0.047198,1.6816,0.5984,0.19791
12582,0.1232,0.01829,0.011469,-0.019388,1.4413,0.626,0.23266
12583,0.11183,0.00010078,0.015692,-0.012567,1.2198,0.62211,0.23396
12584,0.086175,-0.024909,0.028359,0.023812,1.0262,0.60587,0.2148
12585,0.054668,-0.04992,0.042001,0.051745,0.83713,0.56949,0.18881
12586,0.024786,-0.067784,0.051096,0.056617,0.62893,0.50095,0.1651
12587,0.00075039,-0.075255,0.053044,0.045249,0.40384,0.39669,0.14561
12588,-0.013866,-0.069408,0.047847,0.03518,0.19044,0.25702,0.12645
12589,-0.015815,-0.055441,0.040377,0.036154,0.023812,0.086824,0.10761
12590,-0.0076946,-0.040825,0.034206,0.047198,-0.086298,-0.093769,0.08585
12591,0.0033489,-0.030756,0.03453,0.057267,-0.15581,-0.26234,0.059541
12592,0.013418,-0.027833,0.040377,0.062464,-0.2107,-0.40006,0.020888
12593,0.020239,-0.030756,0.04395,0.061489,-0.26754,-0.50627,-0.029457
12594,0.020888,-0.034004,0.040052,0.056617,-0.33445,-0.57578,-0.080451
12595,0.020239,-0.039201,0.028034,0.050446,-0.39292,-0.59397,-0.11618
12596,0.021863,-0.043423,0.013093,0.0433,-0.40591,-0.53843,-0.11975
12597,0.023162,-0.046347,0.00010078,0.029009,-0.35004,-0.38707,-0.086623
12598,0.020564,-0.04992,-0.007045,-0.0067202,-0.2448,-0.14996,-0.033354
12599,0.016341,-0.050569,-0.014191,-0.068434,-0.14931,0.14432,0.019589
12600,0.012443,-0.043423,-0.021661,-0.13827,-0.12787,0.4649,0.054344
12601,0.014068,-0.021012,-0.026858,-0.18894,-0.19348,0.78061,0.063438
12602,0.023812,0.014068,-0.028482,-0.20096,-0.30457,1.0483,0.052395
12603,0.039078,0.054668,-0.025234,-0.17659,-0.39876,1.225,0.038103
12604,0.053369,0.088773,-0.016789,-0.12495,-0.44294,1.2925,0.035505
12605,0.064088,0.10794,-0.0093186,-0.066485,-0.43677,1.2568,0.050121
12606,0.067986,0.11118,-0.0093186,-0.021661,-0.40688,1.133,0.074157
12607,0.065062,0.10144,-0.018738,0.00042559,-0.38122,0.93717,0.099817
12608,0.06019,0.083251,-0.03303,0.0046481,-0.37473,0.67765,0.11963
12609,0.055643,0.060515,-0.041799,0.0059473,-0.3848,0.36681,0.12807
12610,0.05272,0.038428,-0.039851,0.014717,-0.41046,0.024461,0.1232
12611,0.048172,0.019914,-0.029457,0.032906,-0.46113,-0.32211,0.10306
12612,0.041676,0.01017,-0.017764,0.049796,-0.54103,-0.64432,0.06961
12613,0.033881,0.0088706,-0.0099683,0.06084,-0.61638,-0.91391,0.029333
12614,0.019914,0.015692,-0.0067202,0.06019,-0.6375,-1.0994,-0.019712
12615,-0.0018481,0.022837,-0.008669,0.049147,-0.56929,-1.1919,-0.084349
12616,-0.028482,0.023487,-0.013216,0.025761,-0.4241,-1.2127,-0.1701
12617,-0.057715,0.013418,-0.017439,-0.011267,-0.24026,-1.1952,-0.27274
12618,-0.087597,-0.0024977,-0.021986,-0.058689,-0.06616,-1.1734,-0.37668
12619,-0.11456,-0.015165,-0.028157,-0.10481,0.058566,-1.1725,-0.4647
12620,-0.13307,-0.021661,-0.035628,-0.14152,0.10469,-1.1958,-0.52479
12621,-0.13989,-0.022311,-0.044398,-0.16458,0.073182,-1.2277,-0.54817
12622,-0.14087,-0.019712,-0.051868,-0.17789,0.0046481,-1.241,-0.53486
12623,-0.13632,-0.018413,-0.057715,-0.18764,-0.03303,-1.2134,-0.49685
12624,-0.12527,-0.020362,-0.063561,-0.19608,0.022188,-1.1335,-0.44943
12625,-0.10676,-0.020362,-0.067134,-0.19738,0.18849,-1.0068,-0.40428
12626,-0.081751,-0.010943,-0.065835,-0.18894,0.40903,-0.85154,-0.36531
12627,-0.057715,0.0062721,-0.061937,-0.17237,0.58833,-0.69109,-0.32601
12628,-0.036927,0.028359,-0.059339,-0.14801,0.65102,-0.53356,-0.27923
12629,-0.022636,0.047523,-0.057065,-0.12105,0.56624,-0.3835,-0.22174
12630,-0.019712,0.058891,-0.056741,-0.09117,0.34927,-0.24058,-0.16003
12631,-0.03238,0.059216,-0.057715,-0.060963,0.058891,-0.10774,-0.10286
12632,-0.054792,0.049472,-0.059339,-0.03173,-0.22694,0.011144,-0.063237
12633,-0.071682,0.032582,-0.059339,-0.0076946,-0.44683,0.10729,-0.045372
12634,-0.073955,0.017316,-0.057065,0.013743,-0.56279,0.17062,-0.043748
12635,-0.057715,0.010495,-0.050894,0.037129,-0.56669,0.19271,-0.04115
12636,-0.026209,0.016991,-0.039201,0.065387,-0.48094,0.18622,-0.021661
12637,0.015042,0.034206,-0.022311,0.091696,-0.33543,0.17485,0.019264
12638,0.054344,0.055968,-0.00087364,0.11606,-0.15386,0.18232,0.067011
12639,0.084226,0.072208,0.023162,0.13555,0.047847,0.21805,0.10631
12640,0.096893,0.080653,0.041676,0.14204,0.26287,0.27391,0.12937
12641,0.091696,0.079354,0.047523,0.11768,0.47464,0.32231,0.13522
12642,0.076755,0.071558,0.039078,0.056942,0.65037,0.33887,0.13165
12643,0.061814,0.062789,0.022837,-0.02361,0.75041,0.31906,0.13002
12644,0.05207,0.056292,0.0072465,-0.10286,0.75463,0.27326,0.13425
12645,0.047847,0.053044,0.00010078,-0.15613,0.66661,0.21025,0.14107
12646,0.05142,0.053369,0.003024,-0.1688,0.51232,0.13165,0.14821
12647,0.058241,0.056292,0.016341,-0.14281,0.32816,0.037129,0.15438
12648,0.066686,0.06019,0.03453,-0.088572,0.15049,-0.069733,0.15731
12649,0.074157,0.061165,0.051745,-0.021986,0.016341,-0.18471,0.15666
12650,0.07773,0.061165,0.067661,0.04395,-0.055441,-0.29937,0.15406
12651,0.078704,0.065712,0.0852,0.099817,-0.068758,-0.40104,0.15861
12652,0.080978,0.076755,0.10371,0.14009,-0.045372,-0.47704,0.17257
12653,0.084876,0.088124,0.11866,0.1677,-0.012242,-0.51537,0.19369
12654,0.091372,0.095919,0.12548,0.18784,0.0046481,-0.50595,0.22162
12655,0.097218,0.094295,0.12353,0.20181,-0.0041217,-0.44391,0.25378
12656,0.099167,0.083251,0.11573,0.20603,-0.036602,-0.3312,0.28398
12657,0.097218,0.063113,0.10306,0.19563,-0.083375,-0.17302,0.30802
12658,0.095269,0.040377,0.088773,0.17355,-0.1295,0.031282,0.32296
12659,0.09397,0.022512,0.076106,0.14269,-0.15613,0.28658,0.33335
12660,0.092671,0.015367,0.067336,0.10729,-0.15353,0.58475,0.34277
12661,0.093321,0.01764,0.06084,0.073182,-0.11845,0.8904,0.35057
12662,0.092021,0.02706,0.056292,0.043625,-0.055116,1.1535,0.34894
12663,0.086175,0.03518,0.050446,0.021863,0.015367,1.3318,0.32621
12664,0.069934,0.036804,0.04395,0.0072465,0.059541,1.4029,0.27456
12665,0.042651,0.028034,0.037454,-0.0060706,0.048172,1.3623,0.19661
12666,0.010819,0.008221,0.031607,-0.020037,-0.026209,1.2262,0.10209
12667,-0.021986,-0.018413,0.022512,-0.033679,-0.14996,1.0307,0.0088706
12668,-0.047646,-0.042774,0.015042,-0.040825,-0.29645,0.82251,-0.06551
12669,-0.063886,-0.058689,0.011144,-0.039526,-0.44683,0.6364,-0.10936
12670,-0.071682,-0.065186,0.0095202,-0.034329,-0.58423,0.48276,-0.11878
12671,-0.072331,-0.064536,0.011144,-0.027183,-0.70181,0.34992,-0.093444
12672,-0.065835,-0.059664,0.014392,-0.017439,-0.80802,0.22097,-0.045372
12673,-0.051219,-0.051544,0.020239,-0.0044465,-0.90741,0.082927,0.0059473
12674,-0.03238,-0.040175,0.029009,0.012119,-0.99836,-0.062587,0.046873
12675,-0.012892,-0.021986,0.041027,0.029658,-1.0679,-0.20713,0.070584
12676,0.0056225,-0.00022403,0.054019,0.048822,-1.1029,-0.33835,0.081952
12677,0.020564,0.023487,0.066686,0.06831,-1.0929,-0.44489,0.090397
12678,0.032257,0.0433,0.077405,0.082277,-1.0367,-0.51797,0.10339
12679,0.041676,0.054668,0.084226,0.086824,-0.94866,-0.56117,0.11703
12680,0.047523,0.053369,0.084226,0.082277,-0.83563,-0.57741,0.12028
12681,0.049472,0.04395,0.082602,0.06961,-0.6781,-0.56831,0.10989
12682,0.053044,0.039078,0.081627,0.051096,-0.45073,-0.52739,0.092671
12683,0.062789,0.047198,0.079029,0.03518,-0.14509,-0.44326,0.081627
12684,0.079679,0.067011,0.072533,0.031607,0.22552,-0.31561,0.079029
12685,0.098193,0.086824,0.063113,0.038753,0.61561,-0.15678,0.0852
12686,0.11248,0.098193,0.050121,0.048822,0.97485,0.020564,0.097868
12687,0.11898,0.097868,0.038103,0.054993,1.2678,0.207,0.11638
12688,0.11411,0.090397,0.026735,0.054344,1.4851,0.39182,0.13587
12689,0.098193,0.079679,0.018615,0.048822,1.6475,0.5578,0.15114
12690,0.076431,0.071558,0.013418,0.038753,1.7778,0.68804,0.15568
12691,0.055968,0.066362,0.008221,0.025111,1.8798,0.77054,0.14724
12692,0.039727,0.061814,0.0017248,0.0062721,1.9389,0.79555,0.12418
12693,0.025436,0.054668,-0.0060706,-0.015165,1.9324,0.75723,0.07773
12694,0.0085458,0.042651,-0.017114,-0.036602,1.8359,0.65264,0.0033489
12695,-0.016789,0.024137,-0.034329,-0.058365,1.6436,0.47822,-0.098641
12696,-0.049595,0.0010752,-0.051868,-0.075255,1.3711,0.24695,-0.21102
12697,-0.076229,-0.022636,-0.068109,-0.084349,1.0531,-0.0083442,-0.30782
12698,-0.088572,-0.041475,-0.079152,-0.082725,0.73352,-0.24968,-0.36173
12699,-0.084674,-0.051544,-0.085324,-0.072331,0.44898,-0.45073,-0.36758
12700,-0.071357,-0.052518,-0.088572,-0.058365,0.21252,-0.60404,-0.34062
12701,-0.054792,-0.046347,-0.085324,-0.045697,0.017316,-0.70571,-0.30652
12702,-0.040175,-0.038876,-0.073306,-0.034978,-0.14119,-0.74306,-0.2893
12703,-0.026533,-0.028482,-0.049595,-0.020362,-0.2591,-0.70116,-0.28833
12704,-0.0089938,-0.013866,-0.017764,0.0088706,-0.32795,-0.58098,-0.28118
12705,0.014068,0.0046481,0.016991,0.057267,-0.33932,-0.38902,-0.24091
12706,0.042975,0.027385,0.046548,0.12223,-0.27793,-0.14444,-0.161
12707,0.074806,0.055643,0.065712,0.18589,-0.15581,0.12872,-0.056416
12708,0.10306,0.089098,0.074157,0.22877,-0.018413,0.39994,0.042001
12709,0.11801,0.12125,0.076106,0.24046,0.07708,0.63672,0.11508
12710,0.11768,0.14529,0.076755,0.22779,0.099817,0.81569,0.15698
12711,0.10794,0.15406,0.078379,0.20343,0.054344,0.91476,0.1755
12712,0.09397,0.14464,0.076106,0.1781,-0.035628,0.91671,0.1768
12713,0.076755,0.11833,0.067011,0.16023,-0.13534,0.82316,0.16543
12714,0.058566,0.083251,0.051745,0.14984,-0.19673,0.66596,0.14432
12715,0.042651,0.047523,0.036804,0.14626,-0.17205,0.49056,0.12353
12716,0.03583,0.01829,0.024786,0.14951,-0.046996,0.33368,0.11346
12717,0.039402,0.00042559,0.022512,0.15861,0.12613,0.20863,0.11801
12718,0.051096,-0.0050961,0.02706,0.16575,0.25378,0.10631,0.13067
12719,0.066037,-0.0018481,0.032906,0.169,0.26384,0.013743,0.14237
12720,0.080653,0.0052977,0.035505,0.16283,0.14886,-0.07493,0.15146
12721,0.089748,0.0062721,0.037454,0.14724,-0.046347,-0.16198,0.15601
12722,0.092021,-0.0015233,0.038753,0.12385,-0.25455,-0.23961,0.15568
12723,0.088773,-0.014516,0.039078,0.096569,-0.42247,-0.2906,0.15373
12724,0.084226,-0.023935,0.036804,0.06961,-0.52511,-0.30879,0.14984
12725,0.080653,-0.025234,0.029658,0.047198,-0.57416,-0.31529,0.14107
12726,0.069934,-0.01484,0.01764,0.029009,-0.59884,-0.3403,0.12515
12727,0.048822,0.0056225,0.0039985,0.015367,-0.61866,-0.39422,0.10306
12728,0.019914,0.03453,-0.0054209,0.0049729,-0.62905,-0.45658,0.081627
12729,-0.011267,0.067986,-0.0076946,-0.0044465,-0.60502,-0.49166,0.059216
12730,-0.038227,0.096569,-0.0024977,-0.010293,-0.53128,-0.47022,0.03518
12731,-0.050569,0.11346,0.011469,-0.011592,-0.41403,-0.38837,0.0085458
12732,-0.041475,0.11703,0.030957,-0.0076946,-0.28086,-0.26462,-0.013541
12733,-0.013216,0.11183,0.054344,-0.0093186,-0.17757,-0.1178,-0.027183
12734,0.023812,0.097868,0.074806,-0.021661,-0.14184,0.030633,-0.029782
12735,0.063438,0.081952,0.087474,-0.0405,-0.1727,0.1716,-0.020037
12736,0.09462,0.070584,0.087799,-0.056416,-0.23116,0.30087,-0.0015233
12737,0.10306,0.063763,0.075131,-0.066485,-0.27176,0.4191,0.015042
12738,0.081952,0.050771,0.051745,-0.075579,-0.26559,0.52434,0.023162
12739,0.035505,0.022837,0.023487,-0.090196,-0.21752,0.61009,0.021863
12740,-0.022311,-0.021337,-0.0034721,-0.10709,-0.15223,0.6757,0.017316
12741,-0.070707,-0.071682,-0.023285,-0.12365,-0.097341,0.7202,0.022188
12742,-0.094093,-0.11748,-0.033679,-0.13242,-0.071032,0.73449,0.042001
12743,-0.09117,-0.14996,-0.038876,-0.12592,-0.079477,0.70104,0.071558
12744,-0.073631,-0.16782,-0.042449,-0.098641,-0.11423,0.60457,0.096569
12745,-0.052518,-0.17205,-0.043423,-0.044073,-0.16295,0.43989,0.10306
12746,-0.035303,-0.16782,-0.039526,0.038103,-0.21525,0.23494,0.089098
12747,-0.027833,-0.1649,-0.034004,0.13652,-0.26169,0.029009,0.060515
12748,-0.036278,-0.16555,-0.031081,0.21935,-0.29158,-0.15061,0.023162
12749,-0.060638,-0.16003,-0.033679,0.25865,-0.30359,-0.30522,-0.019388
12750,-0.09117,-0.14249,-0.035953,0.24533,-0.29482,-0.44424,-0.062912
12751,-0.10774,-0.10644,-0.029132,0.18881,-0.27111,-0.57091,-0.096367
12752,-0.10709,-0.051219,-0.010943,0.10989,-0.23344,-0.68037,-0.11066
12753,-0.088247,0.017965,0.015042,0.035505,-0.17594,-0.76644,-0.10611
12754,-0.056091,0.092671,0.043625,-0.0050961,-0.095717,-0.82816,-0.090196
12755,-0.016789,0.16023,0.063763,-0.0047713,0.0062721,-0.86843,-0.072981
12756,0.026085,0.20408,0.06831,0.030633,0.12255,-0.90059,-0.064536
12757,0.064737,0.20668,0.058891,0.089748,0.24046,-0.93599,-0.076879
12758,0.08585,0.16575,0.044599,0.15406,0.32751,-0.98439,-0.12105
12759,0.079679,0.10047,0.033881,0.18297,0.33465,-1.0451,-0.19608
12760,0.044275,0.037129,0.021538,0.13555,0.22617,-1.102,-0.2893
12761,-0.013866,-0.0031473,0.003024,0.0095202,0.010819,-1.126,-0.37862
12762,-0.078827,-0.013216,-0.019063,-0.14736,-0.24838,-1.0887,-0.44099
12763,-0.12885,-0.0047713,-0.033354,-0.27501,-0.46665,-0.97465,-0.45625
12764,-0.15386,0.0059473,-0.030756,-0.32925,-0.57611,-0.7921,-0.4189
12765,-0.15288,0.0059473,-0.013216,-0.30229,-0.55467,-0.56474,-0.33607
12766,-0.12722,-0.0093186,0.014717,-0.22044,-0.43319,-0.32113,-0.22272
12767,-0.082725,-0.037577,0.042651,-0.12495,-0.28378,-0.089871,-0.098316
12768,-0.023935,-0.070058,0.053044,-0.052843,-0.18796,0.096893,0.014717
12769,0.041027,-0.096367,0.039078,-0.018088,-0.20225,0.21252,0.095594
12770,0.096569,-0.11261,0.0085458,-0.01549,-0.32958,0.24858,0.13587
12771,0.12905,-0.11488,-0.021986,-0.024585,-0.5066,0.22714,0.14821
12772,0.1349,-0.09929,-0.0405,-0.038876,-0.62743,0.20051,0.14951
12773,0.11768,-0.06551,-0.043099,-0.062262,-0.60534,0.21545,0.15893
12774,0.0865,-0.021012,-0.034004,-0.090845,-0.41695,0.28008,0.17874
12775,0.056942,0.023162,-0.017439,-0.11748,-0.12105,0.35706,0.2044
12776,0.037778,0.058566,0.0043233,-0.1308,0.1755,0.38045,0.21707
12777,0.030633,0.084226,0.027709,-0.1282,0.3746,0.30055,0.20278
12778,0.032257,0.10047,0.050446,-0.10968,0.44866,0.11638,0.16218
12779,0.041676,0.11151,0.067336,-0.086623,0.43632,-0.11456,0.11443
12780,0.057917,0.12255,0.073182,-0.064211,0.41358,-0.31204,0.083576
12781,0.079354,0.13132,0.071558,-0.033679,0.44379,-0.4163,0.085525
12782,0.097543,0.13555,0.066037,0.013743,0.53896,-0.40916,0.11183
12783,0.10469,0.13425,0.054993,0.084226,0.66271,-0.32633,0.13912
12784,0.095919,0.1284,0.042975,0.17517,0.74423,-0.22661,0.15081
12785,0.075131,0.12385,0.038753,0.27814,0.7241,-0.15256,0.14074
12786,0.054668,0.1206,0.04395,0.37428,0.5932,-0.11131,0.11541
12787,0.044599,0.11703,0.054019,0.44411,0.40676,-0.062262,0.087474
12788,0.048497,0.11508,0.063763,0.47854,0.24988,0.060515,0.067986
12789,0.061489,0.11768,0.071558,0.47659,0.18394,0.31646,0.067336
12790,0.07708,0.12288,0.079354,0.44606,0.22227,0.71695,0.093321
12791,0.092671,0.12743,0.081952,0.39572,0.32718,1.1941,0.14009
12792,0.10534,0.12937,0.076755,0.33173,0.43437,1.6215,0.18816
12793,0.10956,0.12483,0.061814,0.25345,0.48699,1.8681,0.21188
12794,0.10274,0.10924,0.03453,0.1625,0.4636,1.8642,0.19466
12795,0.087149,0.087474,0.0010752,0.070259,0.37655,1.631,0.14626
12796,0.074482,0.070909,-0.025559,-0.008669,0.2515,1.249,0.094295
12797,0.071234,0.074157,-0.031081,-0.055116,0.12028,0.81862,0.064737
12798,0.082277,0.10501,-0.0067202,-0.058365,0.012443,0.4243,0.067986
12799,0.10306,0.15796,0.042651,-0.021337,-0.04992,0.11313,0.10242
12800,0.11703,0.2096,0.097218,0.034855,-0.055116,-0.10124,0.15536
12801,0.11118,0.23234,0.1362,0.082602,-0.0047713,-0.22629,0.2057
12802,0.085525,0.2148,0.14432,0.10956,0.080978,-0.2867,0.23591
12803,0.050121,0.15796,0.12223,0.10956,0.1638,-0.30489,0.23364
12804,0.012768,0.081303,0.080328,0.08585,0.21123,-0.29385,0.18849
12805,-0.014516,0.0033489,0.034206,0.045899,0.21935,-0.26592,0.10404
12806,-0.028157,-0.056416,-0.0034721,-0.00054884,0.20505,-0.23376,0.0026992
12807,-0.026858,-0.085973,-0.024585,-0.042124,0.19661,-0.20485,-0.079477
12808,-0.017764,-0.086623,-0.033679,-0.071682,0.20928,-0.18569,-0.11553
12809,-0.0067202,-0.067459,-0.038227,-0.088896,0.23494,-0.19446,-0.11228
12810,-0.0011985,-0.039526,-0.048296,-0.098965,0.2554,-0.2539,-0.096692
12811,-0.0050961,-0.010293,-0.067459,-0.11033,0.2606,-0.35654,-0.093444
12812,-0.018413,0.013743,-0.09182,-0.12463,0.25735,-0.47444,-0.10936
12813,-0.03303,0.026735,-0.11033,-0.13794,0.2476,-0.57253,-0.13437
12814,-0.046996,0.02706,-0.11293,-0.14379,0.22357,-0.62548,-0.15711
12815,-0.059664,0.017965,-0.097991,-0.13762,0.17745,-0.61703,-0.16718
12816,-0.067134,0.0046481,-0.07493,-0.11131,0.11541,-0.54623,-0.15223
12817,-0.06551,-0.0047713,-0.050569,-0.07428,0.046873,-0.43222,-0.11748
12818,-0.059989,-0.0093186,-0.035953,-0.045047,-0.036927,-0.31626,-0.087597
12819,-0.060638,-0.011267,-0.033354,-0.042774,-0.15483,-0.24415,-0.088247
12820,-0.072656,-0.011592,-0.041475,-0.076554,-0.30944,-0.23863,-0.13632
12821,-0.093119,-0.0099683,-0.055116,-0.13112,-0.46892,-0.29353,-0.22402
12822,-0.11456,-0.0041217,-0.065186,-0.17887,-0.58975,-0.37603,-0.32438
12823,-0.12527,0.010819,-0.060638,-0.18764,-0.62905,-0.44943,-0.40266
12824,-0.1178,0.041027,-0.036927,-0.14931,-0.55564,-0.48191,-0.43319
12825,-0.089221,0.080978,0.0056225,-0.075579,-0.36693,-0.46567,-0.40331
12826,-0.04115,0.11931,0.054019,0.0065969,-0.11423,-0.41695,-0.32211
12827,0.016341,0.14951,0.097543,0.076431,0.11183,-0.35654,-0.2107
12828,0.072208,0.16998,0.12288,0.12223,0.24143,-0.30132,-0.093444
12829,0.11476,0.18232,0.13165,0.14302,0.24988,-0.25422,0.010819
12830,0.13814,0.18946,0.13197,0.14269,0.1638,-0.2081,0.092346
12831,0.14334,0.19336,0.13457,0.13132,0.041351,-0.14866,0.15731
12832,0.1362,0.18622,0.14172,0.11703,-0.055441,-0.064211,0.2135
12833,0.12645,0.15926,0.15406,0.11248,-0.094418,0.047523,0.26839
12834,0.12028,0.11183,0.1638,0.11736,-0.08305,0.1755,0.31744
12835,0.11833,0.050446,0.16023,0.12515,-0.055441,0.29892,0.35219
12836,0.1206,-0.015815,0.1362,0.11995,-0.044723,0.39734,0.36389
12837,0.12093,-0.07493,0.094945,0.092346,-0.066485,0.4584,0.34829
12838,0.11118,-0.12105,0.048497,0.047847,-0.11358,0.47692,0.30899
12839,0.084226,-0.15256,0.0056225,0.0017248,-0.1688,0.46555,0.25735
12840,0.046548,-0.17335,-0.025234,-0.034004,-0.22109,0.44509,0.20376
12841,0.011469,-0.18374,-0.040825,-0.050894,-0.26202,0.43469,0.15536
12842,-0.008669,-0.18179,-0.043423,-0.050569,-0.29125,0.43762,0.11281
12843,-0.015165,-0.16685,-0.039526,-0.042124,-0.31951,0.44184,0.071558
12844,-0.018413,-0.13957,-0.038551,-0.042449,-0.35296,0.43372,0.027385
12845,-0.026209,-0.10611,-0.044723,-0.058689,-0.39194,0.41163,-0.019063
12846,-0.04115,-0.07493,-0.052843,-0.090845,-0.43741,0.37753,-0.063237
12847,-0.060638,-0.056416,-0.059014,-0.12885,-0.49491,0.33303,-0.098641
12848,-0.0837,-0.048945,-0.05804,-0.15808,-0.56994,0.26969,-0.12495
12849,-0.10546,-0.04862,-0.050569,-0.16945,-0.66023,0.18297,-0.14444
12850,-0.12073,-0.044398,-0.039201,-0.16555,-0.7515,0.078704,-0.15483
12851,-0.12463,-0.03173,-0.029132,-0.15126,-0.82361,-0.021337,-0.15321
12852,-0.11683,-0.01549,-0.021661,-0.13437,-0.85479,-0.084674,-0.13827
12853,-0.099615,-0.00087364,-0.017764,-0.11975,-0.82101,-0.090196,-0.11131
12854,-0.079477,0.010819,-0.014516,-0.10124,-0.7135,-0.042774,-0.075904
12855,-0.055116,0.019914,-0.012567,-0.077203,-0.54298,0.038428,-0.038551
12856,-0.025559,0.027385,-0.007045,-0.049595,-0.32731,0.1284,-0.0067202
12857,0.0078962,0.034855,0.0010752,-0.02361,-0.08305,0.21512,0.019589
12858,0.041351,0.039402,0.012768,-0.0057458,0.19563,0.3038,0.043625
12859,0.069934,0.042975,0.023812,0.0052977,0.53473,0.40741,0.068635
12860,0.087474,0.049796,0.030308,0.012119,0.91703,0.52824,0.099817
12861,0.091047,0.056617,0.029333,0.011469,1.2876,0.66531,0.13652
12862,0.080978,0.055643,0.020564,0.0036737,1.5933,0.81667,0.17355
12863,0.065387,0.049147,0.0078962,-0.0028225,1.8096,0.97745,0.20408
12864,0.048497,0.040377,-0.0021729,0.0010752,1.9343,1.1291,0.22454
12865,0.036804,0.029983,-0.0037969,0.022512,1.9587,1.2409,0.24111
12866,0.033881,0.021538,0.0023744,0.061489,1.869,1.2798,0.2593
12867,0.039727,0.014068,0.014392,0.11054,1.6621,1.2295,0.28171
12868,0.049796,0.0069217,0.024786,0.15828,1.3594,1.0954,0.30022
12869,0.06019,0.0023744,0.029333,0.19336,1.0154,0.89397,0.30769
12870,0.072208,0.0023744,0.029983,0.21317,0.68544,0.65361,0.30704
12871,0.092021,0.01017,0.033556,0.22584,0.40611,0.41391,0.30347
12872,0.11736,0.027709,0.049796,0.23851,0.18784,0.207,0.30087
12873,0.14139,0.054668,0.072858,0.24793,0.016666,0.041027,0.28983
12874,0.15244,0.083576,0.096244,0.25248,-0.14509,-0.10124,0.26157
12875,0.14367,0.10209,0.11183,0.24825,-0.32503,-0.23051,0.21675
12876,0.11638,0.10696,0.11443,0.22941,-0.53388,-0.34939,0.16478
12877,0.080653,0.10404,0.10079,0.19628,-0.75183,-0.44716,0.1219
12878,0.051096,0.10339,0.073832,0.15211,-0.94509,-0.5092,0.098193
12879,0.040052,0.11476,0.044924,0.10664,-1.0861,-0.53161,0.086824
12880,0.045249,0.13197,0.023162,0.065387,-1.164,-0.52284,0.074482
12881,0.060515,0.14464,0.0085458,0.034206,-1.1822,-0.49003,0.053369
12882,0.076755,0.14464,-0.0021729,0.012443,-1.1416,-0.44066,0.028359
12883,0.088448,0.13165,-0.011917,0.00075039,-1.0445,-0.37895,0.0056225
12884,0.094295,0.10761,-0.019712,0.0026992,-0.90254,-0.31269,-0.0054209
12885,0.09462,0.071234,-0.021986,0.016341,-0.72974,-0.24156,0.00010078
12886,0.087474,0.027709,-0.016789,0.036804,-0.54233,-0.16945,0.019914
12887,0.071883,-0.013866,-0.0050961,0.054993,-0.35719,-0.10806,0.048172
12888,0.049796,-0.046022,0.0085458,0.06019,-0.20258,-0.070382,0.06961
12889,0.021213,-0.067784,0.020239,0.052395,-0.090845,-0.062587,0.06961
12890,-0.010618,-0.079477,0.031607,0.045899,-0.020362,-0.080127,0.0433
12891,-0.043423,-0.086298,0.042651,0.046873,0.044924,-0.11228,-0.0028225
12892,-0.073631,-0.088896,0.05142,0.054019,0.16023,-0.14476,-0.056091
12893,-0.089221,-0.085324,0.054019,0.058566,0.34277,-0.16977,-0.10481
12894,-0.08305,-0.07428,0.047847,0.054344,0.53571,-0.18894,-0.14574
12895,-0.058365,-0.059664,0.035505,0.044599,0.64842,-0.21914,-0.18471
12896,-0.027183,-0.045697,0.020239,0.030308,0.60782,-0.28281,-0.22889
12897,-0.0041217,-0.036927,0.0062721,0.016991,0.40643,-0.38447,-0.27631
12898,0.0033489,-0.032055,-0.0044465,0.0062721,0.10794,-0.50497,-0.31496
12899,-0.0047713,-0.028482,-0.0093186,-0.0018481,-0.18277,-0.60924,-0.3351
12900,-0.020362,-0.020687,-0.008669,-0.0011985,-0.3744,-0.65634,-0.32633
12901,-0.030756,-0.0083442,0.00010078,0.012443,-0.41598,-0.62061,-0.28833
12902,-0.028157,0.0088706,0.014392,0.036154,-0.29223,-0.50075,-0.22726
12903,-0.018088,0.028034,0.027385,0.062139,-0.010293,-0.31789,-0.1597
12904,-0.0096434,0.042651,0.032582,0.084551,0.37883,-0.096692,-0.10449
12905,-0.008669,0.049472,0.030957,0.10404,0.77412,0.13749,-0.074605
12906,-0.016464,0.04395,0.023812,0.12255,1.0651,0.36064,-0.061288
12907,-0.028157,0.030308,0.012768,0.13814,1.1746,0.53993,-0.046996
12908,-0.039201,0.018615,0.00075039,0.13814,1.0846,0.64322,-0.018413
12909,-0.044398,0.017965,-0.0073698,0.11671,0.84655,0.64549,0.025111
12910,-0.037252,0.029333,-0.0099683,0.081952,0.56039,0.55357,0.070909
12911,-0.01614,0.048172,-0.0050961,0.044924,0.32231,0.40254,0.10696
12912,0.0069217,0.065387,0.0023744,0.013093,0.17257,0.23494,0.13067
12913,0.024786,0.070584,0.008221,-0.013866,0.095919,0.086824,0.13717
12914,0.039727,0.067661,0.013093,-0.038551,0.055318,-0.018738,0.12905
12915,0.053694,0.064737,0.020888,-0.056416,0.023487,-0.071032,0.10761
12916,0.066037,0.069285,0.032582,-0.056741,-0.014516,-0.080776,0.075781
12917,0.072533,0.082277,0.047847,-0.028807,-0.069083,-0.081426,0.03583
12918,0.072858,0.10209,0.066362,0.023162,-0.15418,-0.10741,-0.0041217
12919,0.071558,0.1245,0.0865,0.082602,-0.27339,-0.17042,-0.036602
12920,0.073182,0.14107,0.10242,0.13035,-0.41695,-0.26234,-0.053168
12921,0.079029,0.14594,0.10956,0.15633,-0.55857,-0.35654,-0.047646
12922,0.087474,0.13652,0.10664,0.15796,-0.6729,-0.43254,-0.020037
12923,0.093321,0.11508,0.099492,0.14496,-0.74761,-0.48354,0.016016
12924,0.095269,0.090072,0.092346,0.12905,-0.78691,-0.52024,0.044599
12925,0.091696,0.070909,0.08585,0.11768,-0.80672,-0.55792,0.059216
12926,0.084876,0.057592,0.077405,0.10826,-0.81517,-0.60502,0.064088
12927,0.079679,0.051745,0.062464,0.099492,-0.80575,-0.65439,0.064413
12928,0.073832,0.049472,0.042326,0.087799,-0.75605,-0.69596,0.059865
12929,0.064088,0.044924,0.023487,0.075456,-0.64334,-0.71025,0.053044
12930,0.052395,0.033556,0.011144,0.066686,-0.46405,-0.66575,0.050121
12931,0.046873,0.018615,0.0085458,0.062139,-0.23928,-0.53421,0.061814
12932,0.047198,0.0088706,0.013743,0.064413,-0.0099683,-0.32016,0.085525
12933,0.052395,0.0085458,0.020888,0.074482,0.16998,-0.064861,0.11378
12934,0.062139,0.019589,0.026085,0.095594,0.27359,0.16543,0.13002
12935,0.070584,0.037778,0.029983,0.12093,0.31322,0.32296,0.11866
12936,0.071558,0.054993,0.030957,0.13035,0.31159,0.38402,0.076755
12937,0.059541,0.062139,0.02641,0.10404,0.27586,0.34764,0.0059473
12938,0.036154,0.053369,0.009845,0.033231,0.20765,0.23786,-0.079802
12939,0.0078962,0.032257,-0.021012,-0.067134,0.11898,0.10826,-0.15646
12940,-0.014516,0.0091954,-0.059014,-0.1675,0.030308,0.01829,-0.20453
12941,-0.021986,-0.0044465,-0.094093,-0.23571,-0.037577,-0.0063954,-0.22142
12942,-0.015815,-0.0076946,-0.11651,-0.25747,-0.075904,0.021538,-0.21979
12943,-0.0050961,-0.0024977,-0.12463,-0.24123,-0.092794,0.065712,-0.2094
12944,0.0036737,0.0075714,-0.12008,-0.20778,-0.10384,0.085525,-0.18926
12945,0.0046481,0.019914,-0.10579,-0.17465,-0.11715,0.061814,-0.15776
12946,-0.0011985,0.032257,-0.088572,-0.14931,-0.13145,0.0020496,-0.12105
12947,-0.010293,0.042651,-0.07493,-0.13015,-0.13469,-0.065186,-0.086948
12948,-0.018738,0.047198,-0.06551,-0.11163,-0.11943,-0.10416,-0.057065
12949,-0.027833,0.045249,-0.058365,-0.097341,-0.091495,-0.089546,-0.025559
12950,-0.038551,0.037778,-0.050569,-0.088572,-0.060313,-0.017439,0.0069217
12951,-0.048945,0.030308,-0.0405,-0.081101,-0.035953,0.095594,0.038753
12952,-0.058365,0.023812,-0.024909,-0.069083,-0.021012,0.2135,0.062789
12953,-0.065186,0.014392,-0.0067202,-0.046671,-0.011917,0.28853,0.072533
12954,-0.06551,0.0023744,0.0069217,-0.017764,-0.0063954,0.2895,0.067986
12955,-0.053817,-0.013541,0.011144,0.0033489,0.0091954,0.21447,0.053369
12956,-0.034329,-0.030756,0.0085458,0.01017,0.049147,0.091047,0.037129
12957,-0.013216,-0.043748,0.0049729,0.0078962,0.10924,-0.035953,0.026085
12958,0.003024,-0.047646,0.0072465,0.0056225,0.16738,-0.1295,0.019589
12959,0.012443,-0.039851,0.010495,0.0062721,0.19369,-0.17367,0.015042
12960,0.015367,-0.022961,0.014068,0.009845,0.15991,-0.1714,0.011144
12961,0.014717,-0.00054884,0.017965,0.019914,0.056292,-0.13534,0.0072465
12962,0.015692,0.020564,0.014717,0.032582,-0.10026,-0.086298,0.0033489
12963,0.01894,0.036154,0.0059473,0.040377,-0.27306,-0.044398,0.0033489
12964,0.024461,0.046873,-0.0044465,0.033231,-0.41955,-0.017439,0.01017
12965,0.02706,0.047847,-0.010618,0.0046481,-0.50173,-0.0050961,0.018615
12966,0.023162,0.039727,-0.0080194,-0.046996,-0.50238,-0.010293,0.026735
12967,0.010495,0.024786,0.0026992,-0.11521,-0.43059,-0.034978,0.037778
12968,-0.010943,0.0065969,0.015042,-0.18699,-0.31918,-0.078503,0.050771
12969,-0.034004,-0.011917,0.023162,-0.25227,-0.21135,-0.12755,0.06019
12970,-0.046022,-0.024585,0.029009,-0.30132,-0.14574,-0.1662,0.062789
12971,-0.042124,-0.028157,0.03453,-0.32146,-0.13794,-0.18179,0.061165
12972,-0.028482,-0.027183,0.040702,-0.28995,-0.18017,-0.17237,0.057592
12973,-0.018413,-0.03303,0.048822,-0.18342,-0.24773,-0.15256,0.046873
12974,-0.014191,-0.050244,0.058566,-0.0028225,-0.28898,-0.14769,0.026085
12975,-0.01549,-0.080127,0.065062,0.22097,-0.24286,-0.16912,0.00042559
12976,-0.016464,-0.1178,0.06961,0.42722,-0.081101,-0.19706,-0.014516
12977,-0.010293,-0.14801,0.076755,0.56202,0.16088,-0.19803,-0.0073698
12978,0.0049729,-0.15386,0.087149,0.60099,0.40351,-0.14769,0.019914
12979,0.02641,-0.12495,0.096244,0.55032,0.57209,-0.03173,0.053044
12980,0.047847,-0.067459,0.10242,0.44184,0.63218,0.14724,0.082602
12981,0.066686,0.0026992,0.10469,0.31127,0.59612,0.36064,0.10274
12982,0.076755,0.069285,0.10469,0.19271,0.50388,0.56234,0.11606
12983,0.07708,0.12158,0.10794,0.10339,0.40351,0.70948,0.1232
12984,0.072533,0.15471,0.11378,0.04395,0.32848,0.77574,0.1271
12985,0.070584,0.16543,0.11508,0.0043233,0.29308,0.75463,0.1284
12986,0.06961,0.15893,0.10989,-0.021661,0.28918,0.65524,0.12158
12987,0.06896,0.13879,0.10274,-0.037252,0.30022,0.49868,0.10599
12988,0.065387,0.11378,0.099817,-0.044073,0.30087,0.31029,0.081627
12989,0.062464,0.092346,0.10177,-0.046022,0.27684,0.1206,0.051745
12990,0.058566,0.080653,0.10501,-0.042124,0.22779,-0.042449,0.028359
12991,0.056292,0.081627,0.10664,-0.023935,0.1625,-0.16165,0.017965
12992,0.057917,0.088448,0.10177,0.017316,0.089098,-0.24188,0.023487
12993,0.066037,0.086175,0.094295,0.074806,0.012119,-0.30294,0.037778
12994,0.079679,0.065387,0.086175,0.13262,-0.070707,-0.36628,0.04395
12995,0.093321,0.029658,0.077405,0.17777,-0.14964,-0.44034,0.034206
12996,0.10339,-0.010293,0.066362,0.207,-0.20355,-0.51862,0.013093
12997,0.10501,-0.037577,0.054668,0.22324,-0.20453,-0.57936,-0.008669
12998,0.097218,-0.046347,0.042975,0.22714,-0.13924,-0.60242,-0.020687
12999,0.080328,-0.039201,0.031932,0.2083,-0.026209,-0.58358,-0.019063
13000,0.055643,-0.022961,0.020239,0.14724,0.089423,-0.52869,-0.011592
13001,0.032257,-0.0044465,0.0069217,0.038753,0.17127,-0.44781,-0.0083442
13002,0.016666,0.013418,-0.007045,-0.085324,0.21577,-0.34484,-0.0089938
13003,0.011469,0.031607,-0.017764,-0.18049,0.24728,-0.21947,-0.010293
13004,0.0088706,0.049472,-0.020037,-0.212,0.30022,-0.068758,-0.0054209
13005,-0.0041217,0.062789,-0.015815,-0.18147,0.3876,0.095269,0.0033489
13006,-0.034004,0.063438,-0.0080194,-0.11423,0.48276,0.24046,0.0072465
13007,-0.077853,0.05142,-0.0015233,-0.043748,0.53343,0.32848,-0.0044465
13008,-0.123,0.029983,-0.0011985,0.0033489,0.5094,0.33595,-0.03303
13009,-0.15223,0.0062721,-0.0080194,0.01829,0.42592,0.27261,-0.059989
13010,-0.15938,-0.012242,-0.019063,0.0043233,0.32718,0.17615,-0.07428
13011,-0.14476,-0.021986,-0.030756,-0.018738,0.25313,0.078055,-0.080127
13012,-0.11943,-0.021337,-0.034978,-0.035628,0.21675,-0.010618,-0.088247
13013,-0.094093,-0.0096434,-0.029782,-0.0405,0.20213,-0.084674,-0.09994
13014,-0.07493,0.0085458,-0.022311,-0.039526,0.18557,-0.13242,-0.10806
13015,-0.059989,0.026735,-0.017764,-0.04115,0.15016,-0.13177,-0.10384
13016,-0.046347,0.038428,-0.021986,-0.047971,0.090072,-0.060638,-0.080451
13017,-0.030756,0.040052,-0.032055,-0.056416,0.020888,0.096244,-0.036927
13018,-0.013216,0.03518,-0.039526,-0.065835,-0.022311,0.32816,0.024786
13019,0.0056225,0.032906,-0.036602,-0.074605,-0.0083442,0.60944,0.10209
13020,0.029333,0.0433,-0.022311,-0.079152,0.062139,0.88877,0.18329
13021,0.054668,0.06961,0.00042559,-0.070707,0.16283,1.1041,0.25313
13022,0.078379,0.10371,0.01894,-0.048945,0.26417,1.2094,0.29925
13023,0.093321,0.1297,0.025111,-0.026209,0.3431,1.1993,0.31581
13024,0.096893,0.13977,0.01764,-0.0099683,0.40319,1.0983,0.30477
13025,0.089748,0.1258,0.00042559,-0.0050961,0.45613,0.95406,0.27749
13026,0.074482,0.084551,-0.017764,-0.014191,0.50615,0.8027,0.25053
13027,0.054668,0.019589,-0.034004,-0.03173,0.5422,0.64679,0.22714
13028,0.032906,-0.059664,-0.04992,-0.052518,0.53506,0.46555,0.19953
13029,0.01017,-0.13145,-0.063886,-0.070382,0.45873,0.25085,0.15601
13030,-0.0099683,-0.17497,-0.067459,-0.073631,0.31094,0.011794,0.098842
13031,-0.025234,-0.17757,-0.060313,-0.05804,0.12093,-0.22272,0.041351
13032,-0.03238,-0.13762,-0.040175,-0.021661,-0.060313,-0.41468,0.0026992
13033,-0.022311,-0.068434,-0.0067202,0.036154,-0.19316,-0.53226,-0.0041217
13034,0.0075714,0.014068,0.03583,0.10859,-0.26364,-0.56896,0.010495
13035,0.042001,0.088124,0.078704,0.17647,-0.29093,-0.55402,0.01764
13036,0.068635,0.13587,0.10794,0.2174,-0.30002,-0.53226,0.0014
13037,0.083251,0.15244,0.12093,0.22747,-0.31366,-0.5407,-0.032705
13038,0.087149,0.14561,0.11995,0.21252,-0.34127,-0.5852,-0.068109
13039,0.085525,0.12743,0.11151,0.18427,-0.37375,-0.63847,-0.087597
13040,0.082277,0.10242,0.097543,0.15309,-0.39194,-0.66283,-0.0837
13041,0.079029,0.075456,0.076431,0.12678,-0.38382,-0.63295,-0.059014
13042,0.07773,0.048172,0.047198,0.10924,-0.35849,-0.55402,-0.021986
13043,0.081952,0.027385,0.016016,0.10209,-0.339,-0.45041,0.015367
13044,0.090072,0.016991,-0.011917,0.10339,-0.35232,-0.34842,0.041351
13045,0.094295,0.016666,-0.025884,0.11281,-0.39941,-0.26787,0.047847
13046,0.090722,0.023487,-0.022311,0.12418,-0.46048,-0.22369,0.031607
13047,0.076431,0.029983,-0.008669,0.12678,-0.51732,-0.22499,-0.0021729
13048,0.054668,0.028359,0.0043233,0.11216,-0.56896,-0.26462,-0.043423
13049,0.028034,0.018615,0.0072465,0.079029,-0.62645,-0.32276,-0.079802
13050,-0.0011985,0.0062721,-0.00087364,0.03518,-0.69726,-0.3757,-0.10384
13051,-0.024909,-0.0021729,-0.020687,-0.0037969,-0.77424,-0.40234,-0.11456
13052,-0.042124,-0.0018481,-0.042449,-0.022636,-0.83888,-0.38707,-0.11456
13053,-0.047646,0.0069217,-0.053492,-0.020037,-0.86194,-0.32438,-0.10319
13054,-0.038227,0.022512,-0.047971,-0.00022403,-0.79503,-0.22142,-0.081426
13055,-0.013866,0.045249,-0.022636,0.029658,-0.59235,-0.093119,-0.050244
13056,0.020239,0.075131,0.016341,0.060515,-0.2448,0.05207,-0.0076946
13057,0.061165,0.10534,0.055968,0.083901,0.18459,0.21935,0.042326
13058,0.10014,0.1245,0.076755,0.09397,0.5867,0.40903,0.090072
13059,0.13002,0.12288,0.073182,0.090397,0.8524,0.60294,0.1284
13060,0.14432,0.098517,0.050771,0.082277,0.92873,0.7582,0.14919
13061,0.13847,0.061814,0.023812,0.073832,0.82966,0.84135,0.14399
13062,0.11054,0.028034,0.00075039,0.066686,0.62308,0.85694,0.11281
13063,0.066686,0.0065969,-0.014516,0.058891,0.38857,0.8381,0.064088
13064,0.020239,-0.00087364,-0.022311,0.046548,0.18881,0.82219,0.013743
13065,-0.019712,0.0033489,-0.018738,0.030308,0.061814,0.82998,-0.021012
13066,-0.045047,0.014068,-0.0060706,0.01894,0.0059473,0.84947,-0.035303
13067,-0.052193,0.02641,0.0072465,0.022837,-0.018088,0.84622,-0.036927
13068,-0.044073,0.036804,0.016991,0.041351,-0.05804,0.78776,-0.04115
13069,-0.027833,0.044924,0.023487,0.06896,-0.13469,0.66076,-0.050894
13070,-0.0073698,0.050446,0.026085,0.098517,-0.22109,0.48147,-0.058689
13071,0.017316,0.055968,0.028359,0.12288,-0.23474,0.29957,-0.051219
13072,0.044924,0.061489,0.033881,0.14367,-0.093119,0.16575,-0.017114
13073,0.075781,0.064413,0.03453,0.14854,0.22877,0.11703,0.047847
13074,0.10371,0.056617,0.027385,0.11931,0.67862,0.17387,0.13555
13075,0.11963,0.041351,0.013743,0.057917,1.1366,0.33725,0.22682
13076,0.12158,0.02706,-0.0028225,-0.01614,1.4549,0.56072,0.30672
13077,0.11703,0.017316,-0.017114,-0.0837,1.5163,0.75658,0.36356
13078,0.11216,0.015042,-0.025559,-0.13047,1.3039,0.84817,0.39247
13079,0.10599,0.024137,-0.027508,-0.14931,0.91411,0.8001,0.39377
13080,0.098842,0.040052,-0.023935,-0.13664,0.49348,0.62536,0.36324
13081,0.090722,0.055318,-0.014516,-0.10709,0.15438,0.36518,0.30704
13082,0.080978,0.066037,-0.00022403,-0.079477,-0.073306,0.067986,0.23429
13083,0.065387,0.073832,0.013093,-0.062912,-0.21297,-0.21687,0.15536
13084,0.0433,0.076755,0.023812,-0.051544,-0.29288,-0.44326,0.078055
13085,0.013093,0.072208,0.034855,-0.034004,-0.32893,-0.58358,0.0049729
13086,-0.021337,0.061814,0.047847,-0.0018481,-0.32731,-0.6362,-0.059664
13087,-0.054142,0.047523,0.061489,0.044599,-0.2945,-0.61151,-0.10806
13088,-0.073955,0.032582,0.071558,0.093645,-0.24643,-0.52544,-0.13047
13089,-0.076879,0.020239,0.075456,0.12775,-0.20453,-0.39551,-0.1256
13090,-0.065835,0.011794,0.074482,0.13912,-0.18796,-0.2474,-0.10676
13091,-0.046671,0.008221,0.069934,0.12937,-0.20193,-0.11391,-0.09182
13092,-0.029457,0.0065969,0.061489,0.10404,-0.23798,-0.025559,-0.09117
13093,-0.018088,0.0026992,0.049147,0.071883,-0.27891,-0.0044465,-0.098641
13094,-0.014516,-0.007045,0.031932,0.0433,-0.31009,-0.048945,-0.098641
13095,-0.019388,-0.021337,0.012768,0.027385,-0.32958,-0.13794,-0.084999
13096,-0.030756,-0.033679,-0.0044465,0.027385,-0.34842,-0.25098,-0.070707
13097,-0.042449,-0.038876,-0.013216,0.041351,-0.3835,-0.36466,-0.081751
13098,-0.046347,-0.037252,-0.014516,0.059865,-0.44391,-0.45203,-0.12625
13099,-0.039526,-0.030431,-0.0089938,0.080653,-0.51862,-0.48938,-0.18861
13100,-0.022311,-0.020687,0.0014,0.098193,-0.5943,-0.46502,-0.23538
13101,0.0020496,-0.0047713,0.012443,0.10306,-0.6703,-0.38674,-0.24513
13102,0.02706,0.019914,0.01894,0.090072,-0.75767,-0.28248,-0.22077
13103,0.042001,0.050771,0.020564,0.064413,-0.85609,-0.18471,-0.18049
13104,0.045574,0.078704,0.019589,0.032906,-0.94606,-0.11228,-0.13632
13105,0.041351,0.094945,0.014717,0.0010752,-0.99771,-0.07493,-0.097666
13106,0.029009,0.095919,0.0056225,-0.031081,-0.98114,-0.074605,-0.075579
13107,0.009845,0.083576,-0.0067202,-0.059989,-0.87948,-0.10091,-0.065186
13108,-0.013541,0.061489,-0.019388,-0.080776,-0.69141,-0.13599,-0.05804
13109,-0.033354,0.037778,-0.030756,-0.092145,-0.4556,-0.16263,-0.044073
13110,-0.045372,0.019589,-0.041799,-0.095393,-0.23084,-0.16393,-0.018738
13111,-0.044398,0.0065969,-0.051868,-0.093119,-0.052518,-0.13502,0.016016
13112,-0.03173,0.00010078,-0.059664,-0.086298,0.07773,-0.092145,0.051096
13113,-0.013866,-0.0031473,-0.064211,-0.07428,0.17322,-0.052518,0.081952
13114,0.0056225,-0.0024977,-0.060313,-0.055766,0.23721,-0.035953,0.10371
13115,0.028684,0.00010078,-0.046347,-0.030431,0.26644,-0.069733,0.10956
13116,0.054344,0.0039985,-0.023285,-0.00054884,0.26514,-0.17822,0.087799
13117,0.078379,0.012119,-0.00054884,0.025436,0.23883,-0.35069,0.035505
13118,0.091047,0.022188,0.01829,0.044924,0.20311,-0.54038,-0.038227
13119,0.088124,0.031282,0.029333,0.054993,0.19141,-0.70083,-0.11293
13120,0.067986,0.041351,0.03453,0.055318,0.22779,-0.80834,-0.17205
13121,0.033881,0.049147,0.03453,0.048497,0.31322,-0.86486,-0.20745
13122,-0.0028225,0.05272,0.030957,0.043625,0.42008,-0.88532,-0.21752
13123,-0.03238,0.057917,0.027385,0.039402,0.51622,-0.87753,-0.21005
13124,-0.047971,0.061489,0.025761,0.03453,0.57274,-0.83368,-0.19641
13125,-0.046347,0.059541,0.025761,0.028034,0.57663,-0.74241,-0.17822
13126,-0.03173,0.05272,0.027385,0.01764,0.52954,-0.59202,-0.14964
13127,-0.014191,0.041351,0.030308,0.0088706,0.46393,-0.38512,-0.10676
13128,-0.0021729,0.029658,0.032906,0.011469,0.40416,-0.14184,-0.051868
13129,0.00075039,0.021213,0.03518,0.033231,0.36356,0.11021,0.0078962
13130,0.00010078,0.017965,0.039727,0.075131,0.34115,0.34472,0.06896
13131,0.0049729,0.016666,0.050446,0.131,0.32426,0.5474,0.12678
13132,0.021213,0.016991,0.063763,0.18297,0.29373,0.7124,0.18492
13133,0.045249,0.019589,0.079029,0.21935,0.23786,0.82739,0.24403
13134,0.071558,0.027385,0.096244,0.23169,0.15958,0.87286,0.29308
13135,0.090397,0.038753,0.11346,0.22032,0.073507,0.82479,0.31451
13136,0.10079,0.05142,0.12613,0.19434,0.0046481,0.68674,0.3025
13137,0.10306,0.064088,0.13392,0.16608,-0.025884,0.49251,0.26937
13138,0.10014,0.07773,0.14009,0.14561,-0.020037,0.30185,0.23494
13139,0.095919,0.091696,0.14399,0.12905,0.0078962,0.16478,0.2135
13140,0.095269,0.10664,0.13782,0.10144,0.040052,0.10956,0.21123
13141,0.10242,0.11703,0.11931,0.046548,0.060515,0.12418,0.22324
13142,0.11313,0.11638,0.089423,-0.043423,0.056942,0.1716,0.23721
13143,0.11476,0.10469,0.054993,-0.16393,0.024461,0.20473,0.24241
13144,0.10404,0.08585,0.025436,-0.29612,-0.034329,0.19466,0.23429
13145,0.078704,0.061165,0.0091954,-0.40234,-0.11196,0.14009,0.21252
13146,0.043625,0.029009,0.0033489,-0.44391,-0.19706,0.058566,0.18037
13147,0.0069217,-0.010293,0.003024,-0.38967,-0.27209,-0.019712,0.14659
13148,-0.019063,-0.047971,-0.00022403,-0.24253,-0.31918,-0.067459,0.11606
13149,-0.029132,-0.073306,-0.0050961,-0.042449,-0.32893,-0.073631,0.093321
13150,-0.022311,-0.080776,-0.0099683,0.15146,-0.30327,-0.048296,0.078379
13151,-0.0096434,-0.072981,-0.011267,0.28658,-0.25357,-0.010293,0.066037
13152,-0.0047713,-0.061613,-0.010618,0.34082,-0.19478,0.027709,0.055968
13153,-0.011592,-0.054792,-0.0096434,0.32523,-0.13762,0.060515,0.048172
13154,-0.026533,-0.058689,-0.013866,0.26839,-0.088896,0.0865,0.038753
13155,-0.04115,-0.068109,-0.023285,0.19693,-0.053817,0.11118,0.029658
13156,-0.04992,-0.074605,-0.034004,0.13035,-0.029782,0.13944,0.024786
13157,-0.052843,-0.072331,-0.042449,0.071883,-0.01549,0.16315,0.020564
13158,-0.052518,-0.062262,-0.045372,0.024786,-0.013541,0.16933,0.0095202
13159,-0.053817,-0.047321,-0.041799,-0.0089938,-0.030106,0.14496,-0.0028225
13160,-0.051544,-0.030756,-0.03238,-0.029457,-0.067784,0.093321,-0.0050961
13161,-0.039201,-0.013541,-0.021337,-0.031081,-0.12105,0.022188,0.0062721
13162,-0.016789,0.0026992,-0.0083442,-0.017439,-0.17172,-0.063561,0.023812
13163,0.011794,0.016666,0.0059473,-0.0015233,-0.19998,-0.1623,0.042001
13164,0.038103,0.024786,0.016991,0.0075714,-0.19121,-0.26916,0.06019
13165,0.057917,0.026735,0.01894,0.0052977,-0.14087,-0.36238,0.078704
13166,0.064413,0.026735,0.012768,-0.016464,-0.05804,-0.40623,0.09397
13167,0.057917,0.031607,0.0033489,-0.04927,0.037454,-0.36173,0.10826
13168,0.044924,0.041676,-0.0021729,-0.076229,0.12807,-0.2081,0.13002
13169,0.034206,0.054019,-0.00022403,-0.089221,0.19823,0.034206,0.15861
13170,0.031932,0.063763,0.0023744,-0.09182,0.24403,0.31711,0.19239
13171,0.041351,0.071883,0.0014,-0.094418,0.26969,0.57988,0.22487
13172,0.057917,0.077405,-0.0015233,-0.10286,0.29178,0.77184,0.24371
13173,0.075131,0.080003,-0.0031473,-0.10774,0.31906,0.85564,0.23754
13174,0.084551,0.080978,0.00075039,-0.10254,0.35219,0.83291,0.19628
13175,0.076755,0.080653,0.0069217,-0.093769,0.3811,0.73644,0.11866
13176,0.05272,0.076755,0.01017,-0.09117,0.39799,0.60911,0.0095202
13177,0.017316,0.067661,0.010819,-0.097991,0.39604,0.47952,-0.10871
13178,-0.021337,0.053044,0.0075714,-0.10871,0.37136,0.36518,-0.21362
13179,-0.059664,0.032582,0.0014,-0.1191,0.31841,0.27521,-0.28735
13180,-0.095717,0.003024,-0.0034721,-0.1308,0.24046,0.20928,-0.32536
13181,-0.1269,-0.032705,-0.0067202,-0.13957,0.15471,0.16153,-0.3299
13182,-0.14996,-0.064211,-0.0093186,-0.13794,0.084551,0.10144,-0.31918
13183,-0.16003,-0.081101,-0.0080194,-0.11878,0.039727,-0.016464,-0.31886
13184,-0.15776,-0.078503,0.00010078,-0.084674,0.0039985,-0.22369,-0.34679
13185,-0.14249,-0.059664,0.015367,-0.036278,-0.043748,-0.50335,-0.39681
13186,-0.11423,-0.030106,0.040052,0.02641,-0.10871,-0.78658,-0.44618
13187,-0.073306,0.0033489,0.074482,0.094945,-0.17887,-0.99381,-0.466
13188,-0.029132,0.037454,0.10631,0.15276,-0.23506,-1.0922,-0.44748
13189,0.0078962,0.067986,0.12483,0.18167,-0.26104,-1.1078,-0.40656
13190,0.029009,0.087149,0.12613,0.17192,-0.25422,-1.0883,-0.36401
13191,0.033881,0.090722,0.11216,0.1297,-0.22174,-1.0614,-0.33348
13192,0.026085,0.083576,0.083576,0.070909,-0.17367,-1.0162,-0.31756
13193,0.011794,0.068635,0.049472,0.014068,-0.10774,-0.93275,-0.30392
13194,0.00042559,0.05272,0.020564,-0.022636,-0.02426,-0.7947,-0.27599
13195,0.00075039,0.041676,0.0059473,-0.029782,0.06896,-0.59527,-0.22077
13196,0.020564,0.038103,0.01017,-0.0044465,0.15698,-0.34614,-0.13729
13197,0.059216,0.042651,0.029658,0.043625,0.22487,-0.071032,-0.030106
13198,0.10956,0.053044,0.056617,0.097543,0.26677,0.19109,0.08585
13199,0.15731,0.067011,0.081952,0.13912,0.28821,0.38922,0.19109
13200,0.18946,0.080328,0.096893,0.15698,0.29113,0.48179,0.26904
13201,0.19791,0.091372,0.099492,0.15211,0.27424,0.4623,0.31322
13202,0.18751,0.095594,0.091372,0.13749,0.23136,0.35057,0.3327
13203,0.16868,0.092346,0.079354,0.12548,0.17192,0.19174,0.3314
13204,0.15146,0.081303,0.06831,0.12093,0.11054,0.038753,0.31549
13205,0.14042,0.069285,0.059541,0.12743,0.058566,-0.068758,0.29827
13206,0.1349,0.062789,0.054344,0.13977,0.015042,-0.10676,0.28398
13207,0.12905,0.065062,0.052395,0.15016,-0.021986,-0.068434,0.28041
13208,0.1258,0.073507,0.051096,0.15211,-0.054792,0.030957,0.28528
13209,0.12385,0.083901,0.042651,0.14269,-0.094418,0.15211,0.28821
13210,0.12093,0.088448,0.023487,0.12028,-0.15613,0.2541,0.28366
13211,0.12028,0.087474,-0.0028225,0.086824,-0.24123,0.32393,0.27034
13212,0.12483,0.081627,-0.028157,0.055643,-0.33705,0.37298,0.25572
13213,0.1284,0.073182,-0.046347,0.033881,-0.42507,0.41715,0.24468
13214,0.11995,0.064737,-0.047971,0.019914,-0.49523,0.4636,0.24078
13215,0.095269,0.054668,-0.035953,0.012768,-0.5485,0.49771,0.23851
13216,0.054668,0.04395,-0.017764,0.0085458,-0.59267,0.50193,0.22779
13217,0.0095202,0.029333,-0.0021729,0.0026992,-0.62808,0.4714,0.20051
13218,-0.026533,0.0085458,0.0088706,0.00010078,-0.64886,0.42203,0.16608
13219,-0.043423,-0.015165,0.013093,0.0072465,-0.62938,0.38305,0.13912
13220,-0.034329,-0.03303,0.010495,0.025436,-0.53356,0.37785,0.12807
13221,-0.0034721,-0.039526,0.0069217,0.042975,-0.32536,0.41423,0.13717
13222,0.035505,-0.035953,0.0043233,0.049472,0.0052977,0.48504,0.16056
13223,0.06831,-0.024585,0.0069217,0.040702,0.42917,0.57404,0.18492
13224,0.084551,-0.010943,0.011794,0.022188,0.86766,0.65556,0.20246
13225,0.080328,-0.0018481,0.016016,0.0036737,1.2376,0.70623,0.20473
13226,0.059865,-0.00087364,0.01829,-0.0031473,1.4695,0.70039,0.1768
13227,0.02641,-0.0063954,0.018615,0.0056225,1.5202,0.61496,0.10274
13228,-0.017764,-0.012892,0.016991,0.025436,1.3916,0.44249,-0.016464
13229,-0.067459,-0.019388,0.0091954,0.051096,1.1347,0.19791,-0.15873
13230,-0.11326,-0.024909,-0.0041217,0.076755,0.82868,-0.092794,-0.28573
13231,-0.14541,-0.03238,-0.015815,0.098517,0.54708,-0.39324,-0.36726
13232,-0.15548,-0.045372,-0.021661,0.11541,0.334,-0.66316,-0.38674
13233,-0.14476,-0.065186,-0.021661,0.12255,0.207,-0.86226,-0.34809
13234,-0.12333,-0.088896,-0.016464,0.12353,0.16056,-0.96458,-0.27566
13235,-0.10481,-0.10806,-0.0093186,0.12093,0.16803,-0.97042,-0.20063
13236,-0.093444,-0.11293,-0.00054884,0.11476,0.19304,-0.90449,-0.14899
13237,-0.09182,-0.098316,0.0085458,0.10631,0.19888,-0.80217,-0.13015
13238,-0.096042,-0.061613,0.019264,0.096893,0.1768,-0.69109,-0.14346
13239,-0.10059,-0.0080194,0.033231,0.088448,0.13684,-0.57286,-0.18082
13240,-0.10221,0.048172,0.042651,0.079354,0.098842,-0.42637,-0.22759
13241,-0.09994,0.088773,0.040052,0.068635,0.079029,-0.22661,-0.25682
13242,-0.095068,0.10371,0.024461,0.052395,0.074482,0.020888,-0.25357
13243,-0.088896,0.092021,0.0049729,0.02641,0.055318,0.26839,-0.2133
13244,-0.080127,0.060515,-0.0099683,-0.0096434,-0.0057458,0.45353,-0.14736
13245,-0.064861,0.022837,-0.016464,-0.0405,-0.10741,0.54155,-0.062587
13246,-0.037577,-0.0099683,-0.014191,-0.050894,-0.23409,0.55585,0.035505
13247,0.003024,-0.035628,-0.0073698,-0.039526,-0.36076,0.55357,0.13782
13248,0.049796,-0.052518,-0.0024977,-0.020362,-0.4647,0.57858,0.23201
13249,0.08585,-0.05804,-0.0018481,0.00075039,-0.52284,0.62665,0.30445
13250,0.098842,-0.047646,-0.0028225,0.020564,-0.51959,0.65589,0.3327
13251,0.084226,-0.02361,-0.00054884,0.031932,-0.46372,0.61951,0.30445
13252,0.05207,0.011794,0.0069217,0.031932,-0.37798,0.49965,0.22844
13253,0.019589,0.053044,0.017316,0.021863,-0.27501,0.33108,0.13879
13254,0.0065969,0.095594,0.033881,0.0075714,-0.15483,0.17777,0.07773
13255,0.020239,0.13327,0.053044,-0.0034721,-0.022636,0.10144,0.073182
13256,0.056617,0.15861,0.069934,0.00075039,0.10371,0.12678,0.1232
13257,0.10306,0.16738,0.082602,0.023812,0.20408,0.24208,0.20473
13258,0.14237,0.16023,0.088448,0.065387,0.26027,0.41228,0.28496
13259,0.16153,0.14302,0.088448,0.11801,0.27261,0.58443,0.33368
13260,0.15796,0.11736,0.083576,0.16803,0.26449,0.69681,0.33498
13261,0.13555,0.089748,0.071883,0.20181,0.26222,0.70656,0.29178
13262,0.10761,0.066037,0.057917,0.18492,0.27684,0.61366,0.22194
13263,0.081303,0.045574,0.039727,0.081952,0.29015,0.46295,0.14269
13264,0.055643,0.024461,0.013743,-0.09929,0.27359,0.30737,0.065062
13265,0.034206,-0.00054884,-0.019712,-0.30002,0.2109,0.18427,-0.00054884
13266,0.020239,-0.021012,-0.053168,-0.44618,0.11054,0.10826,-0.047971
13267,0.016666,-0.027183,-0.076229,-0.48841,-0.0093186,0.072533,-0.080776
13268,0.016666,-0.01484,-0.085973,-0.42475,-0.13599,0.050771,-0.11358
13269,0.013743,0.0072465,-0.079802,-0.288,-0.27469,0.0085458,-0.15386
13270,0.0056225,0.02641,-0.064211,-0.12203,-0.43547,-0.077853,-0.20225
13271,-0.0076946,0.029658,-0.047646,0.027709,-0.61151,-0.19543,-0.24513
13272,-0.023285,0.019264,-0.035303,0.13522,-0.76742,-0.29937,-0.26202
13273,-0.037902,0.00075039,-0.028157,0.19271,-0.86226,-0.34095,-0.23766
13274,-0.04927,-0.017114,-0.027833,0.19986,-0.88857,-0.2997,-0.17789
13275,-0.051544,-0.030431,-0.036927,0.15731,-0.87915,-0.20225,-0.10221
13276,-0.0405,-0.026858,-0.050244,0.072208,-0.87396,-0.11358,-0.03303
13277,-0.012892,-0.0047713,-0.059339,-0.025234,-0.88792,-0.084999,0.010819
13278,0.02706,0.032257,-0.059664,-0.10286,-0.90546,-0.13599,0.022837
13279,0.069934,0.071883,-0.054467,-0.13794,-0.89767,-0.24903,0.0091954
13280,0.099817,0.10079,-0.046671,-0.12268,-0.8418,-0.377,-0.020362
13281,0.10534,0.11021,-0.040175,-0.06551,-0.73039,-0.47607,-0.052518
13282,0.082927,0.099817,-0.034654,0.0049729,-0.56214,-0.52771,-0.0837
13283,0.038103,0.07708,-0.033354,0.056617,-0.35426,-0.55045,-0.11521
13284,-0.013866,0.047847,-0.034329,0.077405,-0.14152,-0.58228,-0.15061
13285,-0.055441,0.016666,-0.036927,0.07773,0.054019,-0.63392,-0.17789
13286,-0.075904,-0.010943,-0.036602,0.075131,0.22974,-0.67387,-0.17757
13287,-0.069408,-0.029782,-0.030106,0.085525,0.37688,-0.669,-0.13762
13288,-0.039526,-0.043423,-0.021012,0.11378,0.47919,-0.61508,-0.068434
13289,0.0046481,-0.052518,-0.0076946,0.15438,0.53766,-0.53486,0.008221
13290,0.052395,-0.052518,0.011794,0.19823,0.57663,-0.45073,0.070259
13291,0.095269,-0.036602,0.038753,0.23429,0.62698,-0.35524,0.11411
13292,0.1258,-0.00087364,0.066686,0.2567,0.69129,-0.23084,0.14529
13293,0.13912,0.042651,0.090722,0.26384,0.75008,-0.086298,0.16575
13294,0.13425,0.080653,0.11021,0.25118,0.77574,0.048822,0.1729
13295,0.11801,0.10534,0.12223,0.22065,0.75041,0.14464,0.1651
13296,0.094945,0.11216,0.12288,0.18004,0.67732,0.19531,0.14009
13297,0.072858,0.10404,0.10891,0.14594,0.58151,0.21935,0.10144
13298,0.054019,0.089748,0.089748,0.11833,0.48569,0.23851,0.062789
13299,0.041351,0.07773,0.072208,0.091047,0.40124,0.26839,0.03583
13300,0.037454,0.069285,0.059865,0.065387,0.32556,0.31614,0.02706
13301,0.042975,0.064737,0.054344,0.048822,0.2515,0.37915,0.036154
13302,0.055643,0.062464,0.053369,0.043625,0.18557,0.44281,0.064088
13303,0.070259,0.062139,0.055643,0.046873,0.15049,0.48796,0.10436
13304,0.081952,0.058566,0.06019,0.055643,0.16121,0.49998,0.14919
13305,0.083901,0.050446,0.067011,0.064413,0.2135,0.4727,0.18719
13306,0.073182,0.042975,0.071234,0.066362,0.26969,0.41293,0.20798
13307,0.049796,0.040377,0.070584,0.055968,0.27586,0.33043,0.21058
13308,0.019589,0.045574,0.063438,0.033231,0.20051,0.22714,0.19921
13309,-0.0041217,0.058566,0.052395,0.0036737,0.050121,0.10242,0.1742
13310,-0.010943,0.073507,0.043625,-0.018088,-0.14411,-0.042124,0.14626
13311,0.0020496,0.082927,0.037454,-0.02361,-0.3338,-0.19576,0.11671
13312,0.029333,0.081952,0.03453,-0.011592,-0.47867,-0.33607,0.089423
13313,0.054993,0.074482,0.033881,0.003024,-0.555,-0.43644,0.069285
13314,0.072208,0.071234,0.036154,0.013743,-0.55272,-0.47022,0.056292
13315,0.080328,0.07773,0.041027,0.021863,-0.47282,-0.43384,0.037454
13316,0.078379,0.093321,0.048172,0.028359,-0.33932,-0.34809,-0.0021729
13317,0.06961,0.10956,0.054344,0.032582,-0.20323,-0.23636,-0.058365
13318,0.056292,0.1206,0.059216,0.038428,-0.1269,-0.12138,-0.11521
13319,0.042326,0.12093,0.061814,0.048172,-0.15581,-0.022961,-0.15353
13320,0.036479,0.11086,0.066037,0.070909,-0.30002,0.04395,-0.15841
13321,0.036154,0.092996,0.076431,0.10956,-0.52316,0.071883,-0.12398
13322,0.03583,0.069285,0.092346,0.15406,-0.75832,0.063113,-0.059989
13323,0.034855,0.044924,0.10469,0.18589,-0.9334,0.032906,0.010819
13324,0.033556,0.016666,0.10566,0.19011,-0.99933,-0.0057458,0.062464
13325,0.033231,-0.014191,0.092671,0.16478,-0.94899,-0.048945,0.081303
13326,0.030957,-0.046996,0.070259,0.12418,-0.81224,-0.10026,0.071234
13327,0.025436,-0.077203,0.043625,0.083251,-0.6349,-0.15548,0.041027
13328,0.016016,-0.10124,0.018615,0.047523,-0.46178,-0.20648,0.0023744
13329,0.0072465,-0.11228,0.00075039,0.020888,-0.32503,-0.24903,-0.034654
13330,-0.0011985,-0.11131,-0.0089938,0.0039985,-0.23376,-0.28638,-0.063561
13331,-0.0057458,-0.10124,-0.0096434,-0.0034721,-0.18212,-0.32211,-0.077853
13332,-0.0028225,-0.087597,-0.0015233,-0.00087364,-0.15061,-0.35232,-0.074605
13333,0.0078962,-0.072331,0.01017,0.008221,-0.11943,-0.36303,-0.05804
13334,0.023162,-0.052518,0.019589,0.011469,-0.068434,-0.33705,-0.035303
13335,0.030957,-0.030106,0.023487,-0.0011985,0.014068,-0.26689,-0.01549
13336,0.025111,-0.010943,0.019914,-0.030431,0.12645,-0.15808,-0.0028225
13337,0.010495,-0.0011985,0.0072465,-0.067134,0.24695,-0.031406,0.0026992
13338,-0.0015233,0.00075039,-0.017114,-0.10254,0.3457,0.084551,0.0049729
13339,-0.0028225,0.00075039,-0.045697,-0.12755,0.41098,0.1638,0.0095202
13340,0.0033489,0.0017248,-0.066485,-0.13762,0.44996,0.19921,0.019589
13341,0.0088706,0.003024,-0.070382,-0.12982,0.47399,0.20798,0.032906
13342,0.016016,0.0033489,-0.055116,-0.11228,0.48504,0.21252,0.053044
13343,0.023487,0.0065969,-0.030431,-0.090845,0.4727,0.22941,0.078055
13344,0.030633,0.018615,-0.0067202,-0.069733,0.42917,0.25572,0.099817
13345,0.039727,0.037454,0.011469,-0.043748,0.35154,0.27489,0.11378
13346,0.045249,0.057917,0.023487,-0.0093186,0.24858,0.26904,0.11378
13347,0.044924,0.076431,0.032582,0.025436,0.12775,0.23006,0.10209
13348,0.039078,0.088448,0.03583,0.049147,-0.0060706,0.16965,0.091047
13349,0.031932,0.095919,0.036479,0.05142,-0.14249,0.10729,0.092346
13350,0.022512,0.098193,0.035505,0.032906,-0.25682,0.054668,0.10209
13351,0.0088706,0.09397,0.032582,0.00075039,-0.31983,0.012443,0.10696
13352,-0.0063954,0.082927,0.026735,-0.026858,-0.31529,-0.025884,0.097543
13353,-0.019388,0.066362,0.019589,-0.04115,-0.25617,-0.062912,0.074482
13354,-0.028482,0.048497,0.0072465,-0.045047,-0.1636,-0.095717,0.046223
13355,-0.036278,0.023487,-0.010943,-0.04992,-0.057065,-0.11715,0.020564
13356,-0.048296,-0.012242,-0.03238,-0.063561,0.039727,-0.12657,-0.0024977
13357,-0.069733,-0.057065,-0.055766,-0.081426,0.10761,-0.1269,-0.025234
13358,-0.094743,-0.10449,-0.077528,-0.098316,0.13717,-0.12235,-0.048945
13359,-0.1178,-0.13924,-0.095717,-0.10774,0.1284,-0.11586,-0.071357
13360,-0.13112,-0.15093,-0.10741,-0.10871,0.093645,-0.1191,-0.091495
13361,-0.1308,-0.13534,-0.10806,-0.10124,0.046223,-0.14119,-0.10709
13362,-0.11293,-0.093119,-0.097991,-0.091495,-0.0034721,-0.18212,-0.11423
13363,-0.081751,-0.030756,-0.080451,-0.079802,-0.050244,-0.23181,-0.11066
13364,-0.046671,0.039402,-0.059989,-0.070707,-0.084024,-0.27176,-0.094743
13365,-0.012242,0.10242,-0.039851,-0.061937,-0.080451,-0.27858,-0.068434
13366,0.023812,0.14789,-0.020037,-0.04927,-0.011917,-0.23603,-0.033354
13367,0.059541,0.17874,0.00010078,-0.028482,0.12158,-0.14411,0.003024
13368,0.089098,0.19693,0.020239,-0.0034721,0.28203,-0.028157,0.032906
13369,0.10371,0.19888,0.03583,0.023812,0.4152,0.080653,0.050121
13370,0.099817,0.18394,0.0433,0.050771,0.49998,0.15796,0.055968
13371,0.080978,0.15146,0.047847,0.080653,0.56462,0.20246,0.056292
13372,0.056617,0.10859,0.05272,0.10859,0.65199,0.23006,0.057267
13373,0.034206,0.058566,0.055643,0.12158,0.7582,0.2528,0.059541
13374,0.012768,0.0046481,0.052395,0.099492,0.82836,0.26612,0.059541
13375,-0.0076946,-0.050244,0.038753,0.029983,0.79426,0.25507,0.05272
13376,-0.030106,-0.10286,0.011794,-0.068758,0.62925,0.20181,0.03518
13377,-0.054467,-0.14671,-0.01614,-0.15841,0.37395,0.11183,0.0043233
13378,-0.080127,-0.17432,-0.029457,-0.19738,0.11833,0.01829,-0.023935
13379,-0.10384,-0.18471,-0.025559,-0.16523,-0.039526,-0.043423,-0.037577
13380,-0.11878,-0.17757,-0.012892,-0.083375,-0.047646,-0.059014,-0.028157
13381,-0.1178,-0.15808,0.00075039,0.0095202,0.082277,-0.040825,0.00010078
13382,-0.10156,-0.1295,0.013093,0.076431,0.28106,-0.02426,0.033881
13383,-0.077203,-0.093444,0.020564,0.10371,0.45613,-0.041799,0.056942
13384,-0.052843,-0.048296,0.024137,0.10242,0.54155,-0.095393,0.056942
13385,-0.032055,0.0065969,0.029009,0.094295,0.52726,-0.14964,0.03453
13386,-0.010943,0.06896,0.040377,0.092346,0.44476,-0.16198,0.0023744
13387,0.012443,0.12807,0.06019,0.10534,0.33368,-0.10676,-0.018738
13388,0.040052,0.17257,0.083576,0.13425,0.22877,0.0010752,-0.014191
13389,0.072533,0.19499,0.10664,0.17095,0.15179,0.12548,0.021213
13390,0.11021,0.19661,0.12548,0.2096,0.11281,0.23331,0.080653
13391,0.14919,0.18622,0.14204,0.24241,0.11021,0.3051,0.15016
13392,0.18134,0.17095,0.15763,0.26027,0.13847,0.33368,0.2083
13393,0.19628,0.15373,0.1729,0.25702,0.17582,0.32621,0.23981
13394,0.18784,0.12775,0.18459,0.23396,0.19661,0.29503,0.24111
13395,0.15503,0.085525,0.18394,0.19823,0.17907,0.25897,0.21805
13396,0.10891,0.029658,0.16868,0.16445,0.11573,0.24436,0.18654
13397,0.067011,-0.025559,0.14237,0.13977,0.023162,0.27067,0.1625
13398,0.036804,-0.064211,0.11346,0.13165,-0.066485,0.32588,0.15081
13399,0.01829,-0.08305,0.088124,0.13457,-0.12073,0.37395,0.14302
13400,0.0036737,-0.081426,0.06961,0.13912,-0.11651,0.3733,0.12255
13401,-0.0093186,-0.06551,0.057592,0.13457,-0.054142,0.30899,0.082277
13402,-0.021337,-0.040825,0.048172,0.11118,0.043625,0.19596,0.024786
13403,-0.030756,-0.01484,0.038428,0.067336,0.14042,0.071234,-0.037902
13404,-0.038876,0.0046481,0.02641,0.011144,0.21188,-0.030106,-0.091495
13405,-0.045697,0.015367,0.013093,-0.038551,0.23818,-0.092469,-0.13404
13406,-0.04992,0.021538,0.0033489,-0.070058,0.20278,-0.12527,-0.16555
13407,-0.053168,0.02641,-0.0015233,-0.0837,0.098842,-0.14087,-0.18829
13408,-0.056091,0.033881,-0.007045,-0.0837,-0.052518,-0.14801,-0.20453
13409,-0.056416,0.042975,-0.016464,-0.075255,-0.21622,-0.14346,-0.2133
13410,-0.053817,0.052395,-0.028482,-0.070707,-0.35979,-0.11618,-0.212
13411,-0.054467,0.06084,-0.041799,-0.077203,-0.4686,-0.061288,-0.2042
13412,-0.053492,0.066362,-0.053168,-0.097017,-0.53128,0.032906,-0.19056
13413,-0.050244,0.06896,-0.062587,-0.12008,-0.54233,0.17582,-0.16945
13414,-0.041799,0.069285,-0.067134,-0.13437,-0.51634,0.36356,-0.13989
13415,-0.030431,0.070259,-0.06551,-0.13372,-0.49556,0.56364,-0.11488
13416,-0.022311,0.066686,-0.062587,-0.11813,-0.50595,0.73514,-0.10514
13417,-0.020037,0.056942,-0.062912,-0.093119,-0.54135,0.84363,-0.10546
13418,-0.021661,0.0433,-0.066485,-0.067784,-0.56019,0.87903,-0.10254
13419,-0.020037,0.029658,-0.068434,-0.045047,-0.50238,0.85499,-0.080776
13420,-0.0076946,0.020564,-0.065835,-0.018413,-0.31236,0.79361,-0.031081
13421,0.020239,0.014717,-0.055766,0.019264,0.021213,0.71533,0.038103
13422,0.062789,0.015042,-0.038876,0.067011,0.45158,0.62438,0.11313
13423,0.10729,0.023487,-0.018413,0.11183,0.88293,0.50875,0.17842
13424,0.14561,0.038753,0.0072465,0.14237,1.2262,0.35999,0.22714
13425,0.17452,0.065062,0.041027,0.16088,1.4224,0.19563,0.25962
13426,0.19434,0.099817,0.081627,0.18069,1.4465,0.05272,0.28041
13427,0.20765,0.13847,0.1232,0.20928,1.2834,-0.044398,0.29015
13428,0.21545,0.1729,0.15893,0.2463,0.94432,-0.092469,0.28528
13429,0.2161,0.19434,0.17874,0.28333,0.49641,-0.11326,0.26319
13430,0.20311,0.19693,0.1768,0.30282,0.061489,-0.13664,0.22097
13431,0.17874,0.17485,0.15601,0.28528,-0.24026,-0.18764,0.15568
13432,0.14302,0.13295,0.11995,0.22454,-0.34842,-0.27176,0.069934
13433,0.096244,0.077405,0.067661,0.13522,-0.29937,-0.37668,-0.023285
13434,0.044924,0.019914,0.0062721,0.039078,-0.17789,-0.48159,-0.11391
13435,-0.0015233,-0.030106,-0.050569,-0.045047,-0.049595,-0.55629,-0.18601
13436,-0.034329,-0.063886,-0.090845,-0.10644,0.059865,-0.5852,-0.22402
13437,-0.047971,-0.075255,-0.11098,-0.13599,0.15146,-0.56669,-0.21849
13438,-0.039526,-0.06551,-0.11261,-0.13697,0.23039,-0.5053,-0.16912
13439,-0.011267,-0.042449,-0.098965,-0.11845,0.29308,-0.4137,-0.087597
13440,0.030633,-0.013216,-0.071682,-0.093444,0.31127,-0.31009,0.0065969
13441,0.073182,0.012768,-0.032705,-0.062912,0.24825,-0.22109,0.092346
13442,0.10566,0.034855,0.0085458,-0.01549,0.091047,-0.16588,0.15698
13443,0.11995,0.053369,0.041676,0.054993,-0.1269,-0.15353,0.19369
13444,0.11606,0.068635,0.064737,0.14237,-0.35232,-0.18829,0.20376
13445,0.10079,0.078055,0.074157,0.22097,-0.55662,-0.26429,0.19271
13446,0.081303,0.080003,0.069285,0.25605,-0.74014,-0.35979,0.16803
13447,0.057592,0.070259,0.050121,0.21935,-0.90221,-0.44651,0.13879
13448,0.031607,0.048497,0.020888,0.10956,-1.0221,-0.50725,0.10826
13449,0.0075714,0.015042,-0.010943,-0.046022,-1.0682,-0.54298,0.075456
13450,-0.011267,-0.019712,-0.038227,-0.19933,-1.0256,-0.56279,0.037778
13451,-0.025234,-0.046347,-0.050244,-0.31269,-0.91196,-0.57448,-0.0073698
13452,-0.033354,-0.054142,-0.043099,-0.37473,-0.7632,-0.5813,-0.059014
13453,-0.033679,-0.042449,-0.020362,-0.38804,-0.60469,-0.58325,-0.10968
13454,-0.025884,-0.015815,0.0059473,-0.34972,-0.45203,-0.57221,-0.14152
13455,-0.0096434,0.018615,0.029333,-0.24156,-0.31204,-0.53551,-0.14281
13456,0.0091954,0.048172,0.047198,-0.051544,-0.18439,-0.46372,-0.11553
13457,0.021213,0.061489,0.062464,0.19758,-0.067459,-0.35914,-0.068758
13458,0.020888,0.058566,0.075781,0.44216,0.032582,-0.22597,-0.018413
13459,0.0095202,0.045249,0.084551,0.60684,0.10794,-0.073631,0.023487
13460,-0.0057458,0.029009,0.0852,0.65459,0.14594,0.07708,0.051096
13461,-0.017114,0.013743,0.078379,0.59352,0.13295,0.19628,0.065062
13462,-0.027508,0.00010078,0.065387,0.46133,0.065387,0.2489,0.070909
13463,-0.037252,-0.0089938,0.048497,0.31192,-0.046022,0.2161,0.069934
13464,-0.046347,-0.0099683,0.034206,0.18654,-0.16977,0.11703,0.062464
13465,-0.051544,-0.0034721,0.027385,0.10859,-0.25455,-0.0047713,0.050771
13466,-0.047321,0.0062721,0.030633,0.074482,-0.24286,-0.089546,0.036154
13467,-0.030431,0.015042,0.038103,0.061489,-0.11391,-0.091495,0.020564
13468,-0.0089938,0.016991,0.038753,0.037778,0.088124,0.0043233,0.0020496
13469,0.0023744,0.0056225,0.026085,-0.01614,0.27781,0.18167,-0.018738
13470,0.00010078,-0.018738,0.0046481,-0.098316,0.37265,0.39734,-0.038551
13471,-0.010943,-0.046022,-0.017114,-0.18471,0.33887,0.59417,-0.053492
13472,-0.019063,-0.062912,-0.028482,-0.24935,0.20343,0.7241,-0.059664
13473,-0.013216,-0.060313,-0.029132,-0.27728,0.03583,0.77087,-0.059664
13474,0.0046481,-0.03238,-0.017764,-0.26949,-0.078178,0.74651,-0.057715
13475,0.028359,0.016016,0.0036737,-0.23474,-0.086298,0.66953,-0.051868
13476,0.047847,0.069934,0.027709,-0.18796,-0.0037969,0.56039,-0.043099
13477,0.059216,0.11313,0.044924,-0.15093,0.090722,0.44086,-0.036602
13478,0.059865,0.13457,0.043625,-0.14054,0.10696,0.33465,-0.037902
13479,0.051745,0.13262,0.021863,-0.15743,0.0062721,0.26027,-0.043099
13480,0.039078,0.11054,-0.011267,-0.18374,-0.18082,0.21805,-0.038876
13481,0.02641,0.081303,-0.0405,-0.20225,-0.38025,0.19174,-0.020687
13482,0.013418,0.056292,-0.054792,-0.19836,-0.51927,0.16413,0.0095202
13483,0.0026992,0.042975,-0.054792,-0.174,-0.56409,0.12775,0.050771
13484,0.00075039,0.041351,-0.044073,-0.13534,-0.51797,0.084226,0.10209
13485,0.011469,0.042975,-0.030106,-0.092145,-0.40234,0.046548,0.15796
13486,0.033881,0.042326,-0.019712,-0.053817,-0.24253,0.031282,0.2096
13487,0.062789,0.039078,-0.015165,-0.027508,-0.069408,0.054344,0.24695
13488,0.091696,0.035505,-0.012567,-0.011592,0.082602,0.13912,0.27229
13489,0.11216,0.029658,-0.0083442,-0.0015233,0.18622,0.30445,0.29178
13490,0.11866,0.02706,0.0033489,0.012119,0.23461,0.54708,0.31971
13491,0.11183,0.029333,0.023812,0.031282,0.25085,0.82868,0.35966
13492,0.09462,0.035505,0.046873,0.056292,0.26125,1.0827,0.39669
13493,0.075781,0.038428,0.065062,0.081627,0.27294,1.2363,0.41098
13494,0.064413,0.038103,0.075781,0.097218,0.26774,1.2383,0.39344
13495,0.064413,0.038103,0.076106,0.096244,0.20668,1.0736,0.34082
13496,0.074157,0.041676,0.071558,0.084876,0.068635,0.76665,0.25767
13497,0.0865,0.041676,0.067661,0.084551,-0.12657,0.36421,0.14854
13498,0.095919,0.033231,0.063438,0.11443,-0.32113,-0.071032,0.022837
13499,0.095594,0.015692,0.058891,0.17582,-0.45301,-0.46795,-0.098641
13500,0.081303,-0.0054209,0.05207,0.2515,-0.48679,-0.77716,-0.19738
13501,0.057592,-0.022961,0.04395,0.31419,-0.43254,-0.98926,-0.26722
13502,0.032257,-0.025234,0.033556,0.34017,-0.33607,-1.1205,-0.31301
13503,0.0078962,-0.0099683,0.024137,0.32296,-0.2552,-1.1913,-0.34127
13504,-0.011592,0.016991,0.017316,0.27456,-0.23051,-1.2244,-0.36141
13505,-0.024585,0.042326,0.012443,0.21805,-0.26819,-1.2455,-0.37505
13506,-0.030431,0.056942,0.0072465,0.169,-0.32958,-1.2702,-0.3796
13507,-0.031081,0.057917,0.003024,0.1323,-0.35751,-1.2913,-0.36888
13508,-0.030431,0.046223,0.0026992,0.10371,-0.31626,-1.2894,-0.34095
13509,-0.033354,0.025436,0.0078962,0.076431,-0.20778,-1.2481,-0.29807
13510,-0.040825,-0.0021729,0.020239,0.046223,-0.072981,-1.1647,-0.2513
13511,-0.048296,-0.030106,0.032906,0.016341,0.044599,-1.0451,-0.20972
13512,-0.051868,-0.052193,0.041676,-0.0076946,0.12255,-0.89377,-0.17497
13513,-0.050894,-0.056741,0.0433,-0.026858,0.14984,-0.70895,-0.14509
13514,-0.047646,-0.046996,0.032906,-0.046996,0.1284,-0.50303,-0.11261
13515,-0.047321,-0.030756,0.013093,-0.071032,0.074482,-0.30489,-0.080451
13516,-0.052843,-0.018738,-0.0099683,-0.093444,0.013093,-0.14444,-0.06551
13517,-0.063886,-0.017114,-0.030431,-0.10611,-0.030431,-0.031406,-0.079477
13518,-0.080451,-0.023935,-0.040825,-0.10059,-0.041475,0.045899,-0.1204
13519,-0.098316,-0.035628,-0.039851,-0.078503,-0.022636,0.11606,-0.16263
13520,-0.10644,-0.046347,-0.033354,-0.052518,0.020239,0.20733,-0.17724
13521,-0.097017,-0.048296,-0.029782,-0.035628,0.083251,0.33205,-0.14866
13522,-0.070707,-0.041799,-0.034654,-0.038551,0.15763,0.46782,-0.0824
13523,-0.037902,-0.030431,-0.050894,-0.062912,0.23169,0.56657,-0.0021729
13524,-0.0093186,-0.017114,-0.071032,-0.097991,0.28626,0.57631,0.062139
13525,0.015367,-0.0018481,-0.080776,-0.1282,0.30542,0.47075,0.094945
13526,0.033231,0.022837,-0.071357,-0.14119,0.29178,0.28236,0.10014
13527,0.046548,0.058566,-0.046347,-0.13404,0.26125,0.083251,0.093645
13528,0.061489,0.10209,-0.013216,-0.11423,0.23656,-0.06551,0.095269
13529,0.082602,0.14172,0.01894,-0.09117,0.23006,-0.1334,0.12125
13530,0.10924,0.16738,0.042975,-0.073631,0.24403,-0.11748,0.17387
13531,0.14139,0.17582,0.060515,-0.057715,0.28268,-0.017439,0.24566
13532,0.17842,0.17192,0.073832,-0.040825,0.34992,0.16023,0.32913
13533,0.22,0.16153,0.087149,-0.027183,0.43827,0.38792,0.41261
13534,0.25313,0.15211,0.098842,-0.024909,0.52142,0.61464,0.48374
13535,0.25962,0.14594,0.10501,-0.027183,0.56332,0.77899,0.52791
13536,0.23104,0.14204,0.10339,-0.019712,0.53636,0.8381,0.53928
13537,0.1729,0.1336,0.096893,0.012119,0.43469,0.77672,0.5159
13538,0.10209,0.11703,0.088773,0.076755,0.28171,0.60652,0.46328
13539,0.037454,0.098842,0.07708,0.16413,0.10989,0.37071,0.38792
13540,-0.012242,0.084226,0.070584,0.25313,-0.047321,0.12775,0.29762
13541,-0.046347,0.074482,0.06896,0.31419,-0.16393,-0.069083,0.19141
13542,-0.069408,0.064737,0.067986,0.32686,-0.23116,-0.18049,0.068635
13543,-0.085324,0.045899,0.06084,0.29373,-0.25585,-0.18731,-0.056741
13544,-0.093769,0.014717,0.044599,0.22909,-0.2435,-0.10579,-0.1662
13545,-0.096042,-0.025884,0.025111,0.15146,-0.2055,0.023162,-0.24188
13546,-0.095717,-0.072006,0.003024,0.083576,-0.15029,0.14334,-0.27923
13547,-0.096042,-0.11651,-0.016464,0.0433,-0.084349,0.21123,-0.28995
13548,-0.097341,-0.14801,-0.027508,0.028034,-0.01549,0.21642,-0.29288
13549,-0.098965,-0.15841,-0.03173,0.022188,0.045249,0.17095,-0.30457
13550,-0.096042,-0.14704,-0.033354,0.010495,0.093645,0.10436,-0.32308
13551,-0.084024,-0.11618,-0.033354,-0.011592,0.1336,0.047523,-0.3364
13552,-0.065186,-0.073306,-0.027183,-0.042774,0.17257,0.011794,-0.3338
13553,-0.04927,-0.031081,-0.019388,-0.079152,0.21512,-0.011267,-0.31171
13554,-0.043748,-0.0028225,-0.01549,-0.10936,0.26222,-0.036602,-0.27274
13555,-0.052518,0.0052977,-0.019063,-0.12365,0.32686,-0.072006,-0.22467
13556,-0.069083,-0.0060706,-0.028157,-0.12008,0.4308,-0.10774,-0.17042
13557,-0.079477,-0.027833,-0.034978,-0.097666,0.588,-0.1243,-0.10838
13558,-0.074605,-0.047971,-0.037252,-0.060313,0.78419,-0.099615,-0.034978
13559,-0.052193,-0.056416,-0.028157,-0.014191,0.96413,-0.034004,0.049147
13560,-0.021661,-0.048296,-0.0063954,0.03453,1.059,0.041351,0.13457
13561,0.0088706,-0.026533,0.023162,0.074157,1.0281,0.092021,0.20733
13562,0.030308,0.00042559,0.046873,0.089423,0.87513,0.10209,0.2489
13563,0.042975,0.024137,0.059216,0.080003,0.64712,0.082602,0.25313
13564,0.051096,0.039727,0.060515,0.054668,0.39669,0.065712,0.22487
13565,0.063438,0.054993,0.055318,0.025436,0.16543,0.075781,0.17192
13566,0.075456,0.073832,0.045899,0.0014,-0.027833,0.11508,0.10501
13567,0.085525,0.096569,0.036479,-0.0089938,-0.18277,0.16965,0.041027
13568,0.0865,0.11443,0.029333,-0.0054209,-0.30327,0.22747,-0.0037969
13569,0.081952,0.11833,0.027709,0.0059473,-0.38837,0.27521,-0.019712
13570,0.081952,0.10696,0.030957,0.01764,-0.43092,0.30477,-0.0060706
13571,0.09462,0.089098,0.038103,0.035505,-0.43352,0.30412,0.036154
13572,0.12028,0.06896,0.045249,0.066362,-0.40818,0.26449,0.095594
13573,0.14334,0.051745,0.049472,0.10436,-0.38057,0.18979,0.15373
13574,0.14626,0.037454,0.048497,0.1336,-0.37765,0.091696,0.19726
13575,0.11638,0.024461,0.040702,0.14204,-0.41013,-0.02361,0.21252
13576,0.058891,0.012768,0.027709,0.1271,-0.47119,-0.14866,0.19888
13577,-0.0034721,-0.00022403,0.013418,0.097868,-0.53616,-0.25715,0.1664
13578,-0.045047,-0.0076946,0.003024,0.065387,-0.58065,-0.31561,0.13295
13579,-0.051219,-0.0047713,-0.0018481,0.041676,-0.5839,-0.2971,0.11378
13580,-0.027508,0.008221,-0.0044465,0.03583,-0.52511,-0.19803,0.11638
13581,0.0075714,0.026735,-0.0041217,0.046873,-0.39974,-0.046022,0.13944
13582,0.037454,0.042651,0.0046481,0.070259,-0.23863,0.11183,0.17192
13583,0.05142,0.051096,0.024461,0.097543,-0.088896,0.23039,0.20051
13584,0.054344,0.054668,0.053694,0.12093,0.01017,0.29243,0.2161
13585,0.054344,0.06084,0.081627,0.13295,0.052395,0.31841,0.22097
13586,0.057592,0.076755,0.097218,0.13262,0.067661,0.34115,0.2187
13587,0.064737,0.10566,0.10014,0.12028,0.096893,0.39312,0.2148
13588,0.07773,0.14496,0.095919,0.099817,0.1677,0.48309,0.20668
13589,0.097868,0.18037,0.089098,0.072858,0.26904,0.5932,0.19206
13590,0.12125,0.19531,0.075456,0.037129,0.36843,0.68447,0.1742
13591,0.13847,0.17745,0.054019,-0.0031473,0.44541,0.71987,0.15926
13592,0.13555,0.12743,0.027709,-0.039851,0.49738,0.68252,0.15049
13593,0.11216,0.053369,-0.00087364,-0.059664,0.52564,0.58151,0.14399
13594,0.073182,-0.029457,-0.028482,-0.063886,0.52239,0.44281,0.12548
13595,0.023812,-0.10091,-0.054142,-0.055766,0.4636,0.2934,0.086175
13596,-0.02361,-0.14639,-0.071357,-0.040175,0.32263,0.14724,0.027709
13597,-0.053817,-0.15711,-0.073631,-0.015815,0.097868,0.0049729,-0.032055
13598,-0.060638,-0.13469,-0.062262,0.013093,-0.1753,-0.13404,-0.072981
13599,-0.042774,-0.095393,-0.043423,0.037778,-0.44229,-0.26202,-0.084674
13600,-0.013866,-0.055116,-0.023935,0.05142,-0.65179,-0.36921,-0.071682
13601,0.0075714,-0.025559,-0.0080194,0.052395,-0.77521,-0.45106,-0.050569
13602,0.014717,-0.008669,0.0023744,0.045899,-0.81647,-0.50595,-0.041475
13603,0.0085458,-0.0018481,0.009845,0.041027,-0.80477,-0.53096,-0.051219
13604,-0.0041217,0.00042559,0.017316,0.043625,-0.77456,-0.52479,-0.071682
13605,-0.01549,0.0026992,0.023162,0.056617,-0.73364,-0.49198,-0.097666
13606,-0.020037,0.0091954,0.027385,0.076106,-0.67063,-0.44521,-0.13047
13607,-0.018738,0.015367,0.028359,0.096244,-0.56636,-0.39681,-0.16977
13608,-0.011267,0.022188,0.027385,0.11313,-0.41338,-0.35134,-0.20583
13609,-0.0011985,0.030308,0.025436,0.11671,-0.21849,-0.29353,-0.22434
13610,0.0065969,0.040702,0.023162,0.10177,-0.00087364,-0.2146,-0.22044
13611,0.010495,0.048497,0.021863,0.076106,0.21188,-0.11228,-0.19543
13612,0.010495,0.05207,0.022512,0.05272,0.39507,-0.0021729,-0.15386
13613,0.0085458,0.051096,0.026085,0.037454,0.53149,0.087149,-0.10481
13614,0.0085458,0.046873,0.02706,0.029009,0.61659,0.13262,-0.058689
13615,0.011469,0.039078,0.024786,0.020564,0.65231,0.1297,-0.024909
13616,0.013743,0.028359,0.020239,0.0088706,0.64744,0.10014,-0.0073698
13617,0.014717,0.014392,0.015367,0.0033489,0.61594,0.067336,-0.0047713
13618,0.010495,0.00075039,0.010495,0.0059473,0.56916,0.04395,-0.013866
13619,-0.00087364,-0.010943,0.0085458,0.013418,0.52661,0.033881,-0.02426
13620,-0.017114,-0.012242,0.013093,0.01829,0.50323,0.04395,-0.028482
13621,-0.032055,-0.0021729,0.020239,0.016991,0.50063,0.071883,-0.022636
13622,-0.041475,0.017316,0.025111,0.0072465,0.50453,0.10826,-0.0044465
13623,-0.04115,0.038428,0.024786,-0.0083442,0.49024,0.13782,0.020239
13624,-0.028807,0.05142,0.016341,-0.027508,0.43957,0.14367,0.044275
13625,-0.0050961,0.053694,0.0052977,-0.04927,0.33985,0.11736,0.067011
13626,0.023162,0.046223,-0.0037969,-0.06681,0.18946,0.068635,0.086824
13627,0.050771,0.036479,-0.0083442,-0.07428,0.00010078,0.014068,0.10242
13628,0.071883,0.026735,-0.0063954,-0.070058,-0.19024,-0.03238,0.11346
13629,0.080978,0.024137,-0.0018481,-0.061288,-0.33575,-0.06551,0.11833
13630,0.077405,0.030633,0.0056225,-0.055116,-0.39681,-0.084674,0.11995
13631,0.063763,0.046223,0.017316,-0.053168,-0.36498,-0.093444,0.12093
13632,0.050121,0.067986,0.034206,-0.043423,-0.25292,-0.10059,0.12353
13633,0.042001,0.092021,0.055643,-0.022311,-0.090845,-0.11196,0.12255
13634,0.041676,0.11054,0.079029,0.0088706,0.078379,-0.12722,0.11638
13635,0.043625,0.11931,0.10501,0.048822,0.21902,-0.12885,0.10696
13636,0.042001,0.11866,0.12872,0.10177,0.32426,-0.10709,0.095269
13637,0.039402,0.10891,0.13977,0.16445,0.40221,-0.070058,0.080328
13638,0.03583,0.089748,0.131,0.21415,0.45028,-0.034654,0.055968
13639,0.02641,0.062464,0.10209,0.22097,0.45613,-0.0093186,0.020564
13640,0.012768,0.032257,0.062139,0.17777,0.42852,0.0072465,-0.019712
13641,-0.0024977,0.0095202,0.025111,0.10436,0.40676,0.022188,-0.052193
13642,-0.013216,0.00042559,0.0033489,0.036479,0.42073,0.037454,-0.070707
13643,-0.014516,0.0052977,-0.0018481,-0.0031473,0.4584,0.043625,-0.079152
13644,-0.0060706,0.019264,0.0039985,-0.013216,0.47075,0.019589,-0.087272
13645,0.0046481,0.033556,0.012119,-0.0067202,0.40708,-0.060638,-0.10774
13646,0.0095202,0.042651,0.017965,-0.00054884,0.2515,-0.20225,-0.14736
13647,0.0039985,0.045899,0.017316,-0.00087364,0.03453,-0.37245,-0.19803
13648,-0.0093186,0.046873,0.012768,-0.0089938,-0.19348,-0.51374,-0.23993
13649,-0.025884,0.051096,0.0088706,-0.020037,-0.38674,-0.56961,-0.25585
13650,-0.038551,0.062139,0.0085458,-0.028482,-0.51374,-0.51634,-0.23961
13651,-0.039526,0.076431,0.0078962,-0.030106,-0.55435,-0.37083,-0.19413
13652,-0.024909,0.084226,0.0046481,-0.02426,-0.51017,-0.18991,-0.13469
13653,0.00010078,0.081952,-0.00054884,-0.0089938,-0.41305,-0.039526,-0.078503
13654,0.028684,0.067986,-0.0063954,0.011794,-0.30814,0.036154,-0.030431
13655,0.055643,0.050121,-0.011267,0.028684,-0.23376,0.040702,0.013093
13656,0.075131,0.03583,-0.012242,0.039727,-0.2081,0.0059473,0.051745
13657,0.080978,0.028684,-0.0057458,0.051096,-0.23084,-0.042774,0.078379
13658,0.069934,0.027385,0.0072465,0.063438,-0.28768,-0.086623,0.086824
13659,0.042001,0.025761,0.015692,0.066362,-0.36303,-0.11261,0.072858
13660,0.0046481,0.017965,0.012443,0.050771,-0.44001,-0.11001,0.040702
13661,-0.029457,0.0078962,-0.0024977,0.012443,-0.50692,-0.068434,0.0014
13662,-0.053492,-0.0024977,-0.024585,-0.046671,-0.55045,0.0056225,-0.037577
13663,-0.065186,-0.013541,-0.046022,-0.11033,-0.56734,0.091047,-0.069083
13664,-0.061937,-0.029132,-0.061613,-0.15386,-0.54817,0.17192,-0.0824
13665,-0.04115,-0.044073,-0.067459,-0.16653,-0.46632,0.25183,-0.062262
13666,-0.0011985,-0.047646,-0.062262,-0.14866,-0.29937,0.33985,0.0014
13667,0.051745,-0.027508,-0.044398,-0.10968,-0.06551,0.42982,0.10599
13668,0.10436,0.014068,-0.018738,-0.064536,0.16803,0.49478,0.22974
13669,0.14432,0.057267,0.0052977,-0.028807,0.32393,0.50972,0.33823
13670,0.16478,0.084876,0.012443,-0.013216,0.36194,0.46035,0.39864
13671,0.16218,0.0865,0.0026992,-0.0099683,0.2921,0.33725,0.39799
13672,0.14074,0.069934,-0.013541,-0.0037969,0.16835,0.16283,0.34667
13673,0.11476,0.045574,-0.019063,0.018615,0.06896,-0.0041217,0.27391
13674,0.095594,0.022188,-0.010618,0.06084,0.053694,-0.095393,0.2109
13675,0.086824,0.003024,0.0085458,0.11021,0.14529,-0.060963,0.17712
13676,0.082277,-0.010943,0.034855,0.14756,0.31062,0.10371,0.17192
13677,0.078055,-0.019712,0.061165,0.15991,0.461,0.34147,0.18264
13678,0.071234,-0.024909,0.080978,0.14886,0.49901,0.56104,0.18979
13679,0.057917,-0.03173,0.088448,0.12385,0.38045,0.67862,0.16868
13680,0.039727,-0.0405,0.082277,0.099817,0.13522,0.66466,0.11313
13681,0.018615,-0.045047,0.067986,0.081952,-0.14152,0.54513,0.036154
13682,0.0020496,-0.039526,0.05272,0.066686,-0.35232,0.37883,-0.039526
13683,-0.0063954,-0.023285,0.041027,0.058891,-0.44943,0.207,-0.09929
13684,-0.010943,-0.0028225,0.037454,0.06831,-0.45301,0.040702,-0.13762
13685,-0.019063,0.009845,0.038103,0.10794,-0.41825,-0.13112,-0.15711
13686,-0.03238,0.011469,0.041027,0.18297,-0.40493,-0.31431,-0.16425
13687,-0.048945,0.0062721,0.041676,0.28073,-0.44261,-0.50108,-0.16198
13688,-0.061613,0.00075039,0.041027,0.36616,-0.52154,-0.66803,-0.15451
13689,-0.062912,-0.0018481,0.040377,0.40611,-0.60631,-0.79016,-0.14119
13690,-0.053492,0.00010078,0.040052,0.37688,-0.65861,-0.84602,-0.12235
13691,-0.039851,0.0069217,0.03583,0.28041,-0.65081,-0.83206,-0.10189
13692,-0.027833,0.013743,0.028034,0.13879,-0.57903,-0.7593,-0.083375
13693,-0.019388,0.01829,0.013418,-0.0028225,-0.45625,-0.64237,-0.06551
13694,-0.014516,0.020564,-0.0024977,-0.09994,-0.28995,-0.49685,-0.042774
13695,-0.010943,0.022837,-0.013866,-0.13242,-0.086623,-0.33997,-0.0073698
13696,-0.0024977,0.031932,-0.017114,-0.10709,0.1349,-0.19219,0.039727
13697,0.013093,0.05207,-0.011917,-0.047971,0.32653,-0.070382,0.089423
13698,0.038103,0.083251,0.0014,0.012768,0.43567,0.013743,0.1297
13699,0.063438,0.11931,0.019589,0.050446,0.4243,0.052395,0.14139
13700,0.080328,0.14724,0.03453,0.056292,0.2921,0.058241,0.11281
13701,0.078704,0.15893,0.041027,0.034855,0.070909,0.060515,0.048822
13702,0.057267,0.15438,0.036804,-0.0021729,-0.17724,0.090397,-0.035303
13703,0.025436,0.13522,0.024461,-0.037577,-0.39064,0.15926,-0.11651
13704,-0.0060706,0.11054,0.0085458,-0.063886,-0.52251,0.25995,-0.17302
13705,-0.023935,0.087799,-0.0028225,-0.079477,-0.55077,0.38337,-0.18926
13706,-0.023285,0.064413,-0.010293,-0.086948,-0.4634,0.5107,-0.16035
13707,-0.0093186,0.038753,-0.013541,-0.091495,-0.26104,0.61334,-0.097341
13708,0.0091954,0.009845,-0.011917,-0.090845,0.020239,0.66758,-0.021337
13709,0.026735,-0.018738,-0.0037969,-0.084349,0.30737,0.66498,0.040702
13710,0.042001,-0.039526,0.0095202,-0.069408,0.52337,0.61204,0.078704
13711,0.052395,-0.049595,0.024137,-0.042449,0.62665,0.53668,0.096244
13712,0.051745,-0.047646,0.036804,-0.0057458,0.61659,0.45905,0.10729
13713,0.041351,-0.038227,0.046548,0.03518,0.53701,0.37948,0.1206
13714,0.028034,-0.023285,0.056942,0.080328,0.45743,0.27684,0.1323
13715,0.020888,-0.0057458,0.068635,0.12775,0.4295,0.12678,0.12905
13716,0.020239,0.0091954,0.079679,0.15828,0.46133,-0.057715,0.098842
13717,0.01829,0.014392,0.07708,0.14009,0.51784,-0.24318,0.039727
13718,0.0095202,0.0046481,0.055318,0.055968,0.54318,-0.40721,-0.046022
13719,-0.0050961,-0.012892,0.020888,-0.072006,0.49056,-0.56214,-0.14996
13720,-0.019063,-0.02426,-0.010618,-0.19738,0.35966,-0.71383,-0.2526
13721,-0.020687,-0.019388,-0.026858,-0.27469,0.18492,-0.84212,-0.32503
13722,-0.0037969,0.0026992,-0.025559,-0.28378,0.015042,-0.90254,-0.34484
13723,0.031607,0.03518,-0.011592,-0.23311,-0.11521,-0.85934,-0.30619
13724,0.072208,0.073507,0.0091954,-0.15093,-0.19608,-0.71123,-0.22694
13725,0.10696,0.11866,0.032906,-0.076229,-0.24026,-0.49361,-0.13372
13726,0.12743,0.16608,0.054668,-0.036927,-0.27404,-0.2461,-0.043423
13727,0.13132,0.2044,0.06831,-0.036602,-0.32243,-0.010293,0.037129
13728,0.12028,0.21772,0.069285,-0.056416,-0.39389,0.17712,0.095594
13729,0.097868,0.19986,0.058891,-0.076229,-0.47672,0.29665,0.12515
13730,0.067661,0.15373,0.042001,-0.078503,-0.54363,0.34635,0.12418
13731,0.028359,0.091047,0.023162,-0.062587,-0.55792,0.3379,0.095269
13732,-0.020687,0.028684,0.0059473,-0.037577,-0.48549,0.28496,0.045574
13733,-0.07428,-0.019388,-0.0063954,-0.020687,-0.30652,0.20083,-0.010293
13734,-0.11715,-0.043748,-0.014516,-0.017439,-0.059014,0.10534,-0.055766
13735,-0.13372,-0.04992,-0.021661,-0.030756,0.17322,0.016666,-0.078178
13736,-0.12203,-0.050569,-0.028807,-0.047646,0.31386,-0.051219,-0.067784
13737,-0.089221,-0.051544,-0.034654,-0.052843,0.34082,-0.096042,-0.027508
13738,-0.051868,-0.059339,-0.036278,-0.034978,0.28431,-0.1308,0.02641
13739,-0.023285,-0.069408,-0.03173,-0.0015233,0.19628,-0.16815,0.072858
13740,-0.011267,-0.080451,-0.02361,0.033231,0.12613,-0.21849,0.099817
13741,-0.013866,-0.084999,-0.013216,0.057267,0.12028,-0.27793,0.10436
13742,-0.02426,-0.079802,-0.0031473,0.073182,0.22194,-0.32763,0.094945
13743,-0.035628,-0.069733,0.0020496,0.090072,0.46035,-0.33055,0.086824
13744,-0.037902,-0.057065,0.0052977,0.11346,0.82316,-0.25942,0.094945
13745,-0.028482,-0.04115,0.011794,0.13717,1.2298,-0.123,0.12028
13746,-0.0073698,-0.022311,0.020239,0.15341,1.564,0.036154,0.15276
13747,0.019264,-0.0028225,0.028034,0.15731,1.7297,0.1729,0.18427
13748,0.043625,0.011794,0.033881,0.15081,1.6868,0.26742,0.20603
13749,0.061489,0.019264,0.036154,0.14139,1.4536,0.31711,0.2135
13750,0.070909,0.021538,0.035505,0.13457,1.0937,0.32036,0.20473
13751,0.072858,0.02706,0.033231,0.13002,0.68739,0.28041,0.18102
13752,0.070259,0.036154,0.031282,0.12775,0.2999,0.2109,0.14432
13753,0.072533,0.048172,0.031282,0.12613,-0.027508,0.13684,0.10371
13754,0.082277,0.059216,0.032906,0.12223,-0.26624,0.088773,0.071883
13755,0.099817,0.067011,0.03453,0.10924,-0.40006,0.091047,0.056292
13756,0.11411,0.069934,0.032582,0.08585,-0.42345,0.14529,0.048822
13757,0.11833,0.066686,0.026735,0.061165,-0.36401,0.22941,0.04395
13758,0.11151,0.058241,0.017965,0.04395,-0.27826,0.31679,0.049796
13759,0.10371,0.048822,0.0095202,0.038428,-0.22629,0.3811,0.072208
13760,0.10209,0.040377,0.0049729,0.045899,-0.23831,0.39637,0.10891
13761,0.10404,0.03518,0.0046481,0.063438,-0.30035,0.34894,0.14237
13762,0.10566,0.036804,0.0078962,0.075781,-0.3757,0.26352,0.15146
13763,0.10501,0.047523,0.011794,0.074157,-0.43417,0.18849,0.12548
13764,0.095594,0.066037,0.013093,0.060515,-0.45625,0.1664,0.076106
13765,0.07708,0.086824,0.010495,0.038103,-0.44489,0.20538,0.022512
13766,0.057267,0.10177,0.0062721,0.017316,-0.40526,0.27944,-0.015815
13767,0.038103,0.10631,0.0065969,0.0036737,-0.34842,0.34797,-0.033679
13768,0.021863,0.10014,0.0085458,-0.0024977,-0.28995,0.37558,-0.037577
13769,0.011794,0.086824,0.010819,-0.0054209,-0.25292,0.33952,-0.038551
13770,0.0072465,0.069285,0.012119,-0.0060706,-0.25,0.24013,-0.041799
13771,0.0069217,0.05142,0.014068,-0.0024977,-0.28281,0.10079,-0.044398
13772,0.010819,0.036804,0.01894,0.011469,-0.34647,-0.038551,-0.042774
13773,0.01764,0.029333,0.02706,0.040702,-0.43124,-0.13632,-0.033679
13774,0.026085,0.029333,0.038753,0.088448,-0.51829,-0.17465,-0.01614
13775,0.034206,0.037129,0.055643,0.16315,-0.58553,-0.16458,0.0023744
13776,0.037454,0.048497,0.077405,0.25637,-0.62775,-0.13794,0.015692
13777,0.032257,0.056292,0.096569,0.334,-0.65276,-0.12657,0.023162
13778,0.01764,0.050771,0.10696,0.35901,-0.65958,-0.13664,0.028034
13779,-0.0044465,0.030308,0.099167,0.31192,-0.62158,-0.14606,0.033881
13780,-0.029782,-0.00087364,0.073507,0.20246,-0.51277,-0.1282,0.043625
13781,-0.046996,-0.027183,0.039727,0.070584,-0.33413,-0.079152,0.061165
13782,-0.050894,-0.036278,0.013418,-0.03238,-0.13599,-0.019388,0.082927
13783,-0.044073,-0.025234,0.0020496,-0.084024,0.013418,0.021863,0.10079
13784,-0.03173,-0.0021729,0.0039985,-0.088572,0.065387,0.032257,0.11118
13785,-0.01614,0.024137,0.014717,-0.062912,0.01894,0.029009,0.11151
13786,0.00075039,0.041676,0.030957,-0.023285,-0.084999,0.047198,0.11346
13787,0.019264,0.045574,0.046548,0.01017,-0.19543,0.11086,0.12288
13788,0.032906,0.042001,0.056292,0.027385,-0.28605,0.2161,0.13717
13789,0.037454,0.032257,0.053694,0.02641,-0.34614,0.33238,0.14496
13790,0.027385,0.015367,0.036479,0.0075714,-0.37635,0.42495,0.1362
13791,0.0020496,-0.0031473,0.013093,-0.022636,-0.37538,0.46782,0.10696
13792,-0.031081,-0.011267,-0.0073698,-0.056091,-0.34549,0.44704,0.058241
13793,-0.062262,-0.0047713,-0.022961,-0.089871,-0.30489,0.36551,-0.0034721
13794,-0.085973,0.0085458,-0.036602,-0.11943,-0.27144,0.24728,-0.070058
13795,-0.10351,0.018615,-0.046347,-0.14249,-0.25065,0.12645,-0.1243
13796,-0.11098,0.019589,-0.054467,-0.15678,-0.23993,0.02706,-0.15516
13797,-0.10903,0.010495,-0.061613,-0.16782,-0.23409,-0.044398,-0.15873
13798,-0.09929,-0.007045,-0.070058,-0.18179,-0.21525,-0.09929,-0.14379
13799,-0.089871,-0.031406,-0.085973,-0.19316,-0.16653,-0.15158,-0.12203
13800,-0.0824,-0.055441,-0.10124,-0.19316,-0.086948,-0.21005,-0.10384
13801,-0.071682,-0.072981,-0.10481,-0.17367,-0.00087364,-0.27079,-0.095393
13802,-0.058365,-0.079802,-0.093119,-0.13502,0.064737,-0.31074,-0.097991
13803,-0.043423,-0.073631,-0.069083,-0.079802,0.097218,-0.31269,-0.10286
13804,-0.024585,-0.055441,-0.036602,-0.013216,0.091047,-0.2854,-0.096367
13805,-0.00054884,-0.024585,-0.0037969,0.056617,0.050446,-0.26364,-0.073306
13806,0.028684,0.013743,0.025761,0.12223,0.0026992,-0.27631,-0.034329
13807,0.057267,0.05207,0.054344,0.18069,-0.0024977,-0.32113,0.012768
13808,0.083901,0.082602,0.0852,0.22714,0.081952,-0.36433,0.064088
13809,0.10761,0.10209,0.11541,0.25832,0.27781,-0.37083,0.11378
13810,0.12678,0.10956,0.13717,0.28008,0.57241,-0.33413,0.15503
13811,0.13944,0.10891,0.14919,0.29568,0.9297,-0.26397,0.18687
13812,0.14399,0.10436,0.15179,0.30802,1.2958,-0.16328,0.21577
13813,0.14367,0.099817,0.14691,0.31451,1.6189,-0.020687,0.24241
13814,0.14204,0.096893,0.13977,0.30964,1.8548,0.1638,0.26872
13815,0.13814,0.095594,0.1336,0.29308,1.971,0.3746,0.29665
13816,0.13002,0.092021,0.13035,0.26677,1.9486,0.57891,0.32069
13817,0.11703,0.080003,0.1258,0.23006,1.7726,0.73384,0.33465
13818,0.10209,0.064413,0.11833,0.18524,1.4513,0.82381,0.33725
13819,0.091372,0.05272,0.10794,0.14269,1.0187,0.85272,0.32751
13820,0.085525,0.053044,0.098842,0.10501,0.53408,0.81602,0.29697
13821,0.084226,0.064413,0.09397,0.06961,0.074482,0.70591,0.23883
13822,0.080003,0.078704,0.087799,0.028684,-0.28151,0.52726,0.16185
13823,0.06831,0.0852,0.074806,-0.020037,-0.48711,0.30867,0.079354
13824,0.047847,0.078379,0.054344,-0.078827,-0.55272,0.096893,0.0085458
13825,0.023487,0.057917,0.025436,-0.13729,-0.52966,-0.070058,-0.037252
13826,0.0017248,0.032257,-0.0076946,-0.17854,-0.47769,-0.18504,-0.063237
13827,-0.010618,0.013093,-0.037577,-0.18569,-0.43806,-0.25812,-0.069733
13828,-0.0060706,0.0075714,-0.054792,-0.15288,-0.4241,-0.30229,-0.066485
13829,0.012443,0.013418,-0.059014,-0.089546,-0.42085,-0.32503,-0.060313
13830,0.033231,0.023487,-0.056091,-0.017114,-0.38512,-0.31918,-0.053168
13831,0.044599,0.029983,-0.052518,0.045899,-0.27501,-0.26494,-0.038227
13832,0.045249,0.029658,-0.050894,0.088448,-0.083375,-0.15613,-0.01614
13833,0.03583,0.023812,-0.04927,0.10891,0.13165,-0.017114,0.009845
13834,0.021863,0.020888,-0.045372,0.11378,0.28203,0.11508,0.033231
13835,0.0072465,0.029333,-0.042774,0.10664,0.2999,0.19628,0.04395
13836,-0.0076946,0.050121,-0.041799,0.086824,0.17517,0.18557,0.036154
13837,-0.025234,0.071883,-0.042774,0.06019,-0.047971,0.067986,0.01017
13838,-0.045372,0.083576,-0.045697,0.028684,-0.30197,-0.12852,-0.019063
13839,-0.061937,0.081952,-0.045372,-0.0034721,-0.51309,-0.33218,-0.037252
13840,-0.069733,0.071234,-0.038551,-0.029132,-0.6245,-0.45658,-0.034978
13841,-0.060313,0.055968,-0.024585,-0.041799,-0.60729,-0.44424,-0.0099683
13842,-0.034004,0.038753,-0.0080194,-0.040825,-0.45788,-0.29125,0.024137
13843,-0.0011985,0.023162,0.0039985,-0.032705,-0.2042,-0.047971,0.040377
13844,0.031932,0.01017,0.0014,-0.022311,0.090072,0.19921,0.012119
13845,0.056617,-0.007045,-0.012892,-0.019063,0.3431,0.36973,-0.06616
13846,0.059865,-0.032705,-0.030431,-0.020687,0.47399,0.41943,-0.18017
13847,0.040377,-0.062912,-0.043423,-0.022636,0.44216,0.35706,-0.30002
13848,0.013093,-0.083375,-0.045372,-0.025234,0.26774,0.22941,-0.38999
13849,-0.0041217,-0.080776,-0.037902,-0.032705,0.022837,0.0865,-0.42637
13850,-0.0024977,-0.056741,-0.021337,-0.04862,-0.20193,-0.043748,-0.40721
13851,0.019264,-0.022636,-0.0034721,-0.075579,-0.34842,-0.14866,-0.35654
13852,0.056617,0.01017,0.0078962,-0.10449,-0.40234,-0.22272,-0.29547
13853,0.096569,0.033556,0.0091954,-0.12398,-0.3848,-0.27111,-0.23474
13854,0.12353,0.045574,0.0033489,-0.1217,-0.3364,-0.30002,-0.17335
13855,0.12613,0.056617,-0.0041217,-0.096042,-0.29385,-0.31626,-0.11586
13856,0.10469,0.075131,-0.0011985,-0.055116,-0.27436,-0.32795,-0.067134
13857,0.071234,0.10599,0.015692,-0.015165,-0.27339,-0.34549,-0.03238
13858,0.039727,0.13847,0.035505,0.0091954,-0.27534,-0.37375,-0.011267
13859,0.013418,0.15698,0.048497,0.013743,-0.26429,-0.40363,-0.0024977
13860,-0.010293,0.14821,0.050446,0.00042559,-0.24058,-0.42052,-0.0054209
13861,-0.036602,0.11021,0.045574,-0.02426,-0.22402,-0.41728,-0.01614
13862,-0.064861,0.046873,0.040052,-0.047646,-0.23798,-0.40201,-0.029132
13863,-0.089871,-0.026209,0.036479,-0.057065,-0.28346,-0.39357,-0.039851
13864,-0.10254,-0.095068,0.03583,-0.049595,-0.33932,-0.40039,-0.041799
13865,-0.095068,-0.14476,0.037454,-0.028482,-0.37375,-0.41338,-0.030431
13866,-0.064536,-0.1727,0.039078,-0.0044465,-0.36791,-0.4228,-0.010943
13867,-0.027833,-0.18731,0.037454,0.013743,-0.32373,-0.42215,0.0017248
13868,-0.0076946,-0.20096,0.02706,0.019264,-0.26234,-0.41176,-0.0073698
13869,-0.021661,-0.21817,0.008221,0.0056225,-0.212,-0.40396,-0.042774
13870,-0.068109,-0.23279,-0.014516,-0.029132,-0.18342,-0.40493,-0.09182
13871,-0.1256,-0.23376,-0.034329,-0.068109,-0.16685,-0.41111,-0.13307
13872,-0.1636,-0.21297,-0.044723,-0.093769,-0.15223,-0.41565,-0.14606
13873,-0.1636,-0.16977,-0.037902,-0.096692,-0.13437,-0.40981,-0.12463
13874,-0.12755,-0.11163,-0.014191,-0.072331,-0.11943,-0.38837,-0.075579
13875,-0.068434,-0.04992,0.023162,-0.016464,-0.1269,-0.34972,-0.017764
13876,-0.0050961,0.0059473,0.062139,0.050121,-0.18731,-0.30165,0.029658
13877,0.049472,0.048172,0.085525,0.090397,-0.31724,-0.24643,0.057917
13878,0.087799,0.075781,0.083576,0.078379,-0.48386,-0.17887,0.06831
13879,0.10664,0.090722,0.064088,0.021538,-0.59365,-0.084674,0.073507
13880,0.11248,0.097543,0.039402,-0.056741,-0.53973,0.060515,0.084226
13881,0.12158,0.10144,0.019589,-0.1269,-0.28703,0.27911,0.11216
13882,0.14204,0.10696,0.013418,-0.15938,0.096893,0.57176,0.16575
13883,0.17127,0.11736,0.02706,-0.14671,0.49056,0.89982,0.24436
13884,0.19791,0.13327,0.053369,-0.09994,0.78126,1.1941,0.33075
13885,0.20505,0.14919,0.080328,-0.046347,0.91411,1.3714,0.40026
13886,0.18459,0.15438,0.097218,-0.016789,0.88845,1.3757,0.43177
13887,0.13912,0.14432,0.099167,-0.024909,0.74813,1.2097,0.41456
13888,0.082927,0.12125,0.092346,-0.055441,0.55162,0.92613,0.34862
13889,0.034855,0.09397,0.081303,-0.068434,0.35057,0.61269,0.24663
13890,0.0039985,0.070584,0.072533,-0.018738,0.1755,0.34829,0.131
13891,-0.0083442,0.052395,0.064737,0.11898,0.038103,0.17777,0.025761
13892,-0.0057458,0.038753,0.056617,0.32004,-0.04862,0.11898,-0.044073
13893,0.003024,0.028034,0.045574,0.52012,-0.079477,0.16121,-0.068434
13894,0.014392,0.019914,0.032257,0.65231,-0.075579,0.26612,-0.050569
13895,0.02641,0.016016,0.020888,0.6835,-0.078827,0.37493,-0.0021729
13896,0.036479,0.01894,0.013093,0.61918,-0.11845,0.43404,0.058566
13897,0.042001,0.030308,0.0085458,0.49413,-0.19121,0.4217,0.11118
13898,0.041676,0.047198,0.0072465,0.35089,-0.26624,0.34472,0.14496
13899,0.036479,0.066037,0.0023744,0.22129,-0.30619,0.23006,0.15893
13900,0.028359,0.07773,-0.0047713,0.11801,-0.28411,0.10956,0.15666
13901,0.01829,0.078055,-0.012892,0.038103,-0.18959,0.0072465,0.14334
13902,0.009845,0.068635,-0.023935,-0.022636,-0.042449,-0.059014,0.11443
13903,0.0052977,0.055643,-0.032705,-0.06551,0.10989,-0.087597,0.075131
13904,0.008221,0.049472,-0.035303,-0.089871,0.21837,-0.09994,0.031932
13905,0.019914,0.054668,-0.030431,-0.093769,0.26417,-0.12722,-0.011267
13906,0.041027,0.074482,-0.020687,-0.084999,0.26255,-0.18764,-0.056091
13907,0.059541,0.10112,-0.012567,-0.080451,0.25248,-0.27923,-0.10741
13908,0.065712,0.12385,-0.012242,-0.090521,0.26352,-0.38447,-0.16425
13909,0.050446,0.13165,-0.021661,-0.11651,0.29145,-0.48906,-0.22207
13910,0.013743,0.12288,-0.040175,-0.15873,0.31192,-0.58683,-0.28151
13911,-0.037577,0.10177,-0.060963,-0.21005,0.30834,-0.67355,-0.34322
13912,-0.091495,0.076106,-0.074605,-0.25552,0.2934,-0.73364,-0.38869
13913,-0.12982,0.054993,-0.076554,-0.27599,0.2921,-0.73331,-0.39357
13914,-0.13859,0.037778,-0.062587,-0.26072,0.31549,-0.64367,-0.34777
13915,-0.11618,0.022512,-0.035628,-0.20778,0.34407,-0.46892,-0.2565
13916,-0.072331,0.0039985,0.0014,-0.12625,0.34017,-0.24708,-0.13892
13917,-0.022961,-0.018413,0.040052,-0.039201,0.2921,-0.033354,-0.021012
13918,0.024786,-0.042124,0.073507,0.036804,0.22877,0.13132,0.080653
13919,0.070259,-0.059014,0.096244,0.093321,0.18881,0.23169,0.16185
13920,0.11086,-0.059339,0.10501,0.13132,0.18524,0.26547,0.22422
13921,0.13944,-0.042124,0.099167,0.14561,0.19823,0.23948,0.26937
13922,0.14919,-0.016789,0.080978,0.13392,0.20278,0.17874,0.29925
13923,0.13814,0.009845,0.056942,0.10242,0.19466,0.13165,0.31614
13924,0.11021,0.033556,0.03453,0.064413,0.18751,0.14204,0.32231
13925,0.072533,0.050121,0.019914,0.036804,0.19076,0.23754,0.32134
13926,0.037129,0.055643,0.017316,0.028034,0.20213,0.40838,0.31679
13927,0.01764,0.054993,0.028034,0.039402,0.20473,0.61171,0.31224
13928,0.019264,0.055968,0.048172,0.065712,0.18524,0.77249,0.30704
13929,0.037129,0.061489,0.072533,0.092671,0.14334,0.81894,0.3012
13930,0.056942,0.065387,0.084226,0.10371,0.085525,0.71922,0.29275
13931,0.06961,0.063763,0.075781,0.092996,0.023162,0.49933,0.28073
13932,0.069934,0.054019,0.049147,0.065712,-0.034329,0.22682,0.26612
13933,0.057592,0.0433,0.016016,0.036804,-0.082076,-0.026858,0.2489
13934,0.03453,0.033881,-0.010943,0.019914,-0.10806,-0.22077,0.22747
13935,0.0046481,0.026735,-0.025884,0.013418,-0.10838,-0.35037,0.19693
13936,-0.025884,0.020564,-0.027833,0.012443,-0.090196,-0.43189,0.14756
13937,-0.054792,0.014717,-0.023935,0.012443,-0.06616,-0.48516,0.07773
13938,-0.078827,0.0036737,-0.018413,0.015367,-0.050569,-0.52674,-0.012567
13939,-0.10091,-0.012242,-0.014516,0.016991,-0.065835,-0.58163,-0.12365
13940,-0.12105,-0.030756,-0.016789,0.015042,-0.12268,-0.66868,-0.25227
13941,-0.13859,-0.047646,-0.028482,0.0072465,-0.21297,-0.79145,-0.38187
13942,-0.15061,-0.059989,-0.045372,0.0010752,-0.30847,-0.94054,-0.49361
13943,-0.15288,-0.072006,-0.063237,0.0014,-0.37343,-1.0987,-0.57124
13944,-0.14411,-0.080776,-0.074605,0.0033489,-0.38707,-1.2364,-0.60274
13945,-0.1217,-0.075904,-0.071357,0.013743,-0.35751,-1.3144,-0.58001
13946,-0.082725,-0.052843,-0.050569,0.039078,-0.30457,-1.3063,-0.50562
13947,-0.031406,-0.01549,-0.015165,0.074157,-0.24838,-1.215,-0.39681
13948,0.019589,0.027385,0.024461,0.10469,-0.19836,-1.0617,-0.27696
13949,0.057592,0.066362,0.061489,0.12483,-0.15613,-0.86324,-0.1636
13950,0.080978,0.098517,0.090397,0.14074,-0.12463,-0.6284,-0.063561
13951,0.10209,0.12645,0.11248,0.15146,-0.10514,-0.36368,0.033231
13952,0.1297,0.14951,0.12937,0.15601,-0.093119,-0.080776,0.13425
13953,0.16121,0.16933,0.14269,0.15666,-0.084349,0.19434,0.23331
13954,0.18784,0.17939,0.14854,0.15114,-0.08305,0.43242,0.31289
13955,0.20148,0.17777,0.14204,0.13977,-0.093769,0.62211,0.35934
13956,0.19953,0.16673,0.12515,0.12028,-0.12203,0.75983,0.37038
13957,0.18557,0.15016,0.099817,0.091047,-0.16718,0.84233,0.35576
13958,0.16478,0.13067,0.073182,0.059865,-0.22077,0.87513,0.32978
13959,0.14302,0.11313,0.055643,0.035505,-0.27014,0.86799,0.30055
13960,0.12028,0.098193,0.053044,0.020564,-0.2893,0.8368,0.26872
13961,0.093321,0.0852,0.062789,0.012443,-0.24545,0.79653,0.23429
13962,0.059541,0.067986,0.074157,0.011144,-0.1191,0.76015,0.19563
13963,0.021538,0.038428,0.076755,0.019264,0.075781,0.73709,0.15958
13964,-0.013866,-0.0060706,0.067011,0.037129,0.28885,0.71987,0.13262
13965,-0.044398,-0.053817,0.047523,0.051745,0.44411,0.69584,0.11378
13966,-0.063237,-0.087597,0.027709,0.058566,0.48244,0.64842,0.10144
13967,-0.070058,-0.093444,0.016016,0.055968,0.385,0.57079,0.092671
13968,-0.070058,-0.073955,0.016991,0.049472,0.18427,0.46393,0.082602
13969,-0.067784,-0.039526,0.028034,0.042651,-0.052843,0.34017,0.065062
13970,-0.063886,-0.00054884,0.040377,0.033231,-0.25487,0.21252,0.037454
13971,-0.058365,0.034855,0.049472,0.022837,-0.37895,0.098193,0.00042559
13972,-0.04992,0.059541,0.049472,0.011794,-0.42117,0.019589,-0.038876
13973,-0.038227,0.073832,0.037129,-0.0021729,-0.40299,-0.0057458,-0.067459
13974,-0.019063,0.083251,0.016341,-0.022636,-0.35102,0.026735,-0.071682
13975,0.010495,0.088448,-0.0024977,-0.047971,-0.28183,0.11801,-0.039526
13976,0.047523,0.090072,-0.0096434,-0.07493,-0.20225,0.26255,0.027385
13977,0.083901,0.087799,-0.0047713,-0.098316,-0.10611,0.44509,0.10956
13978,0.11118,0.076431,0.0020496,-0.11098,0.030308,0.64257,0.17777
13979,0.12255,0.048822,0.0010752,-0.11488,0.22682,0.82186,0.21058
13980,0.11898,0.0020496,-0.011592,-0.11358,0.47789,0.95374,0.20018
13981,0.099167,-0.050244,-0.029782,-0.10871,0.74683,1.0135,0.15536
13982,0.065387,-0.087922,-0.045697,-0.097991,0.98167,0.98134,0.10306
13983,0.022188,-0.098641,-0.052193,-0.077853,1.122,0.84882,0.067336
13984,-0.015815,-0.085648,-0.047321,-0.046022,1.1275,0.6338,0.050771
13985,-0.0405,-0.063237,-0.035953,-0.01549,0.99888,0.3759,0.040702
13986,-0.04992,-0.046347,-0.025559,-0.0050961,0.77542,0.13912,0.029009
13987,-0.050894,-0.040825,-0.02361,-0.018413,0.51914,-0.025884,0.012443
13988,-0.054792,-0.046996,-0.034654,-0.046022,0.28756,-0.10903,-0.01614
13989,-0.071357,-0.059014,-0.059989,-0.073631,0.098842,-0.13664,-0.071032
13990,-0.096692,-0.071032,-0.096042,-0.092469,-0.060638,-0.15516,-0.15743
13991,-0.12235,-0.079477,-0.1295,-0.10254,-0.21817,-0.19901,-0.2552
13992,-0.1321,-0.080127,-0.14736,-0.10644,-0.38642,-0.27891,-0.33185
13993,-0.12138,-0.069408,-0.13892,-0.099615,-0.54785,-0.38967,-0.3705
13994,-0.093769,-0.042774,-0.10676,-0.075255,-0.66283,-0.51277,-0.37375
13995,-0.058689,-0.0041217,-0.055766,-0.029132,-0.68817,-0.62028,-0.35686
13996,-0.022961,0.03583,0.00042559,0.027709,-0.60372,-0.69434,-0.33737
13997,0.0052977,0.070259,0.047847,0.07708,-0.4176,-0.73331,-0.32178
13998,0.01829,0.095594,0.076755,0.11118,-0.17042,-0.74176,-0.30197
13999,0.023162,0.11281,0.089098,0.13295,0.075781,-0.72844,-0.26787
14000,0.030308,0.1219,0.088773,0.14594,0.26255,-0.68979,-0.21102
14001,0.046223,0.12288,0.081303,0.15536,0.36129,-0.61411,-0.13502
14002,0.071883,0.1206,0.071883,0.16608,0.38305,-0.48451,-0.04862
14003,0.10631,0.11541,0.068635,0.18492,0.37136,-0.27988,0.042001
14004,0.14302,0.10891,0.071234,0.21252,0.36941,0.011469,0.13197
14005,0.1716,0.097543,0.074482,0.23331,0.39994,0.36713,0.21447
14006,0.18297,0.081627,0.075131,0.23299,0.45223,0.71663,0.28301
14007,0.1768,0.065062,0.073832,0.21415,0.49998,0.97907,0.32881
14008,0.15861,0.05272,0.070909,0.19011,0.52564,1.0853,0.3431
14009,0.13684,0.046873,0.071234,0.1677,0.52824,0.99823,0.32069
14010,0.11736,0.046873,0.075131,0.14139,0.51395,0.74261,0.26547
14011,0.10242,0.050121,0.079029,0.10729,0.49738,0.40741,0.19044
14012,0.091047,0.05207,0.079679,0.072533,0.48536,0.092996,0.11378
14013,0.075456,0.047847,0.07773,0.041351,0.4636,-0.12527,0.047523
14014,0.053694,0.03518,0.069934,0.016341,0.40903,-0.22499,0.0010752
14015,0.031282,0.01894,0.057917,-0.00087364,0.31322,-0.22889,-0.020037
14016,0.01894,0.0033489,0.049472,-0.012892,0.18297,-0.18309,-0.023935
14017,0.024786,-0.0067202,0.048822,-0.018413,0.030308,-0.12982,-0.013216
14018,0.04395,-0.011267,0.058566,-0.013216,-0.13437,-0.094418,0.0043233
14019,0.066037,-0.0037969,0.070909,-0.00054884,-0.31074,-0.084674,0.015042
14020,0.078379,0.013743,0.079354,0.012119,-0.49361,-0.10221,0.0091954
14021,0.076431,0.032582,0.082277,0.021863,-0.65796,-0.14119,-0.016789
14022,0.059216,0.044275,0.080328,0.031282,-0.76807,-0.19024,-0.052518
14023,0.033881,0.042651,0.076106,0.041676,-0.80477,-0.23506,-0.086623
14024,0.0085458,0.022512,0.064737,0.050771,-0.78041,-0.26137,-0.10774
14025,-0.010293,-0.014516,0.038428,0.05142,-0.73494,-0.26234,-0.10514
14026,-0.01614,-0.05804,-0.00022403,0.034855,-0.71513,-0.24513,-0.080127
14027,-0.013216,-0.097666,-0.042774,0.0017248,-0.74663,-0.23636,-0.043748
14028,-0.0083442,-0.12073,-0.080127,-0.038227,-0.81582,-0.25845,-0.0060706
14029,-0.007045,-0.12365,-0.10221,-0.069408,-0.88597,-0.30035,0.025111
14030,-0.0073698,-0.10676,-0.10124,-0.085648,-0.91943,-0.33413,0.051745
14031,-0.0034721,-0.072656,-0.078503,-0.086298,-0.89312,-0.32958,0.078704
14032,0.0072465,-0.028157,-0.043748,-0.072981,-0.79178,-0.26104,0.10859
14033,0.022837,0.019914,-0.0096434,-0.053168,-0.60989,-0.12073,0.13749
14034,0.037454,0.06019,0.012768,-0.031081,-0.36271,0.067336,0.15438
14035,0.048497,0.084551,0.023487,-0.010293,-0.084674,0.24988,0.15536
14036,0.054344,0.094945,0.029009,0.017316,0.17712,0.36973,0.15146
14037,0.063763,0.096893,0.036154,0.054993,0.37688,0.39084,0.15731
14038,0.074482,0.094945,0.046223,0.10014,0.48796,0.31451,0.17615
14039,0.083251,0.091047,0.059865,0.14659,0.50225,0.17972,0.20278
14040,0.089423,0.087149,0.079679,0.18492,0.41683,0.050121,0.23494
14041,0.096244,0.081627,0.10469,0.20505,0.24273,-0.026858,0.26352
14042,0.10469,0.076431,0.12905,0.20408,0.016016,-0.043748,0.28463
14043,0.10794,0.073182,0.14529,0.18394,-0.21265,-0.034329,0.29308
14044,0.10501,0.072858,0.15049,0.15471,-0.38187,-0.044398,0.28203
14045,0.099167,0.074482,0.14204,0.12775,-0.44001,-0.097991,0.25215
14046,0.090722,0.076106,0.12385,0.11021,-0.36531,-0.17724,0.20895
14047,0.081303,0.075781,0.10534,0.10242,-0.19348,-0.23993,0.16445
14048,0.073832,0.074482,0.089423,0.10047,-0.012892,-0.25195,0.13165
14049,0.069285,0.072208,0.074806,0.095594,0.08585,-0.21102,0.11508
14050,0.063438,0.070584,0.059216,0.081627,0.065712,-0.14216,0.10924
14051,0.050121,0.068635,0.046548,0.066037,-0.042124,-0.071032,0.099817
14052,0.025111,0.06084,0.033881,0.048822,-0.1701,-0.014516,0.078704
14053,-0.0083442,0.045574,0.016991,0.023487,-0.26202,0.024461,0.045574
14054,-0.0405,0.024461,0.00010078,-0.0067202,-0.2971,0.046223,0.0088706
14055,-0.065835,0.00075039,-0.012242,-0.031081,-0.28865,0.047198,-0.022311
14056,-0.082076,-0.020362,-0.022311,-0.044398,-0.26624,0.019589,-0.050894
14057,-0.085648,-0.030756,-0.033354,-0.043099,-0.25877,-0.028157,-0.078503
14058,-0.077203,-0.022961,-0.041799,-0.032705,-0.28378,-0.071682,-0.098316
14059,-0.057065,0.003024,-0.044073,-0.018413,-0.33705,-0.080451,-0.10579
14060,-0.032055,0.036804,-0.039201,-0.0034721,-0.38285,-0.039201,-0.094743
14061,-0.0076946,0.066362,-0.031406,0.0069217,-0.3744,0.040377,-0.069083
14062,0.013093,0.083251,-0.021661,0.0088706,-0.27858,0.1349,-0.041475
14063,0.02706,0.086824,-0.018088,0.003024,-0.096692,0.22097,-0.027183
14064,0.026735,0.080003,-0.021012,-0.011267,0.15536,0.28106,-0.028157
14065,0.011794,0.067011,-0.031081,-0.030431,0.44411,0.30282,-0.042124
14066,-0.013866,0.050771,-0.044073,-0.047321,0.72215,0.27911,-0.062587
14067,-0.040175,0.034855,-0.058689,-0.054467,0.94107,0.21317,-0.082076
14068,-0.056741,0.02706,-0.067784,-0.052843,1.0775,0.12125,-0.09182
14069,-0.056416,0.033556,-0.067459,-0.047971,1.1454,0.022188,-0.088896
14070,-0.039201,0.055968,-0.060313,-0.041475,1.1779,-0.064211,-0.080127
14071,-0.01484,0.087474,-0.050894,-0.029132,1.198,-0.12885,-0.075579
14072,0.0078962,0.11703,-0.042774,-0.0067202,1.2068,-0.17042,-0.075579
14073,0.022188,0.13457,-0.036278,0.022837,1.1941,-0.18926,-0.073631
14074,0.027385,0.13814,-0.032705,0.05207,1.1502,-0.18407,-0.064536
14075,0.024461,0.13002,-0.03173,0.065712,1.0567,-0.16685,-0.04862
14076,0.014392,0.10891,-0.037902,0.047847,0.88683,-0.16328,-0.036602
14077,-0.00022403,0.078055,-0.054467,-0.0047713,0.6338,-0.19316,-0.037252
14078,-0.019712,0.0433,-0.075904,-0.074605,0.32069,-0.25292,-0.051219
14079,-0.040825,0.012443,-0.090845,-0.12885,-0.0015233,-0.32308,-0.067459
14080,-0.061288,-0.0063954,-0.087597,-0.14087,-0.27599,-0.3783,-0.080776
14081,-0.077853,-0.0083442,-0.060313,-0.10156,-0.466,-0.40428,-0.086623
14082,-0.087922,-0.0021729,-0.022636,-0.03238,-0.57383,-0.39389,-0.087272
14083,-0.090521,-0.00054884,0.0052977,0.021863,-0.62645,-0.3442,-0.087272
14084,-0.090521,-0.016789,0.009845,0.025761,-0.65016,-0.25617,-0.090521
14085,-0.088896,-0.05804,-0.0089938,-0.020687,-0.65146,-0.13502,-0.09117
14086,-0.084349,-0.11521,-0.039201,-0.085324,-0.61346,0.0043233,-0.084024
14087,-0.073955,-0.1675,-0.065186,-0.1269,-0.50335,0.14561,-0.068434
14088,-0.062912,-0.19511,-0.076879,-0.12398,-0.30749,0.26644,-0.047971
14089,-0.056741,-0.18764,-0.070058,-0.079477,-0.06681,0.3444,-0.026858
14090,-0.056091,-0.14574,-0.044398,-0.018738,0.14854,0.36551,-0.0044465
14091,-0.054467,-0.075579,-0.008669,0.031932,0.27651,0.32686,0.022837
14092,-0.047321,0.010495,0.022512,0.056292,0.29178,0.23429,0.055968
14093,-0.034004,0.095269,0.038428,0.053044,0.21058,0.10274,0.087149
14094,-0.018738,0.15244,0.036804,0.031932,0.075781,-0.042449,0.11021
14095,-0.0044465,0.16348,0.022188,0.0046481,-0.067134,-0.17659,0.12028
14096,0.0036737,0.12872,0.0056225,-0.016464,-0.19154,-0.27793,0.11183
14097,0.0020496,0.065062,-0.0047713,-0.027183,-0.28118,-0.32795,0.088773
14098,-0.0060706,0.00042559,-0.0054209,-0.017439,-0.31951,-0.31886,0.061814
14099,-0.013541,-0.036278,0.0043233,0.012768,-0.30165,-0.25747,0.041027
14100,-0.01614,-0.039526,0.020564,0.048822,-0.24286,-0.17594,0.029658
14101,-0.015165,-0.01549,0.041351,0.073832,-0.17497,-0.10871,0.014717
14102,-0.013541,0.024786,0.064088,0.082277,-0.13534,-0.076229,-0.013866
14103,-0.010293,0.066686,0.082927,0.080003,-0.14314,-0.079152,-0.054792
14104,0.00010078,0.094295,0.093645,0.080003,-0.18114,-0.095068,-0.093444
14105,0.020239,0.099817,0.095919,0.09462,-0.2081,-0.094743,-0.11943
14106,0.045249,0.080328,0.095269,0.1349,-0.18147,-0.051868,-0.13502
14107,0.06961,0.044275,0.098193,0.19693,-0.086623,0.036479,-0.15223
14108,0.087474,0.0059473,0.10436,0.24825,0.046223,0.15081,-0.18212
14109,0.091372,-0.027833,0.10891,0.24598,0.15536,0.25962,-0.22337
14110,0.078704,-0.050569,0.10404,0.16705,0.18687,0.34764,-0.25715
14111,0.050771,-0.064211,0.08585,0.030633,0.12483,0.42657,-0.26104
14112,0.022188,-0.071032,0.058241,-0.11066,-0.00022403,0.5133,-0.21817
14113,0.0062721,-0.069408,0.031282,-0.20258,-0.13892,0.61074,-0.13502
14114,0.0075714,-0.060313,0.010819,-0.22304,-0.25455,0.70623,-0.039526
14115,0.020888,-0.045047,0.0043233,-0.18212,-0.3312,0.77477,0.037454
14116,0.040377,-0.025234,0.010495,-0.11488,-0.36985,0.8014,0.080003
14117,0.061489,-0.0031473,0.024461,-0.054792,-0.38122,0.78354,0.091696
14118,0.080003,0.016666,0.038428,-0.01614,-0.37505,0.72085,0.088448
14119,0.09397,0.03518,0.048172,0.0062721,-0.36303,0.61106,0.082602
14120,0.10274,0.05272,0.055968,0.024461,-0.35751,0.45548,0.085525
14121,0.10436,0.067336,0.063438,0.044924,-0.36141,0.25605,0.10014
14122,0.10177,0.076106,0.070259,0.06961,-0.37018,0.03518,0.12385
14123,0.096893,0.081303,0.072208,0.095919,-0.36596,-0.18244,0.14561
14124,0.089748,0.080328,0.06831,0.11931,-0.31756,-0.37765,0.15081
14125,0.075781,0.074157,0.058241,0.1336,-0.19543,-0.53551,0.1284
14126,0.050121,0.061165,0.041351,0.1336,-0.0011985,-0.63847,0.083251
14127,0.011794,0.042651,0.016666,0.11183,0.22519,-0.68037,0.024137
14128,-0.032705,0.016341,-0.01484,0.067336,0.43957,-0.66705,-0.038551
14129,-0.070058,-0.01484,-0.044073,0.014392,0.60814,-0.60534,-0.086948
14130,-0.088896,-0.043423,-0.057065,-0.02361,0.71825,-0.50985,-0.10546
14131,-0.084024,-0.059989,-0.047971,-0.033354,0.77574,-0.40981,-0.089871
14132,-0.064211,-0.061613,-0.015815,-0.0096434,0.78581,-0.33835,-0.052843
14133,-0.0405,-0.052518,0.025436,0.039402,0.74846,-0.31691,-0.013541
14134,-0.023935,-0.036927,0.064088,0.092996,0.65686,-0.35621,0.013093
14135,-0.018738,-0.021661,0.08585,0.12872,0.51297,-0.45268,0.016991
14136,-0.022636,-0.012892,0.087799,0.13457,0.3457,-0.58455,-0.013216
14137,-0.029132,-0.011917,0.073832,0.11573,0.18816,-0.7187,-0.075255
14138,-0.032055,-0.018738,0.050121,0.083576,0.05272,-0.81906,-0.14996
14139,-0.022636,-0.025234,0.022837,0.054668,-0.062912,-0.85999,-0.20648
14140,0.0020496,-0.024585,0.0026992,0.042651,-0.15581,-0.834,-0.2172
14141,0.039727,-0.014191,-0.00087364,0.049796,-0.2081,-0.74046,-0.17075
14142,0.078704,0.0036737,0.0078962,0.067661,-0.19673,-0.58553,-0.078827
14143,0.11086,0.022512,0.020239,0.086175,-0.11651,-0.38967,0.025436
14144,0.13132,0.03518,0.032257,0.10079,0.0017248,-0.19478,0.10566
14145,0.14139,0.037778,0.040377,0.10826,0.11248,-0.04927,0.14854
14146,0.14496,0.040702,0.041676,0.11541,0.17615,0.019264,0.15568
14147,0.14269,0.053044,0.041027,0.12937,0.17777,0.019264,0.14432
14148,0.13749,0.074157,0.042651,0.14367,0.13652,-0.017114,0.13522
14149,0.1336,0.10306,0.050446,0.14626,0.088124,-0.044723,0.14367
14150,0.13587,0.13684,0.063113,0.13327,0.06896,-0.026858,0.17842
14151,0.14399,0.16608,0.074157,0.11248,0.10469,0.052395,0.23331
14152,0.15763,0.18557,0.076106,0.095594,0.19726,0.18362,0.29113
14153,0.17127,0.18816,0.067336,0.086175,0.31386,0.34245,0.33205
14154,0.1768,0.17225,0.051096,0.078055,0.41261,0.5029,0.34894
14155,0.1651,0.14237,0.030957,0.062464,0.46165,0.64647,0.34212
14156,0.13717,0.10794,0.0078962,0.033881,0.44736,0.76177,0.31776
14157,0.096893,0.071558,-0.01614,-0.0073698,0.385,0.84168,0.27846
14158,0.053369,0.038103,-0.036278,-0.052843,0.30574,0.87611,0.22974
14159,0.016666,0.011469,-0.050569,-0.096042,0.22649,0.85857,0.17842
14160,-0.0031473,-0.0021729,-0.05804,-0.13729,0.14042,0.78743,0.13522
14161,-0.0060706,-0.0034721,-0.058689,-0.17497,0.037129,0.66855,0.10599
14162,-0.0021729,-0.00022403,-0.055116,-0.20908,-0.082725,0.52531,0.088448
14163,0.00042559,0.0017248,-0.052518,-0.23149,-0.19901,0.39052,0.076106
14164,0.00075039,0.00010078,-0.052193,-0.22597,-0.28086,0.29275,0.063763
14165,0.0014,-0.00054884,-0.047971,-0.17627,-0.30684,0.24728,0.055643
14166,0.0046481,0.0017248,-0.03303,-0.079477,-0.28086,0.24663,0.055318
14167,0.011469,0.0078962,-0.0093186,0.046223,-0.22434,0.26579,0.06831
14168,0.024461,0.019589,0.014717,0.17615,-0.16782,0.27164,0.088124
14169,0.038103,0.033556,0.029983,0.27229,-0.13567,0.24501,0.10696
14170,0.047198,0.044924,0.031607,0.30899,-0.13892,0.19499,0.11898
14171,0.045574,0.051096,0.022512,0.29113,-0.17854,0.14269,0.11898
14172,0.038753,0.053694,0.010495,0.23818,-0.24091,0.11248,0.10924
14173,0.029333,0.053369,0.00075039,0.1768,-0.30619,0.131,0.10079
14174,0.023487,0.051745,-0.00087364,0.12807,-0.34614,0.22065,0.11248
14175,0.029658,0.055968,0.009845,0.10566,-0.33867,0.38045,0.15179
14176,0.049796,0.069285,0.029333,0.10859,-0.28248,0.58118,0.21447
14177,0.081303,0.0865,0.050446,0.1297,-0.20972,0.77249,0.28431
14178,0.11183,0.10209,0.066037,0.15373,-0.16945,0.89982,0.34017
14179,0.12937,0.11086,0.074157,0.16608,-0.2029,0.91931,0.36324
14180,0.12385,0.10891,0.075131,0.16088,-0.31854,0.82316,0.34732
14181,0.10242,0.096893,0.072858,0.13652,-0.47899,0.64289,0.30607
14182,0.079029,0.081627,0.072533,0.10144,-0.61931,0.42462,0.25897
14183,0.063763,0.070259,0.075781,0.067986,-0.6781,0.21188,0.22682
14184,0.063113,0.062789,0.079029,0.048172,-0.62256,0.025111,0.21772
14185,0.070259,0.057267,0.082277,0.041676,-0.45528,-0.13047,0.2148
14186,0.075781,0.049147,0.080978,0.040377,-0.21135,-0.25,0.20083
14187,0.065387,0.032257,0.074157,0.033881,0.052395,-0.32438,0.16056
14188,0.037129,0.0059473,0.061489,0.014068,0.27554,-0.35134,0.082277
14189,-0.00022403,-0.023285,0.046548,-0.01549,0.41001,-0.34062,-0.029132
14190,-0.036278,-0.046996,0.033881,-0.041475,0.44866,-0.2958,-0.14834
14191,-0.063561,-0.05739,0.026735,-0.053817,0.4204,-0.22921,-0.23961
14192,-0.077853,-0.051868,0.02641,-0.04862,0.37558,-0.16133,-0.28248
14193,-0.078503,-0.036278,0.031607,-0.032055,0.35869,-0.12268,-0.27728
14194,-0.068434,-0.022311,0.037454,-0.010618,0.39149,-0.12105,-0.24156
14195,-0.054467,-0.011592,0.039078,0.0033489,0.45873,-0.13859,-0.20063
14196,-0.049595,-0.0024977,0.03453,0.01017,0.51979,-0.15093,-0.17432
14197,-0.059989,0.0023744,0.028034,0.011144,0.53896,-0.14639,-0.17984
14198,-0.078503,-0.00022403,0.022837,0.0069217,0.49413,-0.13599,-0.23019
14199,-0.094743,-0.0083442,0.020239,-0.0060706,0.39864,-0.12982,-0.31626
14200,-0.10221,-0.016464,0.016016,-0.029457,0.29113,-0.11586,-0.40623
14201,-0.095068,-0.019388,0.0043233,-0.05739,0.21512,-0.075579,-0.4543
14202,-0.076879,-0.018738,-0.016464,-0.083375,0.18946,-0.0021729,-0.43709
14203,-0.052518,-0.01549,-0.042124,-0.10514,0.20538,0.080653,-0.35979
14204,-0.027508,-0.010293,-0.062262,-0.11878,0.23721,0.13035,-0.2474
14205,-0.0076946,0.0026992,-0.070382,-0.1204,0.26222,0.11931,-0.12787
14206,0.0085458,0.02706,-0.059989,-0.10514,0.26125,0.046548,-0.022636
14207,0.024461,0.061814,-0.028157,-0.074605,0.21675,-0.059989,0.052395
14208,0.040377,0.10079,0.015692,-0.034329,0.12158,-0.1636,0.097218
14209,0.051745,0.13522,0.060515,0.003024,-0.013866,-0.23571,0.11736
14210,0.058891,0.15568,0.096893,0.03453,-0.16588,-0.26819,0.12353
14211,0.063438,0.15633,0.11866,0.060515,-0.30749,-0.26104,0.131
14212,0.064413,0.14367,0.12613,0.077405,-0.42312,-0.21849,0.14756
14213,0.061814,0.12613,0.1219,0.080653,-0.4975,-0.15841,0.17582
14214,0.055318,0.10729,0.10696,0.070584,-0.52609,-0.10449,0.21155
14215,0.042975,0.081627,0.081952,0.046548,-0.51894,-0.073306,0.24241
14216,0.022837,0.044275,0.050771,0.017316,-0.48841,-0.059664,0.2515
14217,0.0026992,-0.0073698,0.020888,-0.0063954,-0.43904,-0.050244,0.22617
14218,-0.011267,-0.062912,-0.0073698,-0.020362,-0.37538,-0.035303,0.1664
14219,-0.020362,-0.10968,-0.033679,-0.028807,-0.30782,-0.013541,0.0852
14220,-0.026533,-0.14022,-0.05739,-0.037252,-0.25357,0.011469,0.0014
14221,-0.03173,-0.14866,-0.077528,-0.045047,-0.21557,0.036479,-0.069408
14222,-0.034004,-0.13567,-0.092794,-0.052518,-0.18212,0.058891,-0.12138
14223,-0.036602,-0.10903,-0.094418,-0.062912,-0.14346,0.068635,-0.15905
14224,-0.040175,-0.076879,-0.08305,-0.07493,-0.096367,0.06896,-0.19738
14225,-0.045372,-0.046996,-0.063886,-0.084024,-0.044723,0.063438,-0.24221
14226,-0.054142,-0.021337,-0.041475,-0.084674,0.0088706,0.055968,-0.28768
14227,-0.060963,-0.0028225,-0.024585,-0.077528,0.060515,0.054668,-0.31789
14228,-0.063886,0.0062721,-0.018738,-0.072656,0.10729,0.072858,-0.31496
14229,-0.063237,0.0036737,-0.023935,-0.076229,0.14594,0.12418,-0.27534
14230,-0.060963,-0.0083442,-0.034329,-0.086298,0.16283,0.19888,-0.2146
14231,-0.056741,-0.027508,-0.045047,-0.10091,0.13847,0.25897,-0.15256
14232,-0.051544,-0.04862,-0.048296,-0.11358,0.059541,0.25637,-0.10091
14233,-0.045047,-0.064211,-0.041475,-0.11488,-0.067459,0.16413,-0.060313
14234,-0.04115,-0.06551,-0.027508,-0.098316,-0.22109,-0.012892,-0.037902
14235,-0.043423,-0.051868,-0.015815,-0.068434,-0.36563,-0.24058,-0.035303
14236,-0.047321,-0.027833,-0.011917,-0.033679,-0.4673,-0.45398,-0.046996
14237,-0.045372,-0.00087364,-0.012242,0.0046481,-0.5001,-0.59202,-0.063886
14238,-0.033354,0.022188,-0.01484,0.047198,-0.46275,-0.631,-0.072656
14239,-0.012567,0.03583,-0.018738,0.083576,-0.38025,-0.59722,-0.064536
14240,0.0085458,0.0433,-0.022311,0.098193,-0.28313,-0.53973,-0.035953
14241,0.026735,0.055318,-0.021986,0.091047,-0.20908,-0.49653,0.0088706
14242,0.044924,0.073507,-0.021337,0.072208,-0.18569,-0.47672,0.054019
14243,0.066037,0.09462,-0.021337,0.058241,-0.20843,-0.47574,0.089423
14244,0.086175,0.11606,-0.020687,0.059216,-0.23928,-0.48646,0.10371
14245,0.097543,0.13425,-0.019388,0.075456,-0.22304,-0.50497,0.088773
14246,0.096569,0.14919,-0.010943,0.10729,-0.10903,-0.52089,0.054668
14247,0.087474,0.16283,0.012119,0.14367,0.1271,-0.50985,0.025761
14248,0.076106,0.17192,0.042975,0.17192,0.4584,-0.4556,0.021538
14249,0.064413,0.1755,0.070909,0.18264,0.8105,-0.35946,0.046873
14250,0.054668,0.16575,0.085525,0.1742,1.1035,-0.24026,0.087149
14251,0.042975,0.13684,0.083576,0.15016,1.2886,-0.12495,0.11411
14252,0.022837,0.086175,0.071883,0.11768,1.364,-0.031406,0.10826
14253,-0.0018481,0.024137,0.055643,0.088448,1.3519,0.033881,0.074157
14254,-0.022311,-0.027833,0.041351,0.067661,1.2675,0.074157,0.02641
14255,-0.034329,-0.055116,0.03518,0.051745,1.1122,0.08585,-0.018738
14256,-0.042124,-0.052193,0.036479,0.036154,0.8878,0.067336,-0.049595
14257,-0.044723,-0.030106,0.042326,0.024461,0.60717,0.024461,-0.060313
14258,-0.037902,-0.0031473,0.047523,0.022512,0.29827,-0.030106,-0.046022
14259,-0.017439,0.011469,0.048822,0.026735,-0.0021729,-0.088572,-0.013866
14260,0.015042,0.0026992,0.043625,0.030308,-0.25162,-0.14476,0.024461
14261,0.050771,-0.022636,0.034855,0.031932,-0.41338,-0.17562,0.063438
14262,0.082927,-0.048296,0.029009,0.041351,-0.46925,-0.14736,0.10501
14263,0.10631,-0.059664,0.030308,0.058566,-0.42767,-0.037577,0.15146
14264,0.11898,-0.053492,0.039078,0.074157,-0.32341,0.1349,0.19726
14265,0.11476,-0.039201,0.054344,0.075456,-0.20193,0.32004,0.23201
14266,0.090722,-0.025559,0.066686,0.054668,-0.11098,0.45548,0.24793
14267,0.056617,-0.016464,0.070259,0.016991,-0.074605,0.50388,0.24501
14268,0.028359,-0.0089938,0.061489,-0.021337,-0.091495,0.46425,0.22844
14269,0.021863,0.00042559,0.044599,-0.04927,-0.13859,0.37558,0.20408
14270,0.035505,0.012443,0.02641,-0.062587,-0.18991,0.2908,0.17485
14271,0.059216,0.026735,0.016666,-0.064536,-0.23019,0.24176,0.13749
14272,0.07708,0.042975,0.015367,-0.055766,-0.26819,0.23039,0.090722
14273,0.079029,0.059541,0.020239,-0.041475,-0.33218,0.23786,0.029983
14274,0.06019,0.075131,0.029009,-0.025884,-0.43612,0.23656,-0.044073
14275,0.029333,0.084551,0.040052,-0.0024977,-0.55824,0.20733,-0.12268
14276,-0.0011985,0.085525,0.053044,0.029983,-0.65796,0.13814,-0.19966
14277,-0.025234,0.081303,0.061489,0.060515,-0.69174,0.033556,-0.25975
14278,-0.041799,0.075131,0.062789,0.08585,-0.62678,-0.078178,-0.28021
14279,-0.047321,0.069285,0.054993,0.10664,-0.46567,-0.15288,-0.24838
14280,-0.038227,0.064413,0.041676,0.12515,-0.23636,-0.15256,-0.16912
14281,-0.012892,0.064737,0.030957,0.14626,0.025111,-0.067134,-0.057065
14282,0.024786,0.069285,0.033556,0.17387,0.30867,0.087799,0.069285
14283,0.070909,0.07708,0.054993,0.2057,0.61561,0.28106,0.19434
14284,0.11801,0.081627,0.089423,0.23104,0.91508,0.46652,0.30185
14285,0.15796,0.085525,0.12028,0.23689,1.1291,0.59417,0.37103
14286,0.18134,0.097218,0.1362,0.2122,1.1584,0.62016,0.38467
14287,0.18199,0.12223,0.13555,0.16218,0.95536,0.52109,0.3431
14288,0.15926,0.16023,0.12385,0.10306,0.56559,0.30867,0.2606
14289,0.11671,0.19823,0.10242,0.050121,0.11508,0.025436,0.15146
14290,0.059541,0.2122,0.076106,0.016341,-0.25455,-0.28443,0.030308
14291,0.00075039,0.18881,0.046873,0.0020496,-0.45755,-0.57513,-0.086948
14292,-0.048945,0.1297,0.023162,0.0072465,-0.48679,-0.80315,-0.18147
14293,-0.079802,0.057267,0.009845,0.02706,-0.40396,-0.93372,-0.24026
14294,-0.084024,-0.00054884,0.0052977,0.053369,-0.28086,-0.95808,-0.25715
14295,-0.062262,-0.023935,0.0088706,0.0852,-0.161,-0.88305,-0.23279
14296,-0.023935,-0.012242,0.019589,0.12028,-0.059664,-0.73364,-0.18049
14297,0.016016,0.020564,0.033231,0.14432,0.0052977,-0.53518,-0.11586
14298,0.049147,0.055643,0.038753,0.13717,0.024137,-0.30457,-0.052843
14299,0.070584,0.076431,0.028034,0.085525,-0.0031473,-0.061937,-0.0018481
14300,0.082927,0.078379,0.00042559,-0.00054884,-0.067784,0.16283,0.033231
14301,0.092346,0.065387,-0.034329,-0.094418,-0.15061,0.33985,0.047847
14302,0.094945,0.046873,-0.06681,-0.17497,-0.22304,0.44769,0.041351
14303,0.087474,0.027385,-0.087922,-0.22402,-0.2578,0.49121,0.022512
14304,0.070909,0.0085458,-0.09994,-0.22856,-0.23571,0.50193,-0.0021729
14305,0.047198,-0.0099683,-0.10936,-0.19316,-0.14314,0.5133,-0.024909
14306,0.022512,-0.024909,-0.11586,-0.13827,0.021213,0.54675,-0.042124
14307,0.0033489,-0.039526,-0.12138,-0.088572,0.22032,0.60035,-0.047971
14308,-0.013866,-0.054467,-0.123,-0.069083,0.37298,0.66141,-0.036278
14309,-0.029132,-0.072006,-0.1204,-0.086948,0.40806,0.71468,-0.010293
14310,-0.044723,-0.089546,-0.11358,-0.12917,0.29633,0.73676,0.022512
14311,-0.061937,-0.10286,-0.10449,-0.1727,0.070259,0.70201,0.050446
14312,-0.079477,-0.10968,-0.097666,-0.20583,-0.20193,0.59905,0.069285
14313,-0.092469,-0.10579,-0.094743,-0.22174,-0.44521,0.45418,0.081303
14314,-0.093444,-0.092145,-0.093769,-0.21655,-0.60696,0.32686,0.10274
14315,-0.077203,-0.069733,-0.088247,-0.19413,-0.6729,0.2619,0.14529
14316,-0.048296,-0.035953,-0.072656,-0.16035,-0.66413,0.2541,0.20733
14317,-0.010943,0.008221,-0.042449,-0.12073,-0.62418,0.26125,0.27002
14318,0.029983,0.059216,-0.0028225,-0.075579,-0.58585,0.24241,0.32036
14319,0.068635,0.11183,0.039078,-0.029782,-0.55792,0.18199,0.35057
14320,0.097868,0.15731,0.073182,0.009845,-0.51537,0.089423,0.36129
14321,0.11346,0.18264,0.098193,0.043625,-0.44391,-0.014191,0.34992
14322,0.11476,0.18069,0.11476,0.079354,-0.35361,-0.10156,0.31549
14323,0.11118,0.15601,0.1271,0.12548,-0.26949,-0.14996,0.27067
14324,0.11021,0.12613,0.14074,0.18557,-0.19771,-0.15581,0.22877
14325,0.11931,0.10664,0.15828,0.26319,-0.10026,-0.12592,0.19758
14326,0.13847,0.10079,0.18134,0.34862,0.087149,-0.076879,0.1781
14327,0.15991,0.10696,0.2083,0.41196,0.37688,-0.028157,0.1664
14328,0.17257,0.11508,0.22974,0.41066,0.68252,0.0036737,0.15796
14329,0.16738,0.11248,0.22747,0.33011,0.8839,0.0046481,0.14691
14330,0.14432,0.091372,0.19401,0.20505,0.91119,-0.028807,0.1284
14331,0.11118,0.056292,0.1362,0.10469,0.77152,-0.09117,0.10209
14332,0.074482,0.013418,0.073507,0.091047,0.53343,-0.1701,0.067011
14333,0.038103,-0.031406,0.017965,0.16965,0.27911,-0.25357,0.02706
14334,0.0078962,-0.067459,-0.020037,0.29243,0.086175,-0.31918,-0.016789
14335,-0.012892,-0.084674,-0.035953,0.39117,0.0023744,-0.35004,-0.06551
14336,-0.027833,-0.080776,-0.029782,0.4269,0.029009,-0.35004,-0.11683
14337,-0.037252,-0.059664,-0.0073698,0.39767,0.12483,-0.33672,-0.1675
14338,-0.042449,-0.034004,0.021538,0.32653,0.23494,-0.32666,-0.2081
14339,-0.048945,-0.013866,0.048497,0.25053,0.31646,-0.32081,-0.23246
14340,-0.05804,-0.00087364,0.065712,0.19596,0.36486,-0.30619,-0.23831
14341,-0.064536,0.0049729,0.072858,0.16478,0.40514,-0.25487,-0.23441
14342,-0.064861,0.0020496,0.064737,0.14529,0.47237,-0.1321,-0.22077
14343,-0.059989,-0.010618,0.043625,0.11866,0.57533,0.070259,-0.19608
14344,-0.053168,-0.032055,0.014717,0.072533,0.6757,0.31614,-0.16003
14345,-0.051219,-0.055441,-0.013216,0.011794,0.7137,0.54318,-0.11163
14346,-0.054792,-0.073631,-0.036278,-0.052518,0.65946,0.70688,-0.047321
14347,-0.062587,-0.077528,-0.04992,-0.10871,0.53116,0.78841,0.030957
14348,-0.065186,-0.066485,-0.056741,-0.14541,0.38402,0.7988,0.11248
14349,-0.051544,-0.039851,-0.053492,-0.15776,0.26482,0.75853,0.18719
14350,-0.021661,-0.00087364,-0.035628,-0.15093,0.17712,0.68512,0.24208
14351,0.016666,0.041676,-0.007045,-0.13047,0.080653,0.58118,0.26547
14352,0.050121,0.072858,0.021213,-0.098965,-0.070058,0.44249,0.25183
14353,0.071558,0.081952,0.038753,-0.06551,-0.28703,0.27164,0.20018
14354,0.079029,0.064413,0.041351,-0.037252,-0.54428,0.0852,0.12353
14355,0.078704,0.031607,0.033556,-0.01484,-0.78756,-0.0837,0.039078
14356,0.077405,-0.00022403,0.022837,0.0017248,-0.96165,-0.20063,-0.035953
14357,0.074157,-0.01614,0.015692,0.011794,-1.0269,-0.2487,-0.089871
14358,0.070584,-0.017114,0.014068,0.012443,-0.9623,-0.23409,-0.11715
14359,0.065062,-0.0083442,0.013093,0.0065969,-0.76709,-0.17107,-0.12398
14360,0.060515,0.0033489,0.0078962,-0.0060706,-0.47347,-0.084999,-0.12755
14361,0.056617,0.016666,0.0033489,-0.024585,-0.14249,-0.0015233,-0.13794
14362,0.056942,0.031932,0.0036737,-0.044073,0.15828,0.063113,-0.15061
14363,0.061814,0.05207,0.012768,-0.055441,0.38207,0.10534,-0.14671
14364,0.071883,0.079679,0.030308,-0.053168,0.50972,0.1336,-0.11131
14365,0.082602,0.10924,0.05142,-0.036278,0.55357,0.15341,-0.051544
14366,0.092021,0.12775,0.069285,-0.01549,0.53668,0.15763,0.012768
14367,0.093645,0.12613,0.072208,0.00075039,0.47757,0.1349,0.066686
14368,0.086175,0.099817,0.063438,0.0072465,0.38013,0.078704,0.097218
14369,0.070259,0.056942,0.045574,0.0026992,0.24403,-0.0018481,0.10144
14370,0.047523,0.0075714,0.026085,-0.0067202,0.082277,-0.085648,0.083901
14371,0.021213,-0.039526,0.012768,-0.0093186,-0.08305,-0.14996,0.055318
14372,-0.0037969,-0.076554,0.013418,0.0039985,-0.22532,-0.17302,0.029658
14373,-0.022636,-0.094743,0.031607,0.027709,-0.31951,-0.14801,0.017316
14374,-0.033354,-0.085324,0.056617,0.051096,-0.3416,-0.084674,0.016341
14375,-0.029457,-0.051219,0.075131,0.059865,-0.28508,-0.0021729,0.016016
14376,-0.010943,-0.0060706,0.078704,0.049796,-0.17627,0.068635,0.0026992
14377,0.013093,0.036479,0.065062,0.019914,-0.060313,0.091696,-0.035628
14378,0.028684,0.063763,0.038103,-0.017439,0.02641,0.037454,-0.095068
14379,0.030957,0.069934,0.008221,-0.04992,0.066037,-0.10611,-0.15711
14380,0.021213,0.055968,-0.01614,-0.073955,0.062139,-0.31886,-0.20453
14381,0.00075039,0.029333,-0.033679,-0.085648,0.032906,-0.5498,-0.22434
14382,-0.023935,-0.00022403,-0.042449,-0.083375,-0.007045,-0.74436,-0.2146
14383,-0.047971,-0.027183,-0.040175,-0.075579,-0.044723,-0.86811,-0.18666
14384,-0.063237,-0.048945,-0.031081,-0.067134,-0.079152,-0.91261,-0.15158
14385,-0.067134,-0.063237,-0.022961,-0.061613,-0.11293,-0.8876,-0.11423
14386,-0.059339,-0.06551,-0.022311,-0.059014,-0.15223,-0.80607,-0.073955
14387,-0.039526,-0.055766,-0.027183,-0.059989,-0.20128,-0.68362,-0.033354
14388,-0.010293,-0.036927,-0.031406,-0.059339,-0.25975,-0.5472,0.013093
14389,0.023812,-0.012892,-0.031081,-0.056091,-0.32178,-0.42085,0.06896
14390,0.055643,0.011469,-0.026533,-0.04992,-0.37115,-0.31854,0.13002
14391,0.075456,0.034206,-0.019712,-0.033354,-0.37375,-0.22824,0.18751
14392,0.079679,0.050771,-0.011917,-0.011592,-0.2971,-0.12592,0.22454
14393,0.064413,0.056292,-0.0044465,0.0091954,-0.13957,0.00042559,0.22812
14394,0.034206,0.049796,-0.0021729,0.019264,0.050771,0.12937,0.18622
14395,-0.0024977,0.037778,-0.0047713,0.021213,0.20895,0.2096,0.10436
14396,-0.032705,0.023812,-0.0080194,0.01894,0.28041,0.20473,0.0052977
14397,-0.050569,0.012768,-0.0093186,0.009845,0.24078,0.11443,-0.078827
14398,-0.053492,0.0062721,-0.013541,-0.0050961,0.11378,-0.017439,-0.12398
14399,-0.043099,0.0069217,-0.021661,-0.014191,-0.048945,-0.13794,-0.11326
14400,-0.026533,0.015367,-0.029782,-0.010618,-0.19316,-0.2133,-0.054792
14401,-0.0096434,0.032582,-0.032055,0.0065969,-0.29677,-0.23961,0.021213
14402,0.0069217,0.053369,-0.028807,0.029009,-0.36011,-0.21395,0.083576
14403,0.015692,0.072533,-0.019388,0.046873,-0.40753,-0.14411,0.10436
14404,0.0095202,0.082277,-0.011917,0.053694,-0.46437,-0.054142,0.072208
14405,-0.013866,0.079029,-0.0073698,0.046548,-0.53226,0.025436,-0.0057458
14406,-0.047321,0.064737,-0.0063954,0.029333,-0.57611,0.077405,-0.10026
14407,-0.0824,0.045574,-0.0073698,0.0010752,-0.54655,0.099492,-0.17887
14408,-0.10514,0.030308,-0.012567,-0.030106,-0.41273,0.090397,-0.22629
14409,-0.11228,0.02641,-0.020362,-0.051219,-0.18634,0.053369,-0.2474
14410,-0.10189,0.030957,-0.024585,-0.059014,0.061489,-0.0028225,-0.25325
14411,-0.080776,0.039078,-0.022311,-0.057715,0.24046,-0.054467,-0.2565
14412,-0.061288,0.045899,-0.017114,-0.050894,0.28983,-0.092145,-0.25812
14413,-0.056416,0.043625,-0.011917,-0.039851,0.19563,-0.11586,-0.25585
14414,-0.068434,0.030633,-0.0093186,-0.027183,0.003024,-0.1308,-0.25098
14415,-0.09117,0.0075714,-0.0060706,-0.011267,-0.20778,-0.13729,-0.2461
14416,-0.11586,-0.017114,-0.0031473,0.013418,-0.35491,-0.12722,-0.23733
14417,-0.1321,-0.03303,-0.00087364,0.046223,-0.39097,-0.10026,-0.21785
14418,-0.12917,-0.03173,0.0014,0.088773,-0.31139,-0.063561,-0.18147
14419,-0.10579,-0.010293,0.0078962,0.13912,-0.14704,-0.027183,-0.1243
14420,-0.062912,0.027385,0.021863,0.1781,0.055318,0.011144,-0.047321
14421,-0.0089938,0.070259,0.037129,0.17517,0.24208,0.060515,0.041676
14422,0.0433,0.10566,0.046223,0.10891,0.37785,0.1232,0.13165
14423,0.084876,0.12775,0.047198,-0.0063954,0.47432,0.19174,0.2044
14424,0.11054,0.1336,0.042326,-0.12008,0.57826,0.24988,0.25053
14425,0.11931,0.12353,0.03518,-0.18861,0.7189,0.27846,0.26677
14426,0.11118,0.098842,0.033881,-0.19056,0.86929,0.27002,0.26255
14427,0.088124,0.067661,0.036804,-0.13794,0.95471,0.23071,0.25215
14428,0.057592,0.041027,0.0433,-0.062587,0.91119,0.18492,0.24078
14429,0.031282,0.028684,0.054993,0.0039985,0.74164,0.15666,0.23039
14430,0.019264,0.034206,0.06896,0.048172,0.51427,0.1664,0.22519
14431,0.031282,0.053044,0.07708,0.072208,0.30477,0.22422,0.22714
14432,0.066037,0.07708,0.078704,0.0852,0.15373,0.32686,0.23234
14433,0.10891,0.095919,0.075131,0.094945,0.056942,0.44736,0.23559
14434,0.14204,0.10404,0.071883,0.10664,-0.021012,0.55715,0.23494
14435,0.15731,0.10664,0.075131,0.12223,-0.10091,0.64062,0.22649
14436,0.15309,0.11346,0.087149,0.14269,-0.17627,0.68187,0.20278
14437,0.13587,0.13165,0.10469,0.1664,-0.22532,0.66985,0.16933
14438,0.11281,0.15309,0.1219,0.18199,-0.22174,0.60717,0.13912
14439,0.093645,0.16121,0.13425,0.18102,-0.14769,0.5133,0.12255
14440,0.088124,0.14659,0.13684,0.16348,-0.0080194,0.40968,0.12255
14441,0.10209,0.11411,0.1271,0.14269,0.16965,0.31322,0.13684
14442,0.13327,0.078055,0.10826,0.13652,0.33693,0.22584,0.15666
14443,0.16121,0.048497,0.088124,0.14302,0.43794,0.14139,0.16835
14444,0.17257,0.024137,0.069285,0.15016,0.42917,0.049147,0.1625
14445,0.15796,0.0010752,0.049472,0.14464,0.31062,-0.055441,0.14204
14446,0.12255,-0.022311,0.025436,0.11703,0.1258,-0.16847,0.11313
14447,0.080653,-0.0405,-0.0018481,0.073182,-0.056416,-0.27534,0.085525
14448,0.049796,-0.050244,-0.025234,0.030957,-0.17594,-0.36336,0.062464
14449,0.038103,-0.04992,-0.036602,0.0072465,-0.20518,-0.42442,0.047198
14450,0.040702,-0.040825,-0.028807,0.012768,-0.13632,-0.4543,0.038103
14451,0.042975,-0.023935,-0.0089938,0.039078,0.015042,-0.45138,0.029333
14452,0.031282,-0.0037969,0.013418,0.065712,0.20116,-0.42085,0.015367
14453,0.0046481,0.016341,0.027709,0.077405,0.35836,-0.37148,-0.007045
14454,-0.024585,0.031932,0.030308,0.069285,0.43437,-0.31756,-0.03303
14455,-0.042449,0.040377,0.023487,0.045899,0.40806,-0.26981,-0.054142
14456,-0.046022,0.041027,0.0065969,0.019264,0.29275,-0.22499,-0.064536
14457,-0.0405,0.028684,-0.013216,-0.0031473,0.12678,-0.1688,-0.063886
14458,-0.033679,0.0023744,-0.026533,-0.021012,-0.045697,-0.086298,-0.054142
14459,-0.030431,-0.028157,-0.027508,-0.030431,-0.18959,0.035505,-0.034978
14460,-0.033679,-0.048296,-0.018088,-0.030106,-0.27761,0.19044,-0.0041217
14461,-0.033679,-0.045372,-0.0047713,-0.021012,-0.30587,0.3418,0.038103
14462,-0.02361,-0.018738,0.0046481,-0.0018481,-0.29385,0.43534,0.082602
14463,-0.0041217,0.023812,0.0072465,0.022512,-0.26299,0.43112,0.11508
14464,0.021213,0.06961,0.0049729,0.047523,-0.22109,0.33335,0.12678
14465,0.0433,0.10436,0.0033489,0.070584,-0.16263,0.19044,0.11703
14466,0.055318,0.1206,0.0026992,0.088448,-0.090521,0.070584,0.096893
14467,0.054019,0.10989,0.00042559,0.095594,-0.019712,0.014068,0.076431
14468,0.040377,0.074157,-0.0028225,0.087149,0.032257,0.028034,0.064413
14469,0.019264,0.019914,-0.008669,0.062464,0.05142,0.089748,0.061814
14470,-0.00022403,-0.042774,-0.01614,0.031282,0.038103,0.1664,0.066362
14471,-0.012242,-0.10091,-0.024909,0.0078962,0.0049729,0.24793,0.073182
14472,-0.011917,-0.14119,-0.035303,-0.0028225,-0.025884,0.3444,0.083576
14473,-0.00054884,-0.15548,-0.046347,-0.0034721,-0.039201,0.45873,0.099167
14474,0.015042,-0.14606,-0.052193,-0.0028225,-0.033354,0.56494,0.11898
14475,0.026735,-0.12495,-0.053168,-0.0080194,-0.026858,0.626,0.13814
14476,0.029009,-0.09929,-0.054142,-0.026533,-0.034654,0.61821,0.15471
14477,0.021213,-0.074605,-0.054792,-0.051868,-0.051544,0.5461,0.16803
14478,0.0088706,-0.053817,-0.05739,-0.067134,-0.067784,0.43372,0.1781
14479,-0.00022403,-0.039526,-0.061613,-0.060638,-0.070707,0.30932,0.18199
14480,-0.0021729,-0.032705,-0.062262,-0.036927,-0.064211,0.19044,0.17257
14481,0.0010752,-0.03303,-0.05739,-0.010293,-0.063561,0.080653,0.14756
14482,0.0078962,-0.031406,-0.045372,0.008221,-0.085648,-0.023935,0.11346
14483,0.014717,-0.022961,-0.029457,0.014068,-0.14119,-0.13177,0.072208
14484,0.01764,-0.0089938,-0.013541,0.012443,-0.22467,-0.24838,0.024137
14485,0.016666,0.0039985,-0.00054884,0.0075714,-0.30912,-0.36888,-0.027508
14486,0.015692,0.013093,0.009845,0.0039985,-0.36498,-0.47802,-0.076879
14487,0.013743,0.019264,0.01764,0.0056225,-0.36791,-0.56506,-0.11131
14488,0.009845,0.019914,0.020239,0.012768,-0.31042,-0.62645,-0.12755
14489,0.0036737,0.019914,0.01764,0.020888,-0.21232,-0.66835,-0.12755
14490,-0.0057458,0.023162,0.013093,0.024786,-0.10221,-0.69888,-0.11748
14491,-0.0096434,0.032906,0.0095202,0.016991,-0.0034721,-0.7187,-0.11326
14492,-0.0083442,0.04395,0.0078962,-0.0041217,0.078055,-0.72227,-0.11975
14493,-0.0028225,0.050771,0.0065969,-0.029132,0.14626,-0.70116,-0.13729
14494,0.0046481,0.053369,0.0085458,-0.051219,0.20895,-0.65796,-0.16133
14495,0.01017,0.054344,0.013418,-0.072981,0.27456,-0.60112,-0.18342
14496,0.011469,0.057267,0.020564,-0.099615,0.34212,-0.53291,-0.19673
14497,0.0062721,0.064088,0.029009,-0.12203,0.39344,-0.45171,-0.19706
14498,-0.0015233,0.073507,0.040052,-0.11748,0.40481,-0.35589,-0.18277
14499,-0.0054209,0.080978,0.050446,-0.067134,0.36746,-0.2461,-0.15418
14500,-0.0024977,0.084551,0.054993,0.030308,0.29243,-0.13047,-0.11521
14501,0.0020496,0.079679,0.053044,0.15406,0.19596,-0.025234,-0.075904
14502,0.0026992,0.068635,0.048822,0.26677,0.092346,0.05207,-0.043099
14503,-0.0060706,0.056942,0.045574,0.3405,-0.0067202,0.093321,-0.023935
14504,-0.024909,0.049147,0.043625,0.35674,-0.093444,0.10761,-0.017114
14505,-0.040175,0.045249,0.038428,0.31776,-0.1636,0.11898,-0.01614
14506,-0.039851,0.047198,0.030308,0.24825,-0.20972,0.15861,-0.012892
14507,-0.015815,0.053369,0.020564,0.17582,-0.22694,0.2463,-0.0015233
14508,0.028034,0.066686,0.016991,0.1206,-0.21557,0.38175,0.023812
14509,0.082277,0.087474,0.021538,0.089098,-0.17562,0.53993,0.067336
14510,0.13587,0.11313,0.033556,0.079029,-0.11131,0.69129,0.12093
14511,0.17907,0.13912,0.053369,0.083251,-0.024585,0.80692,0.16445
14512,0.20635,0.16283,0.080653,0.096569,0.073832,0.86571,0.18004
14513,0.21707,0.17842,0.11443,0.12418,0.16056,0.85012,0.16575
14514,0.21058,0.17907,0.14789,0.17257,0.21935,0.75041,0.12807
14515,0.18979,0.15796,0.17452,0.23754,0.24923,0.57371,0.085525
14516,0.15763,0.11898,0.19109,0.29957,0.27651,0.35349,0.053369
14517,0.12158,0.076755,0.19596,0.32751,0.3327,0.13684,0.036804
14518,0.084876,0.039402,0.18264,0.28918,0.41878,-0.046671,0.028684
14519,0.045574,0.0062721,0.14919,0.16933,0.49056,-0.18796,0.016666
14520,0.0014,-0.025234,0.10079,-0.0018481,0.49868,-0.28963,-0.0024977
14521,-0.042774,-0.052518,0.048172,-0.1675,0.42397,-0.35784,-0.030106
14522,-0.075579,-0.065835,0.003024,-0.27241,0.28236,-0.40266,-0.061613
14523,-0.090521,-0.059014,-0.018413,-0.29417,0.11183,-0.43904,-0.092145
14524,-0.089221,-0.038227,-0.019063,-0.2461,-0.043099,-0.47867,-0.11651
14525,-0.07428,-0.011917,-0.0060706,-0.16653,-0.15581,-0.53291,-0.13404
14526,-0.050569,0.011144,0.01017,-0.089546,-0.22304,-0.60144,-0.14087
14527,-0.028157,0.030633,0.023487,-0.036278,-0.25617,-0.65861,-0.1321
14528,-0.0089938,0.041351,0.033231,-0.0093186,-0.27046,-0.67452,-0.10709
14529,0.0020496,0.042001,0.039727,-0.00022403,-0.27176,-0.62775,-0.073955
14530,0.0059473,0.037454,0.043625,0.00075039,-0.26397,-0.52414,-0.042449
14531,0.0026992,0.032906,0.041676,-0.0044465,-0.2552,-0.39259,-0.021012
14532,0.00010078,0.029333,0.032906,-0.01484,-0.24805,-0.27111,-0.013541
14533,0.0020496,0.024137,0.022512,-0.028157,-0.23798,-0.18601,-0.0099683
14534,0.010495,0.017316,0.0095202,-0.044398,-0.22499,-0.14444,-0.0031473
14535,0.026085,0.0052977,-0.0060706,-0.056091,-0.2133,-0.13307,0.012119
14536,0.045574,-0.0080194,-0.020037,-0.061937,-0.20615,-0.11196,0.03453
14537,0.062139,-0.012242,-0.029457,-0.06681,-0.19446,-0.038876,0.062139
14538,0.069934,-0.0015233,-0.03303,-0.072006,-0.17789,0.10371,0.089098
14539,0.070909,0.02641,-0.029132,-0.079152,-0.1662,0.29438,0.10989
14540,0.067336,0.067661,-0.018738,-0.089221,-0.17302,0.48504,0.11931
14541,0.059541,0.11248,-0.0047713,-0.098641,-0.19868,0.63088,0.11054
14542,0.048172,0.14009,0.0091954,-0.10676,-0.23538,0.70916,0.083251
14543,0.037454,0.13262,0.017965,-0.10838,-0.27566,0.73741,0.047847
14544,0.030633,0.094295,0.019914,-0.10644,-0.29807,0.76535,0.022512
14545,0.027709,0.038753,0.011469,-0.10676,-0.26851,0.83421,0.01764
14546,0.025436,-0.0096434,-0.0044465,-0.11196,-0.16133,0.95503,0.034855
14547,0.026085,-0.03238,-0.020362,-0.11845,0.016666,1.1061,0.066686
14548,0.03453,-0.021337,-0.027508,-0.11618,0.21772,1.2555,0.11021
14549,0.049796,0.022837,-0.022311,-0.094093,0.3798,1.3669,0.15926
14550,0.066362,0.083251,-0.0089938,-0.054792,0.4584,1.4065,0.20798
14551,0.079354,0.13684,0.0085458,-0.010943,0.44996,1.3484,0.2515
14552,0.086824,0.1625,0.025761,0.024461,0.37623,1.173,0.28496
14553,0.087474,0.15861,0.040052,0.053044,0.25735,0.87935,0.29957
14554,0.080978,0.14269,0.049796,0.083901,0.10924,0.5016,0.29113
14555,0.070584,0.13035,0.054993,0.12385,-0.056741,0.097218,0.26352
14556,0.065387,0.12743,0.058566,0.17127,-0.22499,-0.26754,0.23039
14557,0.066037,0.12872,0.066037,0.2174,-0.3705,-0.54493,0.20798
14558,0.070909,0.1245,0.079029,0.25183,-0.4634,-0.72649,0.19693
14559,0.075131,0.10501,0.092996,0.26937,-0.48614,-0.82556,0.18654
14560,0.077405,0.068635,0.10112,0.27002,-0.44878,-0.87038,0.15731
14561,0.075131,0.023162,0.097868,0.25378,-0.39454,-0.885,0.096244
14562,0.062464,-0.020362,0.079354,0.22129,-0.3731,-0.8837,0.0095202
14563,0.037454,-0.053817,0.051096,0.17777,-0.4202,-0.88208,-0.082725
14564,0.0033489,-0.074605,0.019914,0.1362,-0.5394,-0.88305,-0.16295
14565,-0.034329,-0.083375,-0.007045,0.10696,-0.70083,-0.8772,-0.22564
14566,-0.071357,-0.087597,-0.027183,0.092996,-0.847,-0.8483,-0.27858
14567,-0.10384,-0.095393,-0.035953,0.094945,-0.91683,-0.78171,-0.31854
14568,-0.12625,-0.10774,-0.034004,0.10501,-0.87883,-0.67387,-0.34062
14569,-0.13794,-0.1217,-0.023285,0.11411,-0.76157,-0.54752,-0.34127
14570,-0.13762,-0.1308,-0.011917,0.11703,-0.63652,-0.43579,-0.32471
14571,-0.13242,-0.13242,-0.0067202,0.10794,-0.55435,-0.3718,-0.30262
14572,-0.12885,-0.1256,-0.012567,0.083576,-0.52057,-0.36791,-0.28411
14573,-0.12527,-0.11553,-0.025234,0.037129,-0.5014,-0.41728,-0.27469
14574,-0.11683,-0.10156,-0.0405,-0.026209,-0.44748,-0.48873,-0.27241
14575,-0.10254,-0.079802,-0.054142,-0.084674,-0.29353,-0.53518,-0.26851
14576,-0.081751,-0.051219,-0.059989,-0.11651,-0.0018481,-0.51537,-0.25715
14577,-0.059339,-0.025559,-0.054467,-0.11033,0.39929,-0.41858,-0.23051
14578,-0.036927,-0.008669,-0.041475,-0.072006,0.84493,-0.25357,-0.18861
14579,-0.016464,0.0023744,-0.025559,-0.010943,1.2649,-0.038551,-0.13047
14580,0.0043233,0.0091954,-0.0060706,0.056617,1.605,0.19174,-0.056091
14581,0.025761,0.010819,0.011794,0.11541,1.8255,0.38565,0.025111
14582,0.046873,0.0085458,0.022837,0.14756,1.91,0.49576,0.094945
14583,0.063763,0.0065969,0.022188,0.14302,1.8736,0.50258,0.1297
14584,0.070259,0.011469,0.015692,0.11411,1.7443,0.43404,0.12483
14585,0.065712,0.021538,0.012443,0.078379,1.5563,0.35252,0.10534
14586,0.060515,0.032257,0.016016,0.059541,1.3409,0.31094,0.098842
14587,0.059216,0.036804,0.020564,0.064737,1.1275,0.32491,0.1219
14588,0.066362,0.035505,0.021213,0.07773,0.93652,0.39312,0.1677
14589,0.082602,0.029333,0.014068,0.080978,0.77509,0.51362,0.22779
14590,0.10371,0.023162,0.003024,0.066362,0.65426,0.68902,0.28463
14591,0.12678,0.022188,-0.0037969,0.040702,0.57306,0.90372,0.32978
14592,0.14042,0.030308,0.0020496,0.015367,0.50907,1.1184,0.36031
14593,0.14237,0.045574,0.023162,-0.0015233,0.42755,1.2772,0.36876
14594,0.13067,0.064737,0.051096,-0.008669,0.29633,1.3162,0.34602
14595,0.10566,0.08585,0.076431,-0.0073698,0.11541,1.1973,0.29015
14596,0.070584,0.10306,0.087149,-0.0037969,-0.084999,0.9297,0.20311
14597,0.024461,0.11021,0.080978,-0.0096434,-0.26072,0.56819,0.089748
14598,-0.028482,0.10274,0.064413,-0.02361,-0.3744,0.18881,-0.035628
14599,-0.075579,0.081952,0.046548,-0.029457,-0.40818,-0.12917,-0.14411
14600,-0.10449,0.055968,0.03518,-0.01484,-0.3848,-0.33932,-0.21167
14601,-0.11391,0.029333,0.02706,0.0033489,-0.36368,-0.43969,-0.23409
14602,-0.11163,0.0059473,0.015692,-0.0099683,-0.39097,-0.45755,-0.22044
14603,-0.10156,-0.011592,-0.0034721,-0.072331,-0.44911,-0.4267,-0.18212
14604,-0.0824,-0.022311,-0.024909,-0.1597,-0.47217,-0.37992,-0.12527
14605,-0.056091,-0.025234,-0.044398,-0.23441,-0.40331,-0.33153,-0.060638
14606,-0.03238,-0.022636,-0.056091,-0.27241,-0.23538,-0.27956,-0.0037969
14607,-0.018738,-0.018738,-0.059664,-0.26624,-0.0037969,-0.21492,0.039078
14608,-0.010943,-0.014191,-0.055116,-0.22142,0.23624,-0.12008,0.06961
14609,0.00042559,-0.011917,-0.043099,-0.15126,0.41683,0.0091954,0.098517
14610,0.017316,-0.011592,-0.02426,-0.072981,0.47464,0.15763,0.13392
14611,0.038428,-0.011917,0.00010078,0.0036737,0.3811,0.29535,0.17127
14612,0.061165,-0.013216,0.02706,0.065062,0.14269,0.37948,0.20538
14613,0.080653,-0.0093186,0.050446,0.10436,-0.19706,0.37785,0.22747
14614,0.099167,0.0046481,0.066686,0.12743,-0.54752,0.2895,0.23656
14615,0.12483,0.036154,0.071883,0.14334,-0.81029,0.13327,0.23299
14616,0.16056,0.08585,0.06961,0.15373,-0.91261,-0.052518,0.22389
14617,0.19856,0.14139,0.066362,0.16056,-0.82069,-0.22661,0.2096
14618,0.22812,0.18654,0.067986,0.169,-0.5511,-0.35069,0.18946
14619,0.24046,0.21577,0.076106,0.17387,-0.17952,-0.40201,0.16933
14620,0.23169,0.22454,0.0852,0.16738,0.1781,-0.38804,0.15536
14621,0.20603,0.21058,0.090722,0.15146,0.42365,-0.34225,0.15016
14622,0.1638,0.17517,0.091696,0.13522,0.53246,-0.30197,0.14464
14623,0.10989,0.12483,0.090722,0.12255,0.5526,-0.28216,0.131
14624,0.051096,0.069285,0.0852,0.11671,0.54643,-0.27306,0.10599
14625,-0.0073698,0.021213,0.075131,0.11183,0.51687,-0.26234,0.071234
14626,-0.05804,-0.012242,0.06084,0.10306,0.42332,-0.24708,0.031282
14627,-0.096692,-0.037252,0.048822,0.096893,0.24208,-0.23149,-0.0034721
14628,-0.12203,-0.056416,0.044275,0.10274,0.0062721,-0.22304,-0.022961
14629,-0.13372,-0.070058,0.048822,0.1323,-0.19283,-0.22272,-0.023935
14630,-0.12398,-0.072331,0.06084,0.19109,-0.25552,-0.2081,-0.0073698
14631,-0.091495,-0.053168,0.075131,0.26807,-0.15126,-0.14996,0.019914
14632,-0.043748,-0.017764,0.081952,0.31874,0.049796,-0.034004,0.045899
14633,0.0017248,0.019914,0.072533,0.296,0.21772,0.13067,0.062139
14634,0.030633,0.047198,0.0433,0.18524,0.24468,0.31094,0.06084
14635,0.039078,0.055318,-0.0018481,0.014717,0.10956,0.46685,0.04395
14636,0.033881,0.046548,-0.04862,-0.16328,-0.13242,0.56527,0.01894
14637,0.020888,0.029009,-0.087597,-0.29872,-0.38804,0.59222,0.0039985
14638,0.011469,0.010495,-0.11098,-0.36693,-0.58033,0.55877,0.017316
14639,0.013093,-0.00087364,-0.1178,-0.37245,-0.6664,0.49576,0.059216
14640,0.026085,-0.00087364,-0.10838,-0.33153,-0.64139,0.43015,0.11541
14641,0.041351,0.010819,-0.087272,-0.26754,-0.53063,0.36356,0.1664
14642,0.052395,0.030633,-0.065186,-0.20615,-0.38025,0.27424,0.19271
14643,0.057917,0.047847,-0.04862,-0.16295,-0.23733,0.14399,0.19531
14644,0.06019,0.059216,-0.036927,-0.13859,-0.14249,-0.031081,0.18199
14645,0.057267,0.064088,-0.025884,-0.12527,-0.11845,-0.23701,0.15536
14646,0.049147,0.064737,-0.017114,-0.11521,-0.16555,-0.44748,0.11151
14647,0.031932,0.065387,-0.011592,-0.10579,-0.25975,-0.64367,0.036154
14648,0.0033489,0.067336,-0.015165,-0.097991,-0.36303,-0.81062,-0.078503
14649,-0.029132,0.064088,-0.026209,-0.095068,-0.44813,-0.93827,-0.20778
14650,-0.061613,0.05207,-0.042124,-0.096367,-0.504,-1.0221,-0.31626
14651,-0.088572,0.030957,-0.060963,-0.10059,-0.52771,-1.0734,-0.38545
14652,-0.10968,0.0043233,-0.079477,-0.10384,-0.51342,-1.1049,-0.42475
14653,-0.12463,-0.020362,-0.089221,-0.10091,-0.46015,-1.1244,-0.4569
14654,-0.13112,-0.040175,-0.0837,-0.080127,-0.37798,-1.1205,-0.49068
14655,-0.12625,-0.04992,-0.060963,-0.039526,-0.28638,-1.0646,-0.51602
14656,-0.10546,-0.050244,-0.028482,0.015692,-0.20875,-0.93047,-0.51407
14657,-0.068109,-0.037577,0.0069217,0.084876,-0.15808,-0.71772,-0.47444
14658,-0.025234,-0.019712,0.039727,0.16023,-0.14087,-0.44943,-0.39487
14659,0.0078962,-0.0028225,0.062464,0.22584,-0.1623,-0.15451,-0.28605
14660,0.025436,0.0095202,0.070259,0.25897,-0.22824,0.12645,-0.16718
14661,0.030633,0.01894,0.066686,0.24598,-0.33705,0.3379,-0.061613
14662,0.031607,0.029658,0.057592,0.19921,-0.46827,0.42462,0.010819
14663,0.033556,0.045249,0.046873,0.13977,-0.57643,0.36453,0.042326
14664,0.04395,0.067661,0.039078,0.082602,-0.60469,0.17842,0.044275
14665,0.067661,0.09397,0.042975,0.037129,-0.53226,-0.077528,0.038428
14666,0.096244,0.12125,0.062139,0.0059473,-0.3744,-0.33445,0.044924
14667,0.11931,0.14756,0.092996,-0.01614,-0.17497,-0.52479,0.071883
14668,0.13295,0.17257,0.13002,-0.039526,0.015692,-0.5943,0.11801
14669,0.14204,0.19434,0.16283,-0.072981,0.169,-0.51472,0.18134
14670,0.15179,0.20181,0.18524,-0.11033,0.27716,-0.2971,0.25443
14671,0.15958,0.18557,0.19304,-0.11845,0.33011,0.00042559,0.31419
14672,0.16023,0.14237,0.18102,-0.065186,0.31322,0.2934,0.33238
14673,0.14529,0.080003,0.15081,0.067986,0.21707,0.51005,0.29665
14674,0.11216,0.01017,0.10826,0.25248,0.050771,0.60619,0.20928
14675,0.064413,-0.04992,0.061165,0.42885,-0.14541,0.56916,0.092346
14676,0.014392,-0.089221,0.016666,0.54708,-0.30977,0.42592,-0.024909
14677,-0.024909,-0.10384,-0.016464,0.5906,-0.38155,0.23299,-0.11813
14678,-0.044723,-0.094743,-0.035628,0.56689,-0.33672,0.051096,-0.1701
14679,-0.048296,-0.068434,-0.034978,0.49901,-0.19348,-0.076554,-0.18731
14680,-0.040175,-0.033354,-0.01614,0.41196,-0.0018481,-0.13404,-0.18309
14681,-0.026533,0.0014,0.013418,0.32263,0.19628,-0.1217,-0.17172
14682,-0.011917,0.026735,0.042975,0.24598,0.37428,-0.04992,-0.15256
14683,0.003024,0.036154,0.060515,0.17745,0.51719,0.067986,-0.11813
14684,0.016666,0.032906,0.058891,0.11183,0.61301,0.2161,-0.06681
14685,0.030633,0.024786,0.0433,0.051745,0.65004,0.36616,-0.0050961
14686,0.045574,0.016016,0.024137,-0.00022403,0.61983,0.48244,0.053694
14687,0.054668,0.008221,0.0091954,-0.042774,0.52694,0.54188,0.099492
14688,0.050446,0.0059473,0.0023744,-0.073631,0.38435,0.53441,0.12937
14689,0.032582,0.0091954,0.0023744,-0.088896,0.22227,0.46847,0.14626
14690,0.0062721,0.01829,0.0023744,-0.088247,0.067336,0.35479,0.15146
14691,-0.020037,0.029658,0.0010752,-0.076554,-0.064536,0.21675,0.14496
14692,-0.036278,0.036479,-0.0031473,-0.068758,-0.17042,0.081303,0.12743
14693,-0.037252,0.032257,-0.0099683,-0.078178,-0.25617,-0.026858,0.10209
14694,-0.024585,0.021213,-0.020362,-0.10384,-0.33445,-0.094743,0.070584
14695,-0.008669,0.0062721,-0.034329,-0.13275,-0.40363,-0.12105,0.042651
14696,0.0014,-0.008669,-0.051219,-0.15483,-0.45398,-0.11326,0.022188
14697,-0.0031473,-0.02426,-0.070382,-0.16263,-0.47769,-0.079802,0.0091954
14698,-0.021986,-0.040175,-0.085973,-0.15678,-0.47704,-0.038876,0.00075039
14699,-0.047646,-0.055441,-0.095068,-0.14639,-0.466,-0.010618,-0.0047713
14700,-0.073306,-0.069408,-0.096367,-0.14346,-0.45593,-0.013216,-0.0083442
14701,-0.089871,-0.077528,-0.092469,-0.14834,-0.44359,-0.04862,-0.010618
14702,-0.095717,-0.080127,-0.087272,-0.14931,-0.41695,-0.10189,-0.0099683
14703,-0.093444,-0.073631,-0.079802,-0.14509,-0.3718,-0.14964,-0.010293
14704,-0.086948,-0.060638,-0.071682,-0.1334,-0.30977,-0.17789,-0.0057458
14705,-0.075579,-0.041799,-0.06551,-0.11293,-0.22694,-0.17984,0.0078962
14706,-0.061288,-0.019388,-0.059014,-0.0837,-0.11488,-0.14639,0.030308
14707,-0.042774,0.0049729,-0.049595,-0.04862,0.048172,-0.061937,0.054668
14708,-0.020037,0.027709,-0.034654,-0.014191,0.27326,0.077405,0.080003
14709,0.0095202,0.044275,-0.014516,0.017965,0.51784,0.24371,0.10859
14710,0.042326,0.062139,0.011144,0.048822,0.71078,0.37655,0.14626
14711,0.077405,0.088773,0.039727,0.070909,0.80562,0.43404,0.19239
14712,0.11346,0.12353,0.064737,0.077405,0.81115,0.43015,0.2463
14713,0.14529,0.16056,0.083251,0.069285,0.76989,0.42462,0.2999
14714,0.16803,0.18492,0.094945,0.057267,0.72637,0.48406,0.34147
14715,0.18394,0.18849,0.10047,0.06084,0.70493,0.65004,0.36778
14716,0.19986,0.16705,0.10436,0.094945,0.69909,0.91866,0.39084
14717,0.2161,0.12775,0.10989,0.15601,0.69194,1.2461,0.41553
14718,0.22909,0.088773,0.11898,0.22519,0.67505,1.5537,0.43242
14719,0.23071,0.059865,0.1284,0.27911,0.65394,1.7599,0.42722
14720,0.21382,0.044275,0.12678,0.29957,0.63218,1.8028,0.39442
14721,0.1755,0.039727,0.11151,0.27911,0.60749,1.6576,0.34017
14722,0.12353,0.037129,0.085525,0.22129,0.57728,1.3575,0.27749
14723,0.072858,0.03453,0.056942,0.1362,0.5552,0.97972,0.22259
14724,0.038428,0.029983,0.028359,0.045574,0.57241,0.61399,0.18589
14725,0.025761,0.023162,0.0039985,-0.036278,0.65621,0.33108,0.1638
14726,0.032257,0.016991,-0.010618,-0.097991,0.81244,0.17322,0.15244
14727,0.041676,0.014392,-0.016789,-0.1334,0.99304,0.13717,0.14561
14728,0.041676,0.013093,-0.016789,-0.14736,1.1113,0.18654,0.13295
14729,0.025111,0.011469,-0.017764,-0.14639,1.0937,0.2619,0.11151
14730,-0.0041217,0.0046481,-0.018738,-0.14022,0.92125,0.30152,0.074482
14731,-0.037577,-0.0050961,-0.020687,-0.13827,0.62828,0.2619,0.026085
14732,-0.061937,-0.011917,-0.021337,-0.13794,0.29015,0.14042,-0.027508
14733,-0.067459,-0.011267,-0.015815,-0.13697,-0.013541,-0.038876,-0.081751
14734,-0.061288,-0.00087364,-0.0063954,-0.13697,-0.23084,-0.24156,-0.13502
14735,-0.052843,0.014068,0.0049729,-0.13242,-0.35459,-0.43449,-0.19283
14736,-0.046996,0.025436,0.015367,-0.12268,-0.40006,-0.59495,-0.25552
14737,-0.043099,0.031932,0.022188,-0.11001,-0.3835,-0.7096,-0.31691
14738,-0.04115,0.031932,0.025436,-0.093119,-0.30814,-0.77262,-0.35881
14739,-0.03303,0.029658,0.02641,-0.068434,-0.17432,-0.78041,-0.36109
14740,-0.01614,0.028684,0.02641,-0.040175,0.0043233,-0.74176,-0.31496
14741,0.0085458,0.031607,0.023487,-0.015165,0.1716,-0.67842,-0.23863
14742,0.032257,0.042326,0.019589,0.00010078,0.25475,-0.61216,-0.16198
14743,0.05272,0.054993,0.020888,0.0065969,0.22292,-0.54687,-0.11326
14744,0.064413,0.064088,0.029009,0.013743,0.10047,-0.46437,-0.09929
14745,0.066362,0.065712,0.044275,0.026085,-0.059989,-0.33997,-0.10579
14746,0.062464,0.058891,0.066362,0.042975,-0.2029,-0.16685,-0.11423
14747,0.056617,0.055968,0.090072,0.065387,-0.29028,0.033556,-0.10871
14748,0.054344,0.06019,0.10924,0.091372,-0.32568,0.22357,-0.075255
14749,0.057267,0.066686,0.12028,0.11541,-0.34452,0.35089,-0.020362
14750,0.06084,0.061489,0.12288,0.1258,-0.38285,0.38305,0.038753
14751,0.060515,0.034855,0.11378,0.11508,-0.44196,0.32686,0.090072
14752,0.054993,-0.010293,0.089423,0.081627,-0.47802,0.21805,0.1258
14753,0.039402,-0.062262,0.057267,0.039078,-0.43806,0.095919,0.13717
14754,0.013093,-0.10936,0.024461,0.0056225,-0.30814,-0.010618,0.12223
14755,-0.02426,-0.14444,-0.0073698,-0.013216,-0.1269,-0.081101,0.087799
14756,-0.07493,-0.16003,-0.034004,-0.021337,0.054019,-0.11326,0.046548
14757,-0.13372,-0.15873,-0.046022,-0.016464,0.19661,-0.12268,0.0075714
14758,-0.18244,-0.13924,-0.036278,0.0049729,0.27132,-0.15093,-0.027183
14759,-0.20128,-0.10546,-0.0093186,0.033881,0.26319,-0.23766,-0.05804
14760,-0.18504,-0.062262,0.024461,0.055318,0.17452,-0.39681,-0.086623
14761,-0.13957,-0.015815,0.055318,0.064737,0.024461,-0.60079,-0.11131
14762,-0.0824,0.031607,0.078055,0.065387,-0.16198,-0.79178,-0.12917
14763,-0.03173,0.074482,0.094945,0.06831,-0.34517,-0.91358,-0.13859
14764,-0.0021729,0.10144,0.10306,0.082927,-0.48191,-0.93989,-0.13599
14765,0.0026992,0.097868,0.096569,0.10599,-0.53973,-0.87915,-0.13015
14766,-0.0073698,0.061489,0.074157,0.12288,-0.51927,-0.75508,-0.12592
14767,-0.022311,0.0088706,0.040702,0.11833,-0.45041,-0.5969,-0.12365
14768,-0.028807,-0.039201,0.0085458,0.095594,-0.3718,-0.43741,-0.11683
14769,-0.016789,-0.06681,-0.015815,0.062789,-0.31171,-0.30554,-0.10156
14770,0.012443,-0.069083,-0.027183,0.033231,-0.27469,-0.22207,-0.081751
14771,0.045574,-0.052518,-0.027183,0.020239,-0.24805,-0.18796,-0.063237
14772,0.072858,-0.022961,-0.01549,0.027709,-0.21752,-0.18244,-0.045697
14773,0.091372,0.012443,0.0033489,0.053044,-0.16977,-0.18699,-0.028157
14774,0.097868,0.04395,0.021213,0.083576,-0.089546,-0.20096,-0.011267
14775,0.092021,0.065387,0.030957,0.10436,0.019589,-0.23149,-0.0024977
14776,0.075781,0.070584,0.028684,0.099167,0.11931,-0.28216,-0.0034721
14777,0.048822,0.057267,0.014068,0.063113,0.15601,-0.34744,-0.012892
14778,0.011469,0.029333,-0.0080194,0.0046481,0.10436,-0.41078,-0.029782
14779,-0.025234,-0.0044465,-0.030756,-0.053817,-0.021012,-0.44943,-0.045372
14780,-0.048296,-0.03173,-0.046347,-0.09117,-0.17302,-0.44359,-0.047971
14781,-0.050894,-0.04115,-0.047646,-0.096042,-0.30717,-0.38447,-0.024585
14782,-0.031081,-0.027183,-0.035953,-0.066485,-0.38934,-0.27664,0.027385
14783,0.0046481,0.0078962,-0.015815,-0.0096434,-0.40428,-0.13924,0.095919
14784,0.050771,0.053694,0.0075714,0.058566,-0.33835,0.0014,0.1638
14785,0.096244,0.095594,0.029333,0.12288,-0.18634,0.12905,0.21837
14786,0.1336,0.12678,0.047198,0.17485,0.021863,0.23429,0.25605
14787,0.16023,0.14789,0.06084,0.20993,0.22259,0.30217,0.27456
14788,0.17615,0.16056,0.06896,0.22877,0.3405,0.30964,0.28073
14789,0.17907,0.1625,0.070584,0.23136,0.33465,0.24468,0.28008
14790,0.17257,0.15406,0.065387,0.22194,0.21545,0.12613,0.27814
14791,0.16088,0.13717,0.054668,0.207,0.031282,0.0039985,0.27879
14792,0.14789,0.11638,0.044275,0.18946,-0.15581,-0.068109,0.28366
14793,0.13392,0.097543,0.037778,0.16868,-0.30002,-0.059339,0.28853
14794,0.1219,0.0865,0.032906,0.14886,-0.38025,0.02641,0.28431
14795,0.11118,0.082927,0.026085,0.13457,-0.39681,0.15471,0.26092
14796,0.097868,0.082927,0.014717,0.12743,-0.35621,0.27684,0.21545
14797,0.0852,0.080978,-0.00054884,0.11963,-0.27111,0.35836,0.14854
14798,0.06961,0.076431,-0.013541,0.092346,-0.174,0.38597,0.06896
14799,0.050771,0.071234,-0.021012,0.033881,-0.10838,0.35934,-0.007045
14800,0.031282,0.064737,-0.021986,-0.053168,-0.11196,0.28723,-0.060963
14801,0.018615,0.058241,-0.022311,-0.14606,-0.19154,0.18816,-0.086948
14802,0.016341,0.052395,-0.026209,-0.21135,-0.32113,0.090072,-0.093119
14803,0.020239,0.047198,-0.028482,-0.22597,-0.44716,0.015692,-0.086623
14804,0.020239,0.044275,-0.026209,-0.18926,-0.52511,-0.025559,-0.084999
14805,0.011144,0.044275,-0.021337,-0.12333,-0.52901,-0.039526,-0.10254
14806,-0.0031473,0.046873,-0.01614,-0.050244,-0.46113,-0.041475,-0.14184
14807,-0.023285,0.045249,-0.011917,0.0072465,-0.33023,-0.040825,-0.19024
14808,-0.046347,0.036804,-0.012567,0.041676,-0.14022,-0.035628,-0.22726
14809,-0.063886,0.02641,-0.018413,0.050771,0.10209,-0.018088,-0.23733
14810,-0.064536,0.026085,-0.023935,0.045899,0.35609,0.020239,-0.21752
14811,-0.046671,0.036804,-0.025234,0.041351,0.55162,0.071883,-0.18147
14812,-0.018413,0.055643,-0.019712,0.038428,0.62698,0.13425,-0.14184
14813,0.0046481,0.075131,-0.013866,0.028684,0.56949,0.19758,-0.11261
14814,0.0072465,0.082602,-0.01549,0.0043233,0.42203,0.24923,-0.11066
14815,-0.012567,0.067661,-0.027833,-0.032705,0.25215,0.27554,-0.14411
14816,-0.045697,0.027385,-0.046022,-0.072331,0.12223,0.27261,-0.19803
14817,-0.077853,-0.022961,-0.059664,-0.10059,0.066362,0.23396,-0.24675
14818,-0.10059,-0.06551,-0.05804,-0.10319,0.080003,0.15536,-0.26851
14819,-0.10838,-0.088247,-0.033679,-0.075255,0.13652,0.048822,-0.2578
14820,-0.09929,-0.085973,0.008221,-0.022636,0.19856,-0.062587,-0.21882
14821,-0.074605,-0.060638,0.05207,0.039078,0.22454,-0.16068,-0.16198
14822,-0.040175,-0.025559,0.083901,0.088448,0.18004,-0.23668,-0.10189
14823,-0.0067202,0.008221,0.095919,0.10469,0.068635,-0.28086,-0.048296
14824,0.0088706,0.026735,0.090722,0.087799,-0.082725,-0.27534,-0.0099683
14825,-0.0011985,0.028034,0.076431,0.05272,-0.23766,-0.19803,0.019264
14826,-0.027508,0.016341,0.062464,0.02641,-0.37245,-0.045372,0.044924
14827,-0.055116,-0.0031473,0.053694,0.026735,-0.4686,0.16413,0.071883
14828,-0.070058,-0.029457,0.05142,0.057917,-0.50627,0.39637,0.10209
14829,-0.064211,-0.059014,0.057592,0.10501,-0.46892,0.60327,0.1349
14830,-0.040175,-0.085648,0.070909,0.14659,-0.34257,0.75171,0.16673
14831,-0.0093186,-0.10449,0.084226,0.17095,-0.13015,0.82901,0.19466
14832,0.016991,-0.11358,0.093321,0.17257,0.1219,0.82641,0.21252
14833,0.036154,-0.11326,0.098517,0.15211,0.34342,0.73449,0.22357
14834,0.049147,-0.10384,0.097543,0.11378,0.47367,0.56072,0.22974
14835,0.059541,-0.088896,0.08585,0.062464,0.48861,0.32393,0.23201
14836,0.066037,-0.068758,0.063438,0.0010752,0.41683,0.050446,0.22779
14837,0.070584,-0.038551,0.033881,-0.064211,0.31939,-0.23149,0.2109
14838,0.072533,0.0036737,0.0069217,-0.12657,0.24695,-0.47119,0.1768
14839,0.068635,0.050446,-0.0063954,-0.17302,0.22649,-0.6284,0.12678
14840,0.059216,0.086824,-0.0028225,-0.19706,0.2476,-0.69531,0.074806
14841,0.045899,0.10339,0.013093,-0.20485,0.26807,-0.69369,0.030633
14842,0.028034,0.096569,0.029983,-0.2055,0.23948,-0.64237,-0.0060706
14843,0.0043233,0.071558,0.037129,-0.20453,0.14042,-0.54882,-0.043748
14844,-0.026533,0.038103,0.032582,-0.19251,-0.014516,-0.40981,-0.090196
14845,-0.059664,0.0078962,0.016341,-0.15516,-0.18926,-0.23603,-0.13794
14846,-0.088247,-0.012567,-0.0011985,-0.081426,-0.33023,-0.052193,-0.17107
14847,-0.10286,-0.017439,-0.0067202,0.023162,-0.3822,0.11898,-0.17952
14848,-0.095717,-0.0054209,0.0052977,0.14399,-0.30554,0.26612,-0.16523
14849,-0.069083,0.018615,0.028684,0.258,-0.095717,0.39409,-0.13762
14850,-0.028482,0.048497,0.049147,0.34342,0.23299,0.53473,-0.10514
14851,0.01894,0.082277,0.062139,0.39019,0.64972,0.73287,-0.055116
14852,0.072858,0.1219,0.073507,0.40286,1.0824,0.99239,0.026735
14853,0.12872,0.16445,0.086824,0.39409,1.4159,1.2558,0.13262
14854,0.17939,0.20116,0.10144,0.37006,1.5468,1.4319,0.23851
14855,0.2122,0.21902,0.11021,0.33173,1.4306,1.4494,0.31581
14856,0.21772,0.21545,0.11281,0.28203,1.1083,1.2987,0.34245
14857,0.20083,0.19693,0.10826,0.22682,0.67895,1.0219,0.31711
14858,0.17225,0.17257,0.096569,0.17322,0.258,0.68739,0.25735
14859,0.14594,0.14886,0.080328,0.11931,-0.052843,0.36324,0.19174
14860,0.13002,0.13392,0.062789,0.071558,-0.21492,0.095919,0.14302
14861,0.12613,0.13035,0.048497,0.037454,-0.2552,-0.10189,0.11963
14862,0.13035,0.13684,0.043625,0.01829,-0.23701,-0.24383,0.11768
14863,0.13814,0.14886,0.046873,0.0075714,-0.22239,-0.35751,0.1232
14864,0.14496,0.15828,0.053044,-0.0024977,-0.25098,-0.46015,0.12028
14865,0.14626,0.16023,0.05142,-0.015165,-0.33315,-0.55077,0.10371
14866,0.13814,0.14854,0.036479,-0.03173,-0.44716,-0.62158,0.076431
14867,0.12385,0.12353,0.0095202,-0.052193,-0.56344,-0.66965,0.042975
14868,0.10079,0.090397,-0.021012,-0.076554,-0.65828,-0.70181,0.0072465
14869,0.065712,0.058566,-0.047646,-0.099615,-0.71805,-0.72454,-0.02361
14870,0.025436,0.036154,-0.064861,-0.11651,-0.73591,-0.73559,-0.048296
14871,-0.016789,0.024137,-0.072331,-0.12138,-0.70636,-0.7161,-0.063561
14872,-0.055766,0.017965,-0.073306,-0.11975,-0.62223,-0.64204,-0.071682
14873,-0.086298,0.010819,-0.075255,-0.12073,-0.49101,-0.504,-0.072981
14874,-0.10449,0.0014,-0.079802,-0.13047,-0.35134,-0.32081,-0.072656
14875,-0.11293,-0.0057458,-0.086298,-0.14184,-0.2539,-0.13632,-0.077528
14876,-0.11228,-0.012242,-0.092794,-0.14801,-0.22499,0.0026992,-0.090521
14877,-0.10644,-0.019712,-0.094743,-0.14152,-0.24383,0.070584,-0.10449
14878,-0.098641,-0.03238,-0.0837,-0.11878,-0.26234,0.069934,-0.10546
14879,-0.088247,-0.046022,-0.058365,-0.0824,-0.24123,0.029333,-0.082725
14880,-0.070058,-0.054792,-0.02426,-0.038876,-0.16718,-0.013216,-0.038876
14881,-0.042449,-0.054142,0.0072465,0.0033489,-0.048945,-0.024585,0.014068
14882,-0.010943,-0.04862,0.026085,0.031282,0.09397,0.016666,0.06084
14883,0.017965,-0.045047,0.024461,0.03518,0.24371,0.11183,0.089098
14884,0.037778,-0.052518,0.0033489,0.014068,0.39149,0.24695,0.096244
14885,0.044924,-0.071357,-0.027833,-0.015815,0.52531,0.38825,0.091696
14886,0.043625,-0.088896,-0.054467,-0.043748,0.62341,0.49478,0.086175
14887,0.040377,-0.093119,-0.06681,-0.057715,0.66368,0.53084,0.084551
14888,0.040702,-0.079802,-0.060313,-0.047646,0.63153,0.47464,0.082927
14889,0.042651,-0.054142,-0.04115,-0.012567,0.53181,0.33043,0.071558
14890,0.045899,-0.029457,-0.019063,0.037778,0.39702,0.13652,0.057592
14891,0.045249,-0.013216,-0.0028225,0.085525,0.27229,-0.041475,0.050446
14892,0.037778,-0.0011985,0.0023744,0.11606,0.19174,-0.14476,0.054993
14893,0.027709,0.01017,0.0014,0.12515,0.1625,-0.14444,0.073832
14894,0.015367,0.022837,-0.0034721,0.11118,0.1625,-0.054792,0.10566
14895,0.0017248,0.036154,-0.0096434,0.079679,0.15016,0.069934,0.13782
14896,-0.010618,0.0433,-0.016789,0.042651,0.098193,0.15341,0.15244
14897,-0.018088,0.042651,-0.024585,0.0095202,0.00010078,0.1271,0.13652
14898,-0.021012,0.037778,-0.030106,-0.011917,-0.13047,-0.038227,0.087149
14899,-0.016789,0.039402,-0.029457,-0.018088,-0.26299,-0.30912,0.020239
14900,-0.0041217,0.05207,-0.018088,-0.0057458,-0.36433,-0.60339,-0.039201
14901,0.014392,0.074157,0.0056225,0.021863,-0.40818,-0.83563,-0.067784
14902,0.03518,0.095919,0.038428,0.058891,-0.37798,-0.95061,-0.053168
14903,0.056942,0.10794,0.072208,0.095269,-0.27761,-0.93794,-0.0037969
14904,0.080328,0.10696,0.094295,0.12028,-0.13632,-0.82004,0.060515
14905,0.099817,0.09397,0.096569,0.12288,-0.0089938,-0.64951,0.11151
14906,0.10924,0.075781,0.082277,0.11021,0.053369,-0.48126,0.12872
14907,0.10566,0.057917,0.063763,0.10209,0.032582,-0.35459,0.11054
14908,0.089098,0.046548,0.050771,0.12678,-0.04992,-0.28898,0.069285
14909,0.063438,0.04395,0.047523,0.18557,-0.15873,-0.28281,0.022512
14910,0.037454,0.043625,0.049796,0.23526,-0.26787,-0.32016,-0.020687
14911,0.016666,0.040052,0.046548,0.23006,-0.36466,-0.37115,-0.054467
14912,0.0036737,0.029009,0.030957,0.15698,-0.44131,-0.40623,-0.080127
14913,-0.0057458,0.013093,0.0056225,0.033231,-0.49198,-0.39811,-0.098965
14914,-0.01614,-0.008669,-0.021661,-0.10059,-0.50952,-0.34095,-0.10416
14915,-0.028157,-0.03238,-0.042774,-0.19511,-0.49166,-0.25325,-0.086948
14916,-0.042774,-0.055766,-0.051868,-0.22597,-0.43839,-0.1636,-0.050894
14917,-0.059339,-0.076554,-0.047971,-0.19706,-0.35719,-0.096042,-0.008669
14918,-0.077203,-0.091495,-0.032055,-0.13372,-0.26007,-0.054467,0.028684
14919,-0.087597,-0.095068,-0.010943,-0.069733,-0.15126,-0.028157,0.051745
14920,-0.087272,-0.086298,0.0088706,-0.024909,-0.022961,0.0088706,0.058241
14921,-0.076879,-0.069083,0.025436,-0.0083442,0.13847,0.093321,0.055968
14922,-0.060638,-0.049595,0.037129,-0.0096434,0.31679,0.2541,0.062139
14923,-0.0405,-0.033354,0.041676,-0.016464,0.47302,0.48082,0.081952
14924,-0.019063,-0.022636,0.038428,-0.022311,0.56397,0.72507,0.10599
14925,0.0023744,-0.01484,0.029983,-0.023935,0.57209,0.91866,0.1232
14926,0.020564,-0.0093186,0.023162,-0.023935,0.50842,1.0167,0.13132
14927,0.033881,-0.0011985,0.023162,-0.029457,0.39377,1.008,0.13002
14928,0.040702,0.013743,0.031282,-0.038227,0.25767,0.91151,0.12125
14929,0.042651,0.02706,0.041351,-0.04862,0.12483,0.7621,0.10534
14930,0.038428,0.032257,0.046873,-0.059989,-0.0047713,0.59677,0.087799
14931,0.028359,0.026085,0.040377,-0.069408,-0.13534,0.43892,0.072208
14932,0.013093,0.01017,0.020888,-0.070058,-0.25357,0.30022,0.057917
14933,-0.00022403,-0.0054209,-0.0047713,-0.058365,-0.3364,0.18719,0.048822
14934,-0.0024977,-0.010618,-0.022636,-0.03238,-0.37343,0.10924,0.053044
14935,0.010819,-0.0031473,-0.022311,0.0085458,-0.37343,0.070584,0.06831
14936,0.037454,0.012119,-0.0057458,0.060515,-0.36109,0.056292,0.072208
14937,0.060515,0.029658,0.019264,0.10761,-0.36985,0.043625,0.047198
14938,0.067986,0.042975,0.040377,0.12937,-0.42377,0.024786,-0.0050961
14939,0.06084,0.05207,0.05142,0.11995,-0.52381,-0.007045,-0.06616
14940,0.047847,0.062139,0.054019,0.093645,-0.63782,-0.058689,-0.11683
14941,0.037454,0.074482,0.05142,0.064737,-0.7109,-0.13437,-0.14476
14942,0.03518,0.084551,0.049472,0.044275,-0.68849,-0.22759,-0.13957
14943,0.044599,0.088124,0.056292,0.039727,-0.54525,-0.31724,-0.10026
14944,0.064737,0.088448,0.073182,0.054344,-0.29255,-0.37148,-0.04115
14945,0.088448,0.0852,0.090397,0.081952,0.037129,-0.36985,0.012119
14946,0.10242,0.081303,0.097543,0.10826,0.38727,-0.31626,0.038103
14947,0.10079,0.076431,0.094295,0.12353,0.69324,-0.24318,0.033881
14948,0.087474,0.071883,0.084226,0.12937,0.89722,-0.19121,0.011144
14949,0.070584,0.067986,0.073507,0.12775,0.97452,-0.18601,-0.010618
14950,0.055643,0.062789,0.063438,0.1232,0.94464,-0.22012,-0.02361
14951,0.045574,0.055318,0.058241,0.11995,0.86539,-0.26689,-0.03173
14952,0.040702,0.045574,0.058566,0.11183,0.79848,-0.29353,-0.039851
14953,0.038753,0.038428,0.059541,0.09397,0.8001,-0.26981,-0.050569
14954,0.031607,0.034855,0.056292,0.073507,0.88975,-0.18471,-0.059014
14955,0.021863,0.032257,0.043625,0.058891,1.0242,-0.052518,-0.058689
14956,0.012768,0.029658,0.022837,0.048497,1.1165,0.087474,-0.050894
14957,0.0065969,0.027709,0.0026992,0.039402,1.0973,0.19271,-0.045047
14958,0.00010078,0.025761,-0.0076946,0.029333,0.95081,0.23006,-0.046022
14959,-0.0060706,0.026085,-0.0083442,0.016341,0.7137,0.19531,-0.054142
14960,-0.011267,0.026735,-0.0044465,0.0046481,0.44671,0.10729,-0.069733
14961,-0.0080194,0.031932,-0.0021729,0.003024,0.19921,0.0010752,-0.08305
14962,0.008221,0.04395,-0.0021729,0.009845,-0.00022403,-0.090845,-0.089546
14963,0.032257,0.062789,-0.0037969,0.016016,-0.14931,-0.14801,-0.093444
14964,0.056942,0.083576,-0.0044465,0.015367,-0.2591,-0.15841,-0.10286
14965,0.075456,0.10306,-0.0018481,0.0085458,-0.34322,-0.12917,-0.11326
14966,0.08585,0.11541,0.0069217,0.0014,-0.40883,-0.076554,-0.11521
14967,0.086824,0.11248,0.016016,-0.0050961,-0.46048,-0.019388,-0.10449
14968,0.074157,0.097218,0.023162,-0.01549,-0.5066,0.026735,-0.091495
14969,0.046548,0.07773,0.024786,-0.031081,-0.55012,0.048822,-0.089546
14970,0.0088706,0.056617,0.021213,-0.046671,-0.58813,0.040702,-0.10546
14971,-0.028157,0.032582,0.016341,-0.054142,-0.59495,0.012768,-0.1321
14972,-0.058365,0.0049729,0.014068,-0.051544,-0.5407,-0.021012,-0.1623
14973,-0.081426,-0.025559,0.011469,-0.044398,-0.41825,-0.040825,-0.19024
14974,-0.09994,-0.059014,0.00075039,-0.038227,-0.2552,-0.034004,-0.2094
14975,-0.1178,-0.090521,-0.019712,-0.030431,-0.096367,-0.0011985,-0.21102
14976,-0.1295,-0.11001,-0.046022,-0.02361,0.010819,0.048497,-0.18829
14977,-0.12917,-0.11033,-0.06616,-0.016789,0.038428,0.10469,-0.13762
14978,-0.11228,-0.092145,-0.069083,-0.008669,-0.0060706,0.15503,-0.064861
14979,-0.082725,-0.059014,-0.050569,0.0033489,-0.09182,0.1781,0.014068
14980,-0.044723,-0.01549,-0.014191,0.021538,-0.17952,0.15633,0.085525
14981,-0.0021729,0.038753,0.028684,0.044275,-0.24188,0.090722,0.13749
14982,0.040702,0.099817,0.070584,0.070259,-0.26299,0.00075039,0.16413
14983,0.076106,0.16088,0.10274,0.10047,-0.23214,-0.080776,0.17062
14984,0.10274,0.20928,0.1232,0.13847,-0.14996,-0.12268,0.17485
14985,0.12548,0.23494,0.13262,0.18394,-0.031081,-0.10384,0.19401
14986,0.14756,0.22747,0.1362,0.22357,0.097543,-0.024585,0.22682
14987,0.16738,0.18719,0.13749,0.24663,0.20278,0.092346,0.26417
14988,0.17907,0.12385,0.13425,0.2476,0.25572,0.21123,0.2895
14989,0.16933,0.054668,0.12385,0.22552,0.23818,0.30412,0.29503
14990,0.13717,-0.0080194,0.10631,0.18622,0.14496,0.35869,0.28301
14991,0.089098,-0.05804,0.087149,0.14204,-0.0021729,0.3785,0.26027
14992,0.035505,-0.094093,0.066037,0.098517,-0.15743,0.36648,0.23331
14993,-0.0083442,-0.11553,0.044599,0.058566,-0.28183,0.32036,0.19986
14994,-0.03173,-0.1191,0.027709,0.026735,-0.36433,0.23721,0.15536
14995,-0.033679,-0.10741,0.019914,0.0046481,-0.41825,0.12093,0.097868
14996,-0.021337,-0.086298,0.019914,-0.011592,-0.4647,-0.0093186,0.03518
14997,-0.0021729,-0.064536,0.024786,-0.027833,-0.51245,-0.12625,-0.016789
14998,0.018615,-0.054467,0.027709,-0.039201,-0.54655,-0.19836,-0.051219
14999,0.032582,-0.053168,0.026085,-0.0405,-0.53518,-0.19803,-0.065186
15000,0.041027,-0.056416,0.019589,-0.037902,-0.44196,-0.11066,-0.060638
15001,0.047198,-0.057715,0.011469,-0.035953,-0.24968,0.046223,-0.042124
15002,0.05272,-0.057065,0.0069217,-0.032055,0.029333,0.23429,-0.017439
15003,0.051745,-0.055441,0.0088706,-0.022636,0.35544,0.41196,0.0059473
15004,0.041351,-0.054142,0.015692,-0.0076946,0.66173,0.54448,0.025111
15005,0.022837,-0.051544,0.020564,0.013418,0.87611,0.60814,0.037129
15006,0.0010752,-0.046996,0.024786,0.039727,0.96803,0.60164,0.045574
15007,-0.012892,-0.040175,0.033881,0.078055,0.9638,0.54058,0.055643
15008,-0.016464,-0.029782,0.047198,0.1323,0.91086,0.45678,0.06961
15009,-0.013541,-0.020687,0.057917,0.18719,0.82966,0.3772,0.08585
15010,-0.012567,-0.013866,0.059541,0.21285,0.70591,0.32101,0.094945
15011,-0.017114,-0.011592,0.045249,0.18719,0.51947,0.28203,0.089423
15012,-0.027508,-0.010293,0.020888,0.11606,0.27554,0.23851,0.06961
15013,-0.039851,-0.0067202,-0.0076946,0.024461,-0.0034721,0.17192,0.044599
15014,-0.04862,-0.00022403,-0.036602,-0.063237,-0.28021,0.073507,0.028684
15015,-0.046671,0.01017,-0.062912,-0.12722,-0.51147,-0.044723,0.028684
15016,-0.03303,0.023487,-0.078503,-0.15841,-0.65828,-0.15581,0.039402
15017,-0.011917,0.039402,-0.081426,-0.15808,-0.71155,-0.23344,0.05207
15018,0.014068,0.05272,-0.077203,-0.13697,-0.69012,-0.26137,0.064088
15019,0.034855,0.060515,-0.070382,-0.10546,-0.62873,-0.24188,0.076431
15020,0.047523,0.061165,-0.060638,-0.07428,-0.55532,-0.20063,0.080328
15021,0.050121,0.058566,-0.051219,-0.04992,-0.48256,-0.16393,0.070259
15022,0.044275,0.05272,-0.046996,-0.034978,-0.40169,-0.14639,0.049472
15023,0.030957,0.046873,-0.050894,-0.031406,-0.29775,-0.14346,0.02641
15024,0.014068,0.042975,-0.059664,-0.03238,-0.17237,-0.13599,0.0072465
15025,-0.00087364,0.042001,-0.069408,-0.028807,-0.042774,-0.11001,-0.0037969
15026,-0.0076946,0.044924,-0.072331,-0.017439,0.073507,-0.061613,-0.0041217
15027,-0.0015233,0.05272,-0.06551,0.0017248,0.17874,0.012768,0.0078962
15028,0.01894,0.059216,-0.047971,0.02641,0.29178,0.10631,0.029983
15029,0.047198,0.055968,-0.025559,0.050121,0.42365,0.20181,0.052395
15030,0.071883,0.040702,-0.0057458,0.06831,0.55942,0.26969,0.06019
15031,0.086175,0.018615,0.0085458,0.079354,0.6731,0.30185,0.05207
15032,0.090072,0.0043233,0.019914,0.090072,0.73546,0.31354,0.042001
15033,0.088448,0.011794,0.032906,0.10209,0.73676,0.32621,0.048497
15034,0.080328,0.044924,0.045574,0.11054,0.68577,0.34212,0.082277
15035,0.06961,0.096244,0.056292,0.10761,0.60489,0.34894,0.13457
15036,0.059865,0.14724,0.060515,0.090397,0.51265,0.33725,0.18329
15037,0.05272,0.17972,0.056617,0.06019,0.42235,0.31322,0.21675
15038,0.05272,0.18979,0.044275,0.021213,0.3327,0.2947,0.23656
15039,0.061165,0.18134,0.027385,-0.0096434,0.23689,0.28983,0.24598
15040,0.075456,0.16121,0.014392,-0.020687,0.13295,0.29405,0.2502
15041,0.085525,0.13425,0.011794,-0.0063954,0.029333,0.29827,0.25215
15042,0.0865,0.10306,0.019264,0.02641,-0.059014,0.28885,0.25085
15043,0.076431,0.072533,0.030957,0.067336,-0.12852,0.25702,0.23624
15044,0.058566,0.047523,0.036804,0.10274,-0.18017,0.19271,0.19304
15045,0.034206,0.031932,0.033881,0.12613,-0.21265,0.097868,0.11638
15046,0.003024,0.020564,0.024786,0.1284,-0.22532,-0.016464,0.016991
15047,-0.027508,0.012768,0.009845,0.10989,-0.22564,-0.13664,-0.084024
15048,-0.046996,0.016341,-0.0067202,0.079354,-0.22921,-0.24968,-0.16328
15049,-0.050244,0.032257,-0.017764,0.046223,-0.25227,-0.34614,-0.20713
15050,-0.038876,0.05142,-0.020362,0.018615,-0.28703,-0.4137,-0.21395
15051,-0.020037,0.062464,-0.017439,-0.0021729,-0.30359,-0.44326,-0.19283
15052,-0.0063954,0.060515,-0.011917,-0.021661,-0.27241,-0.42994,-0.15581
15053,-0.0067202,0.047523,-0.0076946,-0.042449,-0.18796,-0.38252,-0.12755
15054,-0.021661,0.031932,-0.0080194,-0.062587,-0.073955,-0.32308,-0.12463
15055,-0.043423,0.019264,-0.013216,-0.076879,0.03453,-0.27144,-0.15158
15056,-0.064211,0.0085458,-0.020037,-0.080451,0.10469,-0.23928,-0.19478
15057,-0.079152,0.0046481,-0.02361,-0.070382,0.11638,-0.23181,-0.23181
15058,-0.086623,0.0046481,-0.019063,-0.050894,0.070909,-0.25162,-0.25227
15059,-0.085324,0.0023744,-0.008669,-0.026858,-0.014516,-0.30035,-0.25552
15060,-0.074605,-0.0028225,0.0017248,-0.0044465,-0.10871,-0.37343,-0.2474
15061,-0.055766,-0.0083442,0.0072465,0.012443,-0.19024,-0.45236,-0.23116
15062,-0.03303,-0.0096434,0.008221,0.020888,-0.25942,-0.51277,-0.2094
15063,-0.0096434,-0.0041217,0.0085458,0.025436,-0.32471,-0.53616,-0.18082
15064,0.009845,0.0072465,0.011794,0.027709,-0.39487,-0.51472,-0.14054
15065,0.024461,0.023487,0.020888,0.029658,-0.4634,-0.46665,-0.09117
15066,0.036804,0.040702,0.033231,0.032257,-0.52576,-0.43059,-0.044723
15067,0.0433,0.052395,0.044599,0.03453,-0.57741,-0.43384,-0.0073698
15068,0.042651,0.057267,0.050121,0.033556,-0.61119,-0.46762,0.016016
15069,0.039078,0.058566,0.047198,0.025111,-0.61443,-0.49848,0.029009
15070,0.038753,0.057267,0.042001,0.011469,-0.56929,-0.49556,0.039078
15071,0.042651,0.054019,0.042001,-0.0028225,-0.44911,-0.44521,0.053369
15072,0.051745,0.054344,0.044275,-0.012892,-0.24318,-0.34679,0.066686
15073,0.061814,0.061814,0.045249,-0.018088,0.024786,-0.21167,0.078704
15074,0.071234,0.076755,0.046873,-0.022636,0.28366,-0.052518,0.087474
15075,0.076106,0.090722,0.046548,-0.030756,0.44671,0.10729,0.092671
15076,0.070259,0.099492,0.044599,-0.038227,0.46393,0.23104,0.092671
15077,0.054019,0.095919,0.037129,-0.034654,0.34764,0.27976,0.082602
15078,0.034206,0.079029,0.030957,-0.019712,0.16933,0.23883,0.059216
15079,0.01829,0.054993,0.031282,0.00075039,0.014392,0.1245,0.031282
15080,0.0049729,0.039727,0.039402,0.017965,-0.068434,-0.03303,0.0039985
15081,-0.0099683,0.037778,0.052395,0.024137,-0.090521,-0.2146,-0.014191
15082,-0.021337,0.046548,0.067011,0.025436,-0.090845,-0.40851,-0.018088
15083,-0.023935,0.056942,0.078379,0.023812,-0.10319,-0.59787,-0.0021729
15084,-0.0096434,0.063438,0.081303,0.016666,-0.13112,-0.74338,0.033881
15085,0.020888,0.061165,0.075456,0.003024,-0.15321,-0.79795,0.082927
15086,0.063763,0.054344,0.065712,-0.012567,-0.14769,-0.73007,0.13782
15087,0.10599,0.047523,0.054019,-0.024585,-0.097017,-0.5524,0.19239
15088,0.14107,0.042001,0.045574,-0.028807,0.0033489,-0.30327,0.23689
15089,0.16218,0.040052,0.041351,-0.026858,0.15698,-0.023285,0.26677
15090,0.16998,0.037129,0.042001,-0.022636,0.34862,0.26287,0.28073
15091,0.1651,0.03453,0.049796,-0.0076946,0.54415,0.53311,0.28431
15092,0.15211,0.034855,0.064088,0.026085,0.70493,0.75918,0.28496
15093,0.1349,0.042975,0.078704,0.080328,0.78029,0.90566,0.28073
15094,0.12125,0.059216,0.089423,0.15146,0.73254,0.95016,0.26612
15095,0.11118,0.081303,0.089098,0.22292,0.56689,0.89657,0.22779
15096,0.097868,0.10664,0.075781,0.27132,0.3366,0.77217,0.15861
15097,0.075131,0.12743,0.051096,0.28171,0.12483,0.62048,0.067986
15098,0.044275,0.13262,0.02641,0.25995,-0.0080194,0.48341,-0.021986
15099,0.01894,0.12093,0.011794,0.22129,-0.048945,0.38142,-0.090521
15100,0.0088706,0.098193,0.0091954,0.17907,-0.028157,0.31939,-0.12625
15101,0.014717,0.069285,0.013093,0.14237,-0.0011985,0.27554,-0.13047
15102,0.027385,0.039078,0.019264,0.11378,-0.019063,0.22324,-0.11845
15103,0.03453,0.0069217,0.025761,0.10047,-0.09994,0.14756,-0.10514
15104,0.02641,-0.029457,0.031607,0.10144,-0.23084,0.051096,-0.094743
15105,0.0049729,-0.070707,0.03583,0.10859,-0.37473,-0.04992,-0.082725
15106,-0.02426,-0.11228,0.034855,0.10989,-0.5014,-0.13924,-0.067134
15107,-0.055766,-0.14639,0.028684,0.098517,-0.57059,-0.20128,-0.04992
15108,-0.08305,-0.1727,0.016666,0.076106,-0.53973,-0.22174,-0.038551
15109,-0.10026,-0.19186,-0.0018481,0.049472,-0.38285,-0.18082,-0.033679
15110,-0.10059,-0.20096,-0.023285,0.028684,-0.11683,-0.063886,-0.029782
15111,-0.087272,-0.19706,-0.041475,0.011469,0.19141,0.11801,-0.021012
15112,-0.069733,-0.18049,-0.04927,0.00010078,0.45613,0.32296,-0.0031473
15113,-0.056091,-0.15711,-0.047321,-0.0024977,0.60749,0.49056,0.022188
15114,-0.04862,-0.13145,-0.036927,-0.0037969,0.61853,0.56267,0.038753
15115,-0.047646,-0.10481,-0.020687,-0.011917,0.52272,0.51817,0.03453
15116,-0.046347,-0.072331,-0.0050961,-0.026209,0.39019,0.38662,0.012443
15117,-0.043099,-0.03238,0.0052977,-0.046347,0.28366,0.22974,-0.013541
15118,-0.035953,0.0059473,0.0091954,-0.068434,0.22194,0.10371,-0.034004
15119,-0.030106,0.034855,0.0069217,-0.085324,0.18264,0.030633,-0.046671
15120,-0.029782,0.051096,0.0014,-0.092469,0.12775,-0.0031473,-0.054142
15121,-0.034004,0.055968,-0.0083442,-0.092794,0.031932,-0.026533,-0.057065
15122,-0.037577,0.053694,-0.018738,-0.088572,-0.09994,-0.060963,-0.056091
15123,-0.035953,0.054668,-0.021986,-0.08305,-0.23344,-0.10156,-0.047321
15124,-0.030106,0.067011,-0.010293,-0.068434,-0.32503,-0.12138,-0.024585
15125,-0.019712,0.089748,0.01894,-0.047646,-0.34452,-0.097666,0.013093
15126,-0.0044465,0.11378,0.060515,-0.026209,-0.2984,-0.035303,0.057267
15127,0.0091954,0.1271,0.10599,0.003024,-0.21752,0.036479,0.090397
15128,0.014068,0.12223,0.14009,0.047847,-0.14119,0.081303,0.099492
15129,0.012443,0.097543,0.14919,0.10144,-0.091495,0.082602,0.084876
15130,0.011469,0.058891,0.12775,0.14334,-0.065186,0.050121,0.056942
15131,0.020564,0.019264,0.079354,0.15114,-0.044398,0.009845,0.029658
15132,0.037129,-0.0099683,0.020564,0.11476,-0.013216,-0.015165,0.0072465
15133,0.05207,-0.025234,-0.036278,0.043625,0.03453,-0.017764,-0.010293
15134,0.057267,-0.032055,-0.077203,-0.037902,0.087149,-0.0057458,-0.026209
15135,0.048497,-0.034978,-0.098965,-0.10254,0.12515,0.0033489,-0.046996
15136,0.029009,-0.036602,-0.10059,-0.13697,0.1349,-0.011267,-0.072656
15137,0.0049729,-0.034329,-0.084999,-0.14574,0.1206,-0.056741,-0.097666
15138,-0.01549,-0.021337,-0.059339,-0.13697,0.09397,-0.12463,-0.11748
15139,-0.025884,0.0039985,-0.031081,-0.1191,0.072858,-0.19738,-0.1321
15140,-0.025884,0.034206,-0.010293,-0.093444,0.060515,-0.25812,-0.14411
15141,-0.021337,0.061165,0.0010752,-0.064861,0.05142,-0.2958,-0.15029
15142,-0.011592,0.083576,0.0049729,-0.040175,0.029333,-0.30847,-0.14541
15143,0.0010752,0.10112,0.0056225,-0.01549,-0.030106,-0.2997,-0.12073
15144,0.017965,0.11638,0.012443,0.020564,-0.13307,-0.27728,-0.069083
15145,0.038428,0.13392,0.032906,0.076431,-0.2565,-0.24221,0.0039985
15146,0.061165,0.15309,0.065062,0.14074,-0.35979,-0.19283,0.079354
15147,0.082277,0.16478,0.097543,0.19044,-0.41013,-0.1217,0.14042
15148,0.10274,0.1625,0.11801,0.2096,-0.39746,-0.03303,0.18037
15149,0.12158,0.14432,0.12743,0.19823,-0.32731,0.05142,0.19791
15150,0.13425,0.10956,0.12645,0.16315,-0.22694,0.10209,0.19531
15151,0.13782,0.06896,0.11801,0.11021,-0.13469,0.095919,0.17939
15152,0.1323,0.033231,0.10242,0.033881,-0.076879,0.032257,0.16348
15153,0.11606,0.01017,0.079029,-0.062912,-0.05804,-0.073306,0.15049
15154,0.091696,-0.00087364,0.047523,-0.16782,-0.077203,-0.19608,0.13555
15155,0.065062,-0.0044465,0.0095202,-0.25162,-0.1321,-0.31042,0.11573
15156,0.038103,-0.0099683,-0.02426,-0.28476,-0.21914,-0.40169,0.092671
15157,0.012119,-0.016464,-0.047646,-0.24221,-0.33575,-0.46275,0.067336
15158,-0.0096434,-0.019063,-0.052518,-0.1295,-0.46892,-0.48679,0.039727
15159,-0.023285,-0.010293,-0.035628,0.027385,-0.58813,-0.47022,0.012443
15160,-0.026533,0.010819,-0.0015233,0.18492,-0.66153,-0.41565,-0.010618
15161,-0.021337,0.037129,0.036804,0.29925,-0.66218,-0.33672,-0.034978
15162,-0.018738,0.058241,0.067661,0.34732,-0.57253,-0.26689,-0.075255
15163,-0.029132,0.064413,0.082277,0.33303,-0.40071,-0.23344,-0.14054
15164,-0.051868,0.05272,0.074806,0.27521,-0.20096,-0.24838,-0.22694
15165,-0.078827,0.024137,0.045249,0.19336,-0.047971,-0.31236,-0.31106
15166,-0.10026,-0.013541,0.0039985,0.10924,0.024461,-0.39811,-0.36856
15167,-0.10838,-0.047646,-0.034654,0.036479,0.045574,-0.46372,-0.37505
15168,-0.095068,-0.06616,-0.057715,-0.019063,0.073832,-0.46665,-0.32146
15169,-0.059339,-0.064861,-0.061937,-0.064211,0.12905,-0.38804,-0.2146
15170,-0.0096434,-0.055766,-0.04927,-0.10481,0.18102,-0.24545,-0.07428
15171,0.042651,-0.051544,-0.030756,-0.14509,0.20018,-0.071357,0.073507
15172,0.086824,-0.055766,-0.016789,-0.18894,0.20181,0.10339,0.19856
15173,0.11963,-0.058365,-0.008669,-0.24058,0.22454,0.28333,0.28723
15174,0.14237,-0.044723,-0.0037969,-0.29125,0.32036,0.50713,0.33465
15175,0.15568,-0.010618,0.0033489,-0.30457,0.51297,0.79945,0.34959
15176,0.16153,0.03453,0.018615,-0.23474,0.77704,1.1593,0.35219
15177,0.16056,0.076106,0.040377,-0.068434,1.0346,1.5501,0.35934
15178,0.15698,0.099817,0.058891,0.15471,1.1951,1.9015,0.37915
15179,0.15244,0.10177,0.063438,0.35479,1.197,2.139,0.40741
15180,0.14984,0.084551,0.05142,0.46945,1.0414,2.2052,0.4295
15181,0.14854,0.063438,0.028359,0.48536,0.78841,2.0831,0.43274
15182,0.14854,0.050121,0.0062721,0.43567,0.52531,1.8129,0.41326
15183,0.14237,0.050446,-0.0044465,0.36616,0.32296,1.4676,0.37071
15184,0.12093,0.054668,-0.0047713,0.30282,0.18946,1.1239,0.30899
15185,0.080653,0.049472,-0.0018481,0.2515,0.10274,0.83616,0.22974
15186,0.031282,0.026085,-0.0063954,0.20733,0.054993,0.62958,0.13912
15187,-0.012242,-0.007045,-0.020687,0.16835,0.067661,0.50355,0.054344
15188,-0.037902,-0.034654,-0.035628,0.13327,0.16153,0.44314,-0.007045
15189,-0.041475,-0.042449,-0.040825,0.10436,0.35674,0.41845,-0.037902
15190,-0.025884,-0.026209,-0.032705,0.092021,0.64712,0.38825,-0.041799
15191,-0.0034721,0.016016,-0.013866,0.10209,0.9781,0.32166,-0.034978
15192,0.01829,0.075456,0.010495,0.12743,1.2555,0.2057,-0.029457
15193,0.034206,0.13847,0.032906,0.14886,1.3919,0.045249,-0.035628
15194,0.042651,0.19076,0.047523,0.14821,1.3461,-0.14119,-0.051219
15195,0.040702,0.21935,0.051096,0.1245,1.1334,-0.32633,-0.072656
15196,0.027709,0.21545,0.039402,0.081952,0.81991,-0.48841,-0.09929
15197,0.0046481,0.17907,0.015692,0.031607,0.48666,-0.61249,-0.12917
15198,-0.023935,0.11963,-0.0096434,-0.014516,0.19596,-0.69791,-0.15808
15199,-0.051868,0.044924,-0.026533,-0.048945,-0.028807,-0.7567,-0.18374
15200,-0.072006,-0.029132,-0.03303,-0.063237,-0.19089,-0.80964,-0.20648
15201,-0.0824,-0.089546,-0.03238,-0.063561,-0.30294,-0.86714,-0.22564
15202,-0.084024,-0.12592,-0.026858,-0.060638,-0.37798,-0.9191,-0.23571
15203,-0.075904,-0.13729,-0.017764,-0.057065,-0.42572,-0.94152,-0.23409
15204,-0.05804,-0.12787,-0.0089938,-0.055116,-0.4595,-0.92105,-0.2146
15205,-0.03238,-0.10546,-0.0024977,-0.058689,-0.47769,-0.85966,-0.17757
15206,-0.008669,-0.075904,-0.0018481,-0.060963,-0.46145,-0.77651,-0.12755
15207,0.0065969,-0.046347,-0.0063954,-0.061613,-0.39551,-0.69726,-0.076879
15208,0.011469,-0.018738,-0.014191,-0.060963,-0.29158,-0.64009,-0.033354
15209,0.010819,0.0036737,-0.022636,-0.059664,-0.18439,-0.60599,0.00010078
15210,0.0072465,0.020564,-0.027833,-0.062912,-0.12463,-0.58585,0.023162
15211,0.0020496,0.03518,-0.027183,-0.071682,-0.12885,-0.56896,0.041351
15212,-0.0018481,0.047198,-0.020037,-0.081426,-0.17497,-0.54817,0.057592
15213,-0.0021729,0.055318,-0.0063954,-0.082076,-0.22694,-0.52706,0.073507
15214,0.003024,0.058566,0.010819,-0.072006,-0.26202,-0.50757,0.088773
15215,0.01017,0.06019,0.025436,-0.050894,-0.27209,-0.48191,0.099492
15216,0.012768,0.056292,0.037129,-0.022311,-0.26624,-0.43839,0.099817
15217,0.011144,0.049147,0.044599,0.0014,-0.27241,-0.38187,0.081303
15218,0.0036737,0.040052,0.046873,0.016991,-0.31594,-0.33607,0.038753
15219,-0.011267,0.031932,0.042975,0.022188,-0.40006,-0.32276,-0.03173
15220,-0.028157,0.025436,0.036479,0.026085,-0.49426,-0.33737,-0.11845
15221,-0.038227,0.025436,0.032257,0.034206,-0.56052,-0.34549,-0.19186
15222,-0.039526,0.028684,0.03583,0.039402,-0.57351,-0.30749,-0.22532
15223,-0.033354,0.032582,0.045899,0.036804,-0.52901,-0.20615,-0.20388
15224,-0.02361,0.030957,0.056292,0.029333,-0.44196,-0.058689,-0.13697
15225,-0.012242,0.023487,0.06084,0.019914,-0.33445,0.098193,-0.051868
15226,-0.0015233,0.015692,0.056942,0.011794,-0.23571,0.22454,0.01829
15227,0.0062721,0.0091954,0.044924,0.0043233,-0.17075,0.29503,0.054019
15228,0.010495,0.0069217,0.029009,-0.00054884,-0.15256,0.30769,0.051096
15229,0.014392,0.011469,0.019264,-0.0050961,-0.18504,0.27716,0.020888
15230,0.022512,0.025761,0.016341,-0.012567,-0.25292,0.22649,-0.020362
15231,0.030633,0.051096,0.019589,-0.029457,-0.33607,0.1755,-0.058365
15232,0.030957,0.079029,0.025761,-0.054792,-0.41533,0.13457,-0.08305
15233,0.019914,0.099817,0.031282,-0.085973,-0.47932,0.094295,-0.096692
15234,0.0010752,0.10696,0.031607,-0.11521,-0.52479,0.032257,-0.10286
15235,-0.01614,0.095594,0.02706,-0.13599,-0.55142,-0.061288,-0.096692
15236,-0.021337,0.065712,0.020239,-0.14249,-0.56117,-0.18277,-0.071032
15237,-0.011917,0.029009,0.016666,-0.13177,-0.56571,-0.32601,-0.033679
15238,0.0075714,-0.0050961,0.019264,-0.10709,-0.57383,-0.47867,-0.00087364
15239,0.024137,-0.032705,0.025761,-0.076229,-0.5852,-0.62256,0.01894
15240,0.038103,-0.04992,0.03453,-0.043099,-0.59105,-0.73169,0.031607
15241,0.05142,-0.049595,0.0433,-0.0037969,-0.57903,-0.76904,0.052395
15242,0.067336,-0.026858,0.054668,0.047523,-0.53648,-0.7109,0.088124
15243,0.0852,0.012119,0.06961,0.10404,-0.4699,-0.57351,0.13295
15244,0.097218,0.055318,0.0865,0.14886,-0.39779,-0.39746,0.17225
15245,0.097543,0.092671,0.10014,0.16738,-0.33965,-0.21979,0.19596
15246,0.080653,0.11963,0.10859,0.15471,-0.29937,-0.056741,0.19434
15247,0.047847,0.1323,0.11086,0.12255,-0.25617,0.087149,0.16315
15248,0.0078962,0.13067,0.10696,0.086175,-0.15873,0.2135,0.10989
15249,-0.024585,0.11573,0.097543,0.058891,0.045899,0.33108,0.049796
15250,-0.037577,0.094945,0.08585,0.047847,0.36681,0.44639,0.0033489
15251,-0.029132,0.076106,0.073507,0.055968,0.73482,0.55942,-0.013216
15252,-0.0080194,0.060515,0.06019,0.079029,1.0457,0.65881,0.0023744
15253,0.016991,0.050771,0.046873,0.11768,1.2198,0.7241,0.041351
15254,0.038103,0.042975,0.03453,0.16023,1.2285,0.73449,0.086175
15255,0.049796,0.032906,0.020564,0.17615,1.0804,0.68382,0.12158
15256,0.047847,0.016016,0.0010752,0.12937,0.81504,0.56916,0.13652
15257,0.03518,-0.0031473,-0.020687,0.019914,0.49641,0.40579,0.13067
15258,0.021538,-0.021012,-0.034978,-0.11358,0.19596,0.22909,0.11866
15259,0.015692,-0.03173,-0.036278,-0.21687,-0.03173,0.067986,0.10826
15260,0.021213,-0.03238,-0.029132,-0.25617,-0.1688,-0.051219,0.10436
15261,0.033231,-0.021337,-0.018413,-0.22954,-0.23538,-0.11715,0.096244
15262,0.0433,-0.0015233,-0.011592,-0.15938,-0.26559,-0.14281,0.067986
15263,0.0433,0.015367,-0.011592,-0.075255,-0.2867,-0.14834,0.0091954
15264,0.030308,0.023162,-0.017764,-0.0015233,-0.30749,-0.14184,-0.073306
15265,0.010495,0.024461,-0.022961,0.059865,-0.32211,-0.10968,-0.15386
15266,-0.0028225,0.027385,-0.018413,0.11443,-0.30977,-0.031081,-0.20193
15267,-0.0018481,0.042001,-0.0021729,0.16673,-0.24838,0.099167,-0.19868
15268,0.016341,0.067986,0.021863,0.21252,-0.1243,0.25962,-0.14704
15269,0.044275,0.096569,0.038753,0.23169,0.044275,0.40676,-0.071032
15270,0.072208,0.11508,0.040052,0.19953,0.20505,0.50193,-0.0041217
15271,0.091372,0.12093,0.025761,0.11768,0.29535,0.53084,0.040702
15272,0.10144,0.12255,0.00075039,0.0091954,0.28463,0.51232,0.067336
15273,0.11151,0.12775,-0.022961,-0.087597,0.18362,0.48374,0.092021
15274,0.12775,0.13814,-0.034004,-0.14119,0.031607,0.47205,0.12613
15275,0.14724,0.14886,-0.027508,-0.14606,-0.12917,0.48049,0.169
15276,0.15828,0.15341,-0.010293,-0.12138,-0.25747,0.49965,0.21188
15277,0.15438,0.14756,0.011794,-0.087597,-0.32828,0.51914,0.24273
15278,0.1362,0.12905,0.03453,-0.056091,-0.34647,0.52629,0.25735
15279,0.11151,0.096569,0.056617,-0.029132,-0.33478,0.51232,0.2606
15280,0.088448,0.054344,0.075456,-0.0018481,-0.30847,0.46847,0.25735
15281,0.066037,0.0078962,0.088448,0.024786,-0.26689,0.3863,0.2515
15282,0.041351,-0.037252,0.087149,0.046223,-0.18471,0.27294,0.24176
15283,0.0095202,-0.078178,0.069285,0.054344,-0.031406,0.14724,0.22357
15284,-0.030431,-0.11553,0.041027,0.053369,0.18979,0.037129,0.19693
15285,-0.072656,-0.15061,0.011794,0.051096,0.43209,-0.027508,0.16608
15286,-0.10384,-0.18277,-0.011592,0.045899,0.62536,-0.032705,0.14367
15287,-0.11001,-0.20648,-0.025234,0.036154,0.7202,0.01894,0.13165
15288,-0.088572,-0.21362,-0.026533,0.025436,0.70526,0.10079,0.12613
15289,-0.044723,-0.19803,-0.015165,0.020888,0.60847,0.18037,0.12223
15290,0.0088706,-0.15905,0.0072465,0.027709,0.47984,0.24825,0.11866
15291,0.059865,-0.10481,0.031282,0.045574,0.36713,0.30769,0.11281
15292,0.09462,-0.043423,0.05272,0.064737,0.30055,0.37071,0.10242
15293,0.10404,0.013093,0.066686,0.072533,0.28041,0.43177,0.087799
15294,0.092021,0.054019,0.069285,0.067986,0.2986,0.48179,0.069285
15295,0.067011,0.070259,0.058891,0.062789,0.33855,0.52012,0.048822
15296,0.042326,0.064413,0.0433,0.063763,0.385,0.55032,0.032582
15297,0.022512,0.04395,0.026735,0.075131,0.42625,0.57761,0.023487
15298,0.008221,0.01894,0.01829,0.093321,0.45451,0.59028,0.016341
15299,-0.0021729,-0.0015233,0.021213,0.11086,0.44963,0.56916,0.0062721
15300,-0.011592,-0.012567,0.031932,0.11995,0.39117,0.5068,-0.0073698
15301,-0.019712,-0.013541,0.041676,0.11866,0.27521,0.41553,-0.019388
15302,-0.023285,-0.0080194,0.044599,0.11508,0.11281,0.31322,-0.022961
15303,-0.019712,0.0039985,0.042975,0.11541,-0.073631,0.21155,-0.017439
15304,-0.010293,0.01894,0.0433,0.11931,-0.24838,0.12093,-0.0041217
15305,0.0017248,0.029658,0.040702,0.12483,-0.37603,0.049472,0.014717
15306,0.010819,0.029009,0.03518,0.12548,-0.43806,-0.011592,0.033556
15307,0.011794,0.012119,0.028684,0.11768,-0.43547,-0.075579,0.040052
15308,0.0062721,-0.015165,0.021863,0.10242,-0.39357,-0.15938,0.032582
15309,-0.0054209,-0.043099,0.012443,0.083576,-0.34679,-0.27274,0.008221
15310,-0.019712,-0.061613,0.0046481,0.065062,-0.31951,-0.4176,-0.032705
15311,-0.03303,-0.060638,-0.0015233,0.05207,-0.31659,-0.58585,-0.088247
15312,-0.044073,-0.046022,-0.008669,0.048497,-0.32536,-0.7541,-0.14606
15313,-0.050569,-0.027508,-0.019388,0.048172,-0.32795,-0.8889,-0.18991
15314,-0.053492,-0.012242,-0.030431,0.051096,-0.31756,-0.96068,-0.21005
15315,-0.053168,0.00042559,-0.035628,0.054668,-0.29028,-0.96035,-0.20453
15316,-0.047646,0.012119,-0.028157,0.056292,-0.23538,-0.89929,-0.18439
15317,-0.038227,0.031282,-0.0080194,0.053694,-0.14671,-0.80315,-0.16328
15318,-0.026533,0.056617,0.01894,0.046548,-0.047321,-0.70538,-0.15029
15319,-0.01614,0.080328,0.042975,0.03583,0.029983,-0.63035,-0.15288
15320,-0.011267,0.098193,0.060515,0.023487,0.067986,-0.5865,-0.16847
15321,-0.010943,0.11021,0.067011,0.0091954,0.074806,-0.55759,-0.18082
15322,-0.012892,0.11866,0.063438,-0.0080194,0.072533,-0.52122,-0.1701
15323,-0.011917,0.1232,0.049472,-0.02426,0.081627,-0.4595,-0.13177
15324,-0.0047713,0.11606,0.02641,-0.032705,0.10404,-0.37733,-0.07493
15325,0.011144,0.097543,0.0033489,-0.024909,0.13717,-0.29093,-0.012242
15326,0.031607,0.073182,-0.012242,0.0017248,0.1768,-0.2172,0.044599
15327,0.052395,0.053044,-0.014516,0.040052,0.21415,-0.17822,0.085525
15328,0.064413,0.042651,-0.0083442,0.072533,0.24403,-0.18342,0.096244
15329,0.063763,0.0433,-0.0021729,0.082602,0.27586,-0.21752,0.067986
15330,0.051745,0.048497,-0.0031473,0.071883,0.32523,-0.26462,0.009845
15331,0.036479,0.051745,-0.0093186,0.054668,0.39572,-0.31236,-0.061937
15332,0.020564,0.054668,-0.018088,0.038753,0.47399,-0.35361,-0.13697
15333,0.0056225,0.057267,-0.025234,0.028034,0.53766,-0.38252,-0.20615
15334,-0.0031473,0.059865,-0.027508,0.021213,0.56981,-0.39746,-0.25715
15335,-0.0031473,0.067336,-0.024909,0.020564,0.56364,-0.40266,-0.27631
15336,0.01017,0.083901,-0.01484,0.026085,0.51557,-0.40201,-0.26819
15337,0.026735,0.10924,0.0010752,0.036154,0.42755,-0.40234,-0.2526
15338,0.03583,0.1349,0.020564,0.046548,0.30997,-0.40428,-0.25292
15339,0.027385,0.15244,0.036804,0.056292,0.17777,-0.38674,-0.27176
15340,0.0026992,0.14951,0.047847,0.069285,0.045574,-0.3364,-0.28703
15341,-0.030756,0.12028,0.047523,0.081303,-0.074605,-0.25325,-0.27891
15342,-0.060313,0.067336,0.030957,0.07773,-0.17075,-0.15126,-0.23863
15343,-0.069083,0.0039985,-0.0011985,0.049472,-0.22986,-0.043423,-0.17465
15344,-0.054467,-0.04992,-0.039201,0.0043233,-0.24188,0.062789,-0.099615
15345,-0.021012,-0.079802,-0.067784,-0.035303,-0.20485,0.16738,-0.021661
15346,0.017316,-0.080776,-0.078178,-0.050244,-0.14152,0.27164,0.05142
15347,0.05207,-0.057715,-0.069733,-0.037902,-0.086948,0.36843,0.11216
15348,0.080003,-0.021012,-0.049595,-0.007045,-0.063237,0.44541,0.15731
15349,0.10339,0.022837,-0.027833,0.029333,-0.059014,0.49153,0.18979
15350,0.12515,0.071883,-0.0093186,0.056617,-0.050244,0.49511,0.21188
15351,0.14594,0.12548,0.0026992,0.070584,-0.027183,0.4571,0.22357
15352,0.16803,0.17939,0.009845,0.069934,-0.0050961,0.38825,0.22844
15353,0.18167,0.22292,0.015042,0.061165,-0.010618,0.30412,0.22552
15354,0.18459,0.24501,0.014392,0.045899,-0.05804,0.2096,0.20928
15355,0.17322,0.24111,0.0043233,0.024137,-0.13892,0.11248,0.17647
15356,0.15114,0.21707,-0.0096434,0.00075039,-0.22759,0.028684,0.14204
15357,0.12807,0.17615,-0.017439,-0.014516,-0.29125,-0.013541,0.12353
15358,0.11086,0.12418,-0.018738,-0.01614,-0.30165,0.01764,0.13555
15359,0.10404,0.069285,-0.01484,-0.0047713,-0.24903,0.13522,0.18232
15360,0.10339,0.016016,-0.0041217,0.013743,-0.14801,0.30964,0.2528
15361,0.10306,-0.035628,0.013743,0.034855,-0.020037,0.48439,0.32523
15362,0.10112,-0.086623,0.038103,0.055643,0.11281,0.60976,0.37655
15363,0.093645,-0.13632,0.061165,0.073832,0.23689,0.66076,0.39312
15364,0.073507,-0.17952,0.074157,0.080003,0.3353,0.65102,0.37525
15365,0.03453,-0.21232,0.070584,0.067011,0.38175,0.60911,0.33368
15366,-0.022311,-0.23214,0.053369,0.034855,0.35349,0.55065,0.28203
15367,-0.084674,-0.23766,0.030633,-0.0067202,0.2528,0.47854,0.22779
15368,-0.13404,-0.23051,0.015042,-0.038227,0.10859,0.38078,0.17452
15369,-0.15841,-0.21102,0.010495,-0.045047,-0.041475,0.24728,0.1219
15370,-0.15581,-0.17854,0.016341,-0.023285,-0.16295,0.090072,0.071883
15371,-0.13307,-0.13404,0.028034,0.019914,-0.23506,-0.061613,0.031932
15372,-0.098641,-0.079152,0.040377,0.067661,-0.2578,-0.17854,0.0043233
15373,-0.061937,-0.016464,0.048497,0.10177,-0.24091,-0.25065,-0.0057458
15374,-0.026533,0.053694,0.054993,0.11151,-0.20583,-0.27956,0.0014
15375,0.0062721,0.1232,0.061814,0.098193,-0.17075,-0.27079,0.022188
15376,0.028359,0.17842,0.067986,0.066686,-0.15093,-0.23896,0.043625
15377,0.027709,0.20603,0.06961,0.029658,-0.15483,-0.19511,0.056292
15378,0.003024,0.19856,0.066037,-0.0060706,-0.18471,-0.14216,0.059541
15379,-0.033354,0.16218,0.059541,-0.03238,-0.22694,-0.070058,0.071558
15380,-0.062912,0.11346,0.053694,-0.044723,-0.25812,0.034206,0.11183
15381,-0.070382,0.06831,0.051745,-0.037577,-0.26234,0.16868,0.18362
15382,-0.054792,0.036154,0.054668,-0.016464,-0.23766,0.31549,0.26612
15383,-0.025559,0.015042,0.063763,0.0088706,-0.19446,0.46263,0.33952
15384,0.0072465,0.0036737,0.074806,0.031932,-0.14216,0.60002,0.3798
15385,0.037129,0.0014,0.084226,0.047523,-0.092469,0.70363,0.37525
15386,0.057267,0.0039985,0.088773,0.06019,-0.062262,0.74911,0.33075
15387,0.06831,0.011144,0.088448,0.067661,-0.056416,0.72832,0.26839
15388,0.073182,0.023162,0.086175,0.071234,-0.060963,0.64939,0.21317
15389,0.070909,0.037129,0.084551,0.071234,-0.060313,0.52564,0.17127
15390,0.061814,0.046873,0.080653,0.067011,-0.050894,0.36421,0.1336
15391,0.046548,0.045249,0.068635,0.056292,-0.040175,0.18816,0.092021
15392,0.02706,0.029983,0.045574,0.03453,-0.039526,0.042326,0.049147
15393,0.011794,0.0085458,0.015367,-0.0021729,-0.050894,-0.025884,0.016341
15394,0.008221,-0.0096434,-0.0080194,-0.040825,-0.067784,0.0088706,0.0039985
15395,0.018615,-0.021337,-0.012242,-0.068109,-0.084349,0.12872,0.0085458
15396,0.031607,-0.025234,-0.00087364,-0.077203,-0.10059,0.27814,0.0059473
15397,0.037129,-0.019388,0.013093,-0.069408,-0.12917,0.37103,-0.025559
15398,0.024786,-0.0083442,0.018615,-0.046996,-0.18471,0.34115,-0.088247
15399,-0.0034721,0.0017248,0.016016,-0.016789,-0.27014,0.16348,-0.1701
15400,-0.037252,0.0078962,0.013093,0.014717,-0.36466,-0.13827,-0.25487
15401,-0.064211,0.013093,0.013093,0.0433,-0.428,-0.48646,-0.32601
15402,-0.073631,0.017965,0.015042,0.074157,-0.39422,-0.77716,-0.36953
15403,-0.061613,0.029009,0.016991,0.11054,-0.2042,-0.93372,-0.37473
15404,-0.037252,0.046548,0.019914,0.1297,0.1323,-0.93664,-0.34582
15405,-0.012242,0.063113,0.015042,0.10079,0.51525,-0.82783,-0.29775
15406,0.0017248,0.067986,-0.0018481,0.020239,0.80725,-0.68232,-0.25422
15407,-0.0028225,0.055643,-0.027183,-0.089221,0.90469,-0.58325,-0.23668
15408,-0.021012,0.031282,-0.053168,-0.19154,0.78516,-0.5839,-0.25357
15409,-0.044073,0.0069217,-0.076554,-0.25227,0.512,-0.69466,-0.29807
15410,-0.055766,-0.0050961,-0.090845,-0.25292,0.19174,-0.87623,-0.34874
15411,-0.04862,0.0017248,-0.090196,-0.20031,-0.0824,-1.0737,-0.3822
15412,-0.023285,0.023162,-0.073306,-0.123,-0.27306,-1.2319,-0.3822
15413,0.011794,0.049796,-0.047321,-0.043748,-0.39487,-1.3079,-0.34387
15414,0.049147,0.076106,-0.019712,0.014068,-0.47444,-1.2783,-0.27274
15415,0.079354,0.095919,0.0039985,0.040702,-0.52122,-1.1442,-0.19121
15416,0.092671,0.10859,0.019589,0.043625,-0.52544,-0.93145,-0.12008
15417,0.0852,0.11476,0.024461,0.03583,-0.45885,-0.68654,-0.073306
15418,0.065387,0.11313,0.017965,0.027709,-0.29093,-0.44683,-0.04927
15419,0.0433,0.10306,0.0026992,0.023487,-0.015165,-0.22661,-0.042124
15420,0.028359,0.090397,-0.015165,0.024461,0.32621,-0.023285,-0.042449
15421,0.027385,0.079679,-0.026858,0.031607,0.64842,0.1677,-0.040825
15422,0.036804,0.072208,-0.025559,0.042326,0.87741,0.34212,-0.030756
15423,0.050446,0.070909,-0.016789,0.052395,0.96998,0.47984,-0.011267
15424,0.059216,0.075131,-0.0037969,0.055643,0.9336,0.56299,0.01764
15425,0.061489,0.079354,0.0046481,0.046223,0.80725,0.58346,0.047847
15426,0.056617,0.083901,0.0056225,0.031932,0.63705,0.55032,0.065387
15427,0.045574,0.084551,0.00010078,0.01829,0.44898,0.48764,0.064413
15428,0.031282,0.076755,-0.0057458,0.0056225,0.26969,0.4269,0.046873
15429,0.018615,0.06084,-0.008669,-0.008669,0.1258,0.40286,0.025436
15430,0.011469,0.042326,-0.0089938,-0.018413,0.049472,0.43372,0.016341
15431,0.012768,0.028684,-0.0093186,-0.022311,0.04395,0.52531,0.032257
15432,0.024137,0.023162,-0.0093186,-0.019712,0.070259,0.66238,0.071883
15433,0.044599,0.026735,-0.007045,-0.011592,0.066362,0.80562,0.1258
15434,0.071883,0.032906,-0.0037969,0.0010752,-0.014191,0.90566,0.18492
15435,0.10177,0.042975,0.00042559,0.01829,-0.17432,0.91963,0.23851
15436,0.12483,0.056617,0.0056225,0.03518,-0.37375,0.83096,0.27619
15437,0.13977,0.076431,0.014717,0.047847,-0.55792,0.65654,0.29633
15438,0.14984,0.098193,0.029658,0.053694,-0.68362,0.43534,0.30022
15439,0.15666,0.11021,0.048822,0.052395,-0.74306,0.21967,0.29373
15440,0.15828,0.11248,0.06831,0.049147,-0.74761,0.047847,0.28236
15441,0.15471,0.10469,0.082927,0.054019,-0.71967,-0.062262,0.26774
15442,0.14659,0.091696,0.090397,0.06961,-0.67128,-0.11456,0.25215
15443,0.1349,0.073832,0.090072,0.09397,-0.5956,-0.123,0.23656
15444,0.12093,0.054019,0.083901,0.12093,-0.4673,-0.097666,0.21902
15445,0.10469,0.036479,0.075781,0.14367,-0.26657,-0.048945,0.19531
15446,0.088773,0.023487,0.069934,0.16153,-0.013541,0.01829,0.16348
15447,0.071234,0.016341,0.072208,0.18102,0.23234,0.098517,0.12678
15448,0.051745,0.009845,0.079354,0.19856,0.40156,0.17485,0.087474
15449,0.029658,-0.0015233,0.082277,0.19239,0.4571,0.22649,0.054344
15450,0.011794,-0.021012,0.076106,0.15179,0.41358,0.24403,0.039078
15451,0.0033489,-0.046022,0.061814,0.087799,0.32426,0.23364,0.043625
15452,0.0036737,-0.067134,0.042975,0.019264,0.23689,0.2109,0.059865
15453,0.008221,-0.074605,0.021863,-0.037252,0.16348,0.18751,0.074482
15454,0.011469,-0.065835,0.0039985,-0.072981,0.079354,0.17095,0.078379
15455,0.0091954,-0.048945,-0.0057458,-0.088896,-0.043099,0.16478,0.066686
15456,0.0014,-0.035628,-0.0050961,-0.09117,-0.19381,0.16673,0.045249
15457,-0.0011985,-0.028482,0.0039985,-0.086948,-0.3338,0.16478,0.023812
15458,0.0078962,-0.024909,0.016016,-0.073306,-0.4228,0.14561,0.0085458
15459,0.027385,-0.021012,0.02706,-0.044073,-0.44359,0.10274,-0.0034721
15460,0.044924,-0.011267,0.036804,0.0017248,-0.39292,0.050771,-0.0076946
15461,0.054344,-0.00022403,0.045574,0.059865,-0.27079,0.023487,-0.0011985
15462,0.053694,0.0059473,0.046873,0.11898,-0.071357,0.047198,0.020564
15463,0.0433,0.0036737,0.037454,0.16056,0.18687,0.11931,0.051745
15464,0.028359,-0.0041217,0.023162,0.17225,0.43924,0.20311,0.080653
15465,0.009845,-0.013216,0.012443,0.15146,0.61171,0.25345,0.091372
15466,-0.011267,-0.022636,0.011794,0.11216,0.65784,0.24598,0.073832
15467,-0.034654,-0.030431,0.022188,0.068635,0.57631,0.18199,0.032906
15468,-0.054467,-0.035628,0.037454,0.038753,0.40611,0.081627,-0.01614
15469,-0.06551,-0.037902,0.051096,0.030308,0.21772,-0.027508,-0.058365
15470,-0.068758,-0.037902,0.057592,0.033556,0.083901,-0.11553,-0.085648
15471,-0.062587,-0.033679,0.056942,0.040052,0.045574,-0.16263,-0.095393
15472,-0.052518,-0.026858,0.050121,0.048822,0.094945,-0.1662,-0.091495
15473,-0.043099,-0.016789,0.039402,0.061814,0.18979,-0.1308,-0.076229
15474,-0.035303,-0.0047713,0.029333,0.079029,0.28366,-0.065186,-0.048296
15475,-0.02361,0.0065969,0.027709,0.096893,0.34894,0.015692,-0.0089938
15476,-0.0034721,0.013743,0.03453,0.10664,0.37818,0.099492,0.032906
15477,0.022188,0.015692,0.042326,0.099492,0.37265,0.17517,0.061814
15478,0.047847,0.015042,0.044924,0.072858,0.34342,0.23429,0.065712
15479,0.067336,0.013743,0.042651,0.029658,0.31062,0.27261,0.052395
15480,0.076755,0.012443,0.036804,-0.021012,0.30087,0.28918,0.035505
15481,0.074157,0.013418,0.029983,-0.067134,0.33043,0.28268,0.029333
15482,0.064737,0.022512,0.026735,-0.10221,0.40773,0.258,0.038428
15483,0.057267,0.043625,0.030957,-0.12495,0.51297,0.22357,0.061814
15484,0.055643,0.075131,0.042651,-0.13924,0.60749,0.18687,0.092021
15485,0.060515,0.10664,0.054668,-0.14866,0.64225,0.15016,0.11086
15486,0.061165,0.12353,0.058241,-0.14899,0.58313,0.10924,0.10306
15487,0.047198,0.11541,0.050771,-0.12365,0.4295,0.050121,0.065712
15488,0.013743,0.081627,0.030633,-0.059339,0.20993,-0.033679,0.0023744
15489,-0.034978,0.034855,0.0036737,0.037778,-0.023285,-0.13599,-0.075255
15490,-0.087272,-0.0083442,-0.02426,0.14561,-0.22012,-0.24221,-0.15256
15491,-0.12787,-0.032705,-0.044723,0.24143,-0.35719,-0.33705,-0.2159
15492,-0.14379,-0.034654,-0.055116,0.30834,-0.44196,-0.41305,-0.24935
15493,-0.13242,-0.022961,-0.052843,0.3353,-0.50335,-0.46762,-0.24903
15494,-0.10514,-0.0067202,-0.0405,0.32198,-0.56766,-0.49556,-0.21557
15495,-0.074605,0.0052977,-0.028807,0.27619,-0.65341,-0.48646,-0.1636
15496,-0.04992,0.0075714,-0.022311,0.2122,-0.76255,-0.43904,-0.11033
15497,-0.034329,0.00042559,-0.019712,0.14626,-0.87948,-0.36433,-0.071682
15498,-0.030756,-0.011917,-0.02361,0.091696,-0.98634,-0.2867,-0.060313
15499,-0.037252,-0.021661,-0.03238,0.06019,-1.0623,-0.22856,-0.073955
15500,-0.047646,-0.02361,-0.042124,0.05207,-1.0815,-0.20583,-0.096692
15501,-0.05804,-0.017114,-0.048296,0.06019,-1.0198,-0.22402,-0.11326
15502,-0.06616,-0.0047713,-0.04992,0.070259,-0.85901,-0.27599,-0.1178
15503,-0.070382,0.010495,-0.045697,0.070259,-0.59884,-0.34679,-0.11423
15504,-0.06616,0.022188,-0.036927,0.055968,-0.27761,-0.41598,-0.11066
15505,-0.052843,0.02641,-0.028482,0.036154,0.044275,-0.46697,-0.11358
15506,-0.034329,0.026735,-0.022961,0.024461,0.31776,-0.4962,-0.12592
15507,-0.018088,0.025436,-0.020687,0.029658,0.52759,-0.5053,-0.13729
15508,-0.010943,0.023162,-0.017439,0.054344,0.69876,-0.48711,-0.14054
15509,-0.010943,0.023812,-0.0080194,0.087799,0.86994,-0.4189,-0.12592
15510,-0.012892,0.029333,0.0049729,0.11118,1.0655,-0.27404,-0.090196
15511,-0.010618,0.039078,0.015042,0.097868,1.2578,-0.038227,-0.035303
15512,-0.00022403,0.047523,0.016666,0.03518,1.3636,0.26872,0.030308
15513,0.014717,0.050446,0.011469,-0.059014,1.3039,0.60327,0.09397
15514,0.026735,0.047198,0.0046481,-0.14444,1.0561,0.89657,0.13814
15515,0.032257,0.042975,0.00075039,-0.18634,0.6692,1.0817,0.15341
15516,0.034206,0.041027,0.0036737,-0.1701,0.23591,1.1168,0.14399
15517,0.039078,0.045249,0.0091954,-0.10903,-0.14866,1.008,0.12613
15518,0.048497,0.054344,0.014717,-0.030756,-0.41565,0.7962,0.11638
15519,0.062464,0.063763,0.01829,0.031282,-0.54785,0.54091,0.12255
15520,0.079029,0.070909,0.020239,0.055643,-0.57773,0.2895,0.14399
15521,0.092996,0.075131,0.023162,0.049472,-0.56376,0.068635,0.17095
15522,0.097868,0.081952,0.030633,0.031282,-0.55662,-0.123,0.19304
15523,0.096893,0.094945,0.045899,0.01829,-0.5813,-0.29093,0.20246
15524,0.095269,0.11346,0.065387,0.013093,-0.63782,-0.42507,0.19531
15525,0.096569,0.12743,0.079679,0.014068,-0.70343,-0.50043,0.1729
15526,0.098517,0.13067,0.088124,0.020888,-0.72325,-0.49361,0.13977
15527,0.098842,0.12548,0.096569,0.033231,-0.64984,-0.39551,0.11216
15528,0.10047,0.11606,0.10729,0.050121,-0.47509,-0.21655,0.10339
15529,0.10306,0.10631,0.11671,0.072208,-0.24903,0.0039985,0.11736
15530,0.10761,0.096244,0.11931,0.093645,-0.049595,0.20116,0.14172
15531,0.10989,0.084551,0.10826,0.10209,0.055318,0.31062,0.15698
15532,0.10371,0.071883,0.086175,0.079029,0.044275,0.30445,0.14821
15533,0.086824,0.054668,0.055318,0.017316,-0.061288,0.19791,0.11476
15534,0.058566,0.028684,0.024137,-0.067459,-0.22239,0.037129,0.067011
15535,0.025111,-0.0050961,0.00010078,-0.14574,-0.39194,-0.12268,0.015692
15536,-0.0034721,-0.035628,-0.013866,-0.18666,-0.52544,-0.23863,-0.027833
15537,-0.017764,-0.053817,-0.019388,-0.18049,-0.59007,-0.28638,-0.048945
15538,-0.013216,-0.054792,-0.015815,-0.13275,-0.56052,-0.25845,-0.034654
15539,0.0072465,-0.038876,-0.0024977,-0.062587,-0.4189,-0.1623,0.013418
15540,0.033881,-0.012567,0.01894,0.010495,-0.17659,-0.015815,0.080328
15541,0.053694,0.01017,0.04395,0.072208,0.1297,0.15796,0.14042
15542,0.06019,0.019914,0.064737,0.11833,0.44444,0.33725,0.18004
15543,0.05272,0.016991,0.079354,0.14204,0.71078,0.50518,0.19661
15544,0.035505,0.0065969,0.084551,0.14464,0.87546,0.65166,0.19563
15545,0.015367,-0.0024977,0.080003,0.12645,0.90696,0.76795,0.18394
15546,-0.0034721,-0.0089938,0.064088,0.092021,0.80562,0.84168,0.16738
15547,-0.016464,-0.014191,0.038753,0.047523,0.61529,0.86084,0.14432
15548,-0.022636,-0.018413,0.012443,-0.0015233,0.39767,0.81732,0.11281
15549,-0.021337,-0.021012,-0.0037969,-0.04992,0.20538,0.70656,0.076755
15550,-0.016464,-0.024909,-0.0089938,-0.089871,0.059216,0.52531,0.040377
15551,-0.013541,-0.030431,-0.0047713,-0.11651,-0.044723,0.28171,0.0059473
15552,-0.01549,-0.03303,-0.0028225,-0.13047,-0.12008,0.0043233,-0.030106
15553,-0.022636,-0.028157,-0.0044465,-0.13697,-0.1662,-0.26754,-0.071357
15554,-0.030756,-0.017114,-0.011917,-0.13859,-0.17854,-0.5014,-0.11975
15555,-0.034004,-0.0028225,-0.020687,-0.13989,-0.14379,-0.68167,-0.17107
15556,-0.029132,0.009845,-0.026533,-0.14314,-0.059339,-0.81224,-0.2146
15557,-0.017439,0.016341,-0.025884,-0.15029,0.066362,-0.89962,-0.23863
15558,0.00075039,0.019589,-0.015815,-0.16328,0.2135,-0.94541,-0.23376
15559,0.021538,0.025111,0.00010078,-0.17854,0.34407,-0.95613,-0.20583
15560,0.043625,0.038428,0.019914,-0.19154,0.41358,-0.95094,-0.17237
15561,0.060515,0.055968,0.036479,-0.20453,0.40286,-0.96068,-0.15386
15562,0.069934,0.070259,0.050771,-0.22142,0.33043,-0.99673,-0.161
15563,0.074157,0.079679,0.062139,-0.23538,0.23883,-1.038,-0.17854
15564,0.073182,0.080653,0.069934,-0.22824,0.15276,-1.0455,-0.18569
15565,0.065062,0.074157,0.077405,-0.17335,0.067661,-0.99706,-0.1714
15566,0.049147,0.061489,0.080978,-0.049595,-0.030431,-0.89767,-0.13697
15567,0.023487,0.042651,0.077405,0.13684,-0.14476,-0.7645,-0.097666
15568,-0.0034721,0.023162,0.063438,0.33335,-0.25292,-0.61249,-0.05804
15569,-0.020037,0.011144,0.042651,0.47562,-0.33283,-0.44001,-0.017114
15570,-0.019388,0.010819,0.019914,0.52207,-0.36401,-0.25747,0.027385
15571,-0.0060706,0.019914,-0.00054884,0.48017,-0.35264,-0.10286,0.069285
15572,0.0095202,0.03518,-0.017114,0.38142,-0.32276,-0.023285,0.096569
15573,0.022188,0.055318,-0.029457,0.26482,-0.30002,-0.0405,0.099817
15574,0.031932,0.082277,-0.033354,0.16185,-0.29255,-0.1243,0.080978
15575,0.041676,0.10826,-0.028807,0.091047,-0.29255,-0.21655,0.05142
15576,0.053694,0.1297,-0.019388,0.052395,-0.29223,-0.26104,0.019264
15577,0.063113,0.14269,-0.013541,0.038103,-0.288,-0.23441,-0.013216
15578,0.064413,0.14269,-0.013541,0.042326,-0.28411,-0.14964,-0.048945
15579,0.058241,0.13165,-0.018413,0.053044,-0.28638,-0.041475,-0.084999
15580,0.050771,0.11573,-0.027833,0.062139,-0.288,0.050771,-0.11683
15581,0.042651,0.099167,-0.034329,0.066362,-0.27858,0.10664,-0.13177
15582,0.03518,0.082602,-0.034329,0.065062,-0.25,0.13425,-0.12008
15583,0.027385,0.067336,-0.024909,0.062464,-0.20875,0.16121,-0.0837
15584,0.019589,0.054344,-0.0060706,0.063113,-0.17465,0.22194,-0.029782
15585,0.012443,0.0433,0.019589,0.067986,-0.15613,0.33368,0.03453
15586,0.0069217,0.038103,0.045899,0.079354,-0.15029,0.47789,0.09397
15587,0.0043233,0.03518,0.066362,0.092021,-0.14216,0.60976,0.14139
15588,-0.00022403,0.029333,0.073832,0.098193,-0.11163,0.68967,0.16575
15589,-0.013541,0.012768,0.06831,0.095594,-0.051544,0.70428,0.16673
15590,-0.036927,-0.018088,0.053044,0.079679,0.02706,0.66693,0.14269
15591,-0.066485,-0.062262,0.032257,0.05272,0.10566,0.60847,0.10274
15592,-0.093769,-0.10968,0.0049729,0.022188,0.16478,0.5578,0.054993
15593,-0.10871,-0.15256,-0.02361,-0.00054884,0.18914,0.53051,0.013093
15594,-0.10221,-0.18342,-0.047646,-0.011592,0.17355,0.52856,-0.0067202
15595,-0.07493,-0.19608,-0.063237,-0.010293,0.11931,0.53538,0.0023744
15596,-0.039851,-0.18277,-0.073631,-0.00054884,0.033231,0.52986,0.031932
15597,-0.0037969,-0.14509,-0.075255,0.0088706,-0.07428,0.50777,0.077405
15598,0.02706,-0.097666,-0.064861,0.017965,-0.18959,0.47724,0.12807
15599,0.048822,-0.056091,-0.044723,0.024137,-0.27566,0.44541,0.17452
15600,0.064737,-0.024909,-0.021986,0.024786,-0.29125,0.41261,0.20538
15601,0.078379,-0.0096434,0.00010078,0.019589,-0.21135,0.36876,0.21415
15602,0.092021,-0.0060706,0.016341,0.019914,-0.042774,0.30347,0.20213
15603,0.10501,-0.0060706,0.02641,0.031932,0.20148,0.21967,0.17939
15604,0.11541,-0.0054209,0.03453,0.05207,0.50907,0.14269,0.16056
15605,0.11898,0.0017248,0.046223,0.074806,0.84915,0.095269,0.15146
15606,0.11476,0.014392,0.065387,0.099492,1.1532,0.079029,0.14529
15607,0.10566,0.032582,0.084876,0.12288,1.3565,0.074482,0.13457
15608,0.096244,0.054668,0.098517,0.14139,1.4396,0.066037,0.1258
15609,0.090397,0.07708,0.10144,0.15049,1.4302,0.055318,0.12483
15610,0.083576,0.091047,0.084226,0.13457,1.3552,0.051745,0.12743
15611,0.070909,0.090397,0.045899,0.080653,1.2175,0.057267,0.12385
15612,0.050446,0.074157,-0.0021729,-0.0099683,1.0167,0.069934,0.11021
15613,0.028359,0.053694,-0.04115,-0.11033,0.77509,0.089423,0.090397
15614,0.010819,0.040052,-0.05804,-0.18666,0.53701,0.11443,0.066037
15615,0.0017248,0.03453,-0.052193,-0.21622,0.34342,0.13197,0.037778
15616,0.0039985,0.036154,-0.03303,-0.19933,0.20798,0.12028,0.003024
15617,0.0078962,0.036154,-0.012892,-0.15646,0.12028,0.072533,-0.045372
15618,-0.0011985,0.025761,-0.00054884,-0.11423,0.063438,0.009845,-0.10903
15619,-0.026533,0.0020496,0.00042559,-0.085973,0.012119,-0.037577,-0.174
15620,-0.060313,-0.028157,-0.0050961,-0.069083,-0.058689,-0.044398,-0.2146
15621,-0.087922,-0.053492,-0.010943,-0.055441,-0.16555,-0.0050961,-0.21849
15622,-0.099615,-0.069083,-0.014516,-0.038551,-0.30165,0.056942,-0.18634
15623,-0.098641,-0.071682,-0.013216,-0.01484,-0.44878,0.11313,-0.1334
15624,-0.090521,-0.062262,-0.0063954,0.011144,-0.57676,0.14724,-0.078503
15625,-0.075904,-0.038551,0.0091954,0.033231,-0.64789,0.16933,-0.038227
15626,-0.059989,-0.0041217,0.029658,0.046223,-0.63522,0.19531,-0.012242
15627,-0.041475,0.03583,0.049796,0.046548,-0.5459,0.23396,0.0056225
15628,-0.018738,0.073507,0.066686,0.042001,-0.40948,0.27879,0.025436
15629,0.0065969,0.10436,0.081952,0.040052,-0.26299,0.31094,0.049472
15630,0.030308,0.12515,0.095919,0.048172,-0.11943,0.32426,0.082602
15631,0.050446,0.13652,0.10794,0.060515,0.020564,0.33303,0.1245
15632,0.065062,0.13879,0.11118,0.064413,0.131,0.36324,0.16998
15633,0.074806,0.13587,0.10209,0.058891,0.17745,0.43469,0.2148
15634,0.082277,0.13262,0.082927,0.055643,0.15081,0.55162,0.25637
15635,0.092671,0.13067,0.063113,0.06084,0.080328,0.68999,0.29762
15636,0.10696,0.1271,0.046873,0.072208,0.010495,0.8066,0.3314
15637,0.1206,0.11963,0.037454,0.080328,-0.028482,0.85792,0.34602
15638,0.1271,0.10599,0.033231,0.081952,-0.033679,0.82609,0.3392
15639,0.12158,0.093645,0.031607,0.080653,-0.026858,0.7163,0.31744
15640,0.10859,0.087474,0.031282,0.079679,-0.047321,0.53668,0.28626
15641,0.096893,0.095269,0.037454,0.081952,-0.13047,0.29405,0.24533
15642,0.091372,0.11151,0.049472,0.089748,-0.27339,-0.00087364,0.19628
15643,0.09397,0.13002,0.066362,0.11118,-0.43806,-0.30782,0.15211
15644,0.10436,0.14594,0.084551,0.14854,-0.58163,-0.57708,0.1258
15645,0.12158,0.15828,0.10404,0.19076,-0.65796,-0.77651,0.12093
15646,0.14139,0.16835,0.11801,0.22194,-0.62613,-0.91001,0.12288
15647,0.15568,0.17874,0.12028,0.23006,-0.48289,-1.0075,0.10989
15648,0.16056,0.18654,0.10826,0.21123,-0.27599,-1.0971,0.064413
15649,0.15406,0.18979,0.087149,0.16543,-0.075579,-1.1718,-0.010943
15650,0.13684,0.18622,0.06084,0.10209,0.073182,-1.2036,-0.093769
15651,0.11151,0.17712,0.033556,0.033881,0.16803,-1.1637,-0.161
15652,0.084226,0.16121,0.011144,-0.025559,0.22747,-1.0344,-0.19836
15653,0.063763,0.13879,-0.0073698,-0.06616,0.26125,-0.82329,-0.2068
15654,0.050121,0.11054,-0.018738,-0.0837,0.26612,-0.57026,-0.19121
15655,0.039727,0.079679,-0.020362,-0.084674,0.24241,-0.32795,-0.15646
15656,0.028684,0.049796,-0.013866,-0.080127,0.19856,-0.13372,-0.10481
15657,0.015042,0.023812,-0.0015233,-0.076229,0.1362,-0.010618,-0.049595
15658,0.0043233,0.0046481,0.012768,-0.078503,0.057917,0.047847,-0.0060706
15659,-0.0044465,-0.0060706,0.022188,-0.088572,-0.025234,0.064088,0.021213
15660,-0.013541,-0.014191,0.020888,-0.10709,-0.094743,0.056617,0.032906
15661,-0.026209,-0.026533,0.0091954,-0.12787,-0.13372,0.036479,0.03518
15662,-0.038876,-0.046996,-0.0089938,-0.14444,-0.13112,0.0023744,0.037129
15663,-0.050894,-0.071682,-0.030431,-0.14476,-0.086948,-0.043099,0.0433
15664,-0.060638,-0.094093,-0.04927,-0.12235,-0.014191,-0.09182,0.056617
15665,-0.064536,-0.10871,-0.059664,-0.071682,0.059216,-0.12268,0.074482
15666,-0.064536,-0.11456,-0.055116,-0.007045,0.097543,-0.13437,0.088124
15667,-0.068109,-0.11618,-0.040175,0.054993,0.089423,-0.14476,0.087149
15668,-0.077528,-0.12008,-0.02426,0.10566,0.044599,-0.1675,0.067986
15669,-0.085324,-0.12625,-0.014191,0.13717,-0.0073698,-0.18439,0.037129
15670,-0.08305,-0.13404,-0.0099683,0.14464,-0.047646,-0.17107,0.0049729
15671,-0.067459,-0.13924,-0.0099683,0.13132,-0.061613,-0.12463,-0.022311
15672,-0.039526,-0.13145,-0.0096434,0.10989,-0.045372,-0.062912,-0.042449
15673,-0.0083442,-0.10286,-0.0076946,0.095594,-0.016464,-0.0076946,-0.054792
15674,0.01829,-0.057065,-0.0050961,0.091372,-0.0041217,0.025761,-0.061613
15675,0.035505,-0.0089938,-0.0015233,0.089748,-0.027183,0.048172,-0.062912
15676,0.041351,0.028359,0.0020496,0.085525,-0.084999,0.082602,-0.054467
15677,0.040702,0.046223,0.0043233,0.082602,-0.1649,0.16153,-0.029457
15678,0.035505,0.045574,0.0046481,0.081952,-0.2461,0.28918,0.014717
15679,0.029333,0.030308,0.0052977,0.081627,-0.30879,0.44184,0.071234
15680,0.023812,0.0049729,0.010819,0.074482,-0.34127,0.57663,0.1258
15681,0.017316,-0.018088,0.01894,0.056617,-0.34777,0.65881,0.16023
15682,0.0085458,-0.03238,0.024786,0.029333,-0.3377,0.68057,0.16608
15683,-0.0050961,-0.036602,0.024461,0.00010078,-0.31789,0.64647,0.14139
15684,-0.026533,-0.034978,0.023162,-0.020037,-0.29125,0.56624,0.092996
15685,-0.055441,-0.032705,0.022512,-0.027183,-0.25227,0.45093,0.02706
15686,-0.0837,-0.028807,0.019914,-0.026858,-0.19576,0.32069,-0.050244
15687,-0.10416,-0.019063,0.014392,-0.025234,-0.11651,0.19499,-0.13697
15688,-0.11391,0.00042559,0.0049729,-0.027508,-0.024585,0.088773,-0.22694
15689,-0.11423,0.02641,-0.0054209,-0.033679,0.06084,0.010819,-0.30912
15690,-0.10546,0.049147,-0.01549,-0.037252,0.1232,-0.035303,-0.36238
15691,-0.088572,0.058891,-0.025559,-0.038551,0.14691,-0.055116,-0.37083
15692,-0.067784,0.049472,-0.034329,-0.036927,0.11703,-0.059014,-0.33672
15693,-0.045372,0.022837,-0.039851,-0.030106,0.031932,-0.049595,-0.26884
15694,-0.024585,-0.0054209,-0.0405,-0.017439,-0.0837,-0.032055,-0.18894
15695,-0.010943,-0.021337,-0.035303,-0.0024977,-0.18894,-0.016789,-0.11423
15696,-0.0067202,-0.020037,-0.027508,0.0075714,-0.25747,-0.01484,-0.055116
15697,-0.0073698,-0.0076946,-0.020362,0.014068,-0.27761,-0.032055,-0.016789
15698,-0.010293,0.0046481,-0.015165,0.015367,-0.25195,-0.061288,0.0014
15699,-0.010943,0.0078962,-0.012892,0.015367,-0.19478,-0.090196,0.0052977
15700,-0.0067202,-0.0021729,-0.014191,0.014717,-0.12592,-0.11131,0.0056225
15701,0.0010752,-0.01549,-0.015165,0.012443,-0.06551,-0.12398,0.011794
15702,0.011469,-0.023285,-0.012892,0.0075714,-0.022636,-0.13697,0.01764
15703,0.022837,-0.023935,-0.0024977,0.0026992,-0.0050961,-0.15158,0.019264
15704,0.032582,-0.022636,0.0091954,-0.0060706,-0.020687,-0.1623,0.017965
15705,0.038428,-0.021012,0.015692,-0.017114,-0.06551,-0.16068,0.011794
15706,0.042651,-0.018088,0.016341,-0.026858,-0.12982,-0.14346,-0.00022403
15707,0.048172,-0.013866,0.013743,-0.033679,-0.20615,-0.11456,-0.01549
15708,0.055643,-0.0096434,0.0095202,-0.035303,-0.29125,-0.090196,-0.028157
15709,0.063438,-0.0018481,0.009845,-0.03173,-0.37343,-0.079152,-0.033354
15710,0.069285,0.0078962,0.011794,-0.027183,-0.43514,-0.087597,-0.036927
15711,0.071234,0.020239,0.012768,-0.018413,-0.46145,-0.11715,-0.047971
15712,0.074157,0.037454,0.011794,-0.00054884,-0.45885,-0.15418,-0.063886
15713,0.081952,0.059541,0.014392,0.025436,-0.45268,-0.18179,-0.069408
15714,0.093645,0.082602,0.027709,0.058241,-0.46795,-0.18959,-0.053492
15715,0.10664,0.10242,0.050771,0.092346,-0.504,-0.17594,-0.014516
15716,0.11606,0.1219,0.075131,0.12125,-0.53811,-0.13372,0.039078
15717,0.11801,0.14042,0.09397,0.13977,-0.53031,-0.053168,0.090397
15718,0.10761,0.15828,0.10696,0.14821,-0.43904,0.06084,0.12743
15719,0.088448,0.17355,0.11346,0.15146,-0.24675,0.19304,0.14626
15720,0.065387,0.18004,0.11541,0.14951,0.029983,0.31679,0.14919
15721,0.047198,0.16803,0.11476,0.14659,0.34082,0.41228,0.14172
15722,0.03518,0.1336,0.10761,0.14139,0.63023,0.4688,0.12645
15723,0.026735,0.081627,0.09397,0.13327,0.86376,0.49381,0.10501
15724,0.01894,0.025436,0.079679,0.13002,1.0359,0.50193,0.08585
15725,0.013093,-0.018088,0.069285,0.13847,1.1707,0.5042,0.074482
15726,0.013093,-0.036927,0.063763,0.15731,1.2854,0.48959,0.066686
15727,0.016341,-0.025884,0.062789,0.17582,1.3656,0.44151,0.050771
15728,0.019589,0.0085458,0.063763,0.18524,1.388,0.35479,0.025111
15729,0.019589,0.050771,0.061814,0.1768,1.3386,0.23526,-0.0028225
15730,0.015042,0.084876,0.058241,0.14561,1.2331,0.091372,-0.029457
15731,0.0075714,0.10177,0.05272,0.099167,1.0976,-0.078178,-0.05739
15732,-0.0034721,0.10242,0.045249,0.049147,0.93522,-0.26462,-0.090196
15733,-0.01549,0.091047,0.034206,0.0014,0.73124,-0.45171,-0.1269
15734,-0.026533,0.066037,0.020564,-0.032055,0.47205,-0.61411,-0.15808
15735,-0.033679,0.032906,0.0052977,-0.053492,0.17127,-0.73266,-0.17952
15736,-0.034978,0.00075039,-0.0083442,-0.06681,-0.12787,-0.79503,-0.18861
15737,-0.029132,-0.021337,-0.015165,-0.075255,-0.36856,-0.81127,-0.18764
15738,-0.01484,-0.027508,-0.010943,-0.075904,-0.51927,-0.80607,-0.18439
15739,0.0033489,-0.01484,0.00042559,-0.065835,-0.57481,-0.80672,-0.18179
15740,0.023487,0.012443,0.013743,-0.047321,-0.555,-0.82199,-0.18244
15741,0.041027,0.047523,0.023812,-0.030106,-0.49523,-0.85284,-0.18471
15742,0.048822,0.074482,0.024461,-0.025234,-0.42085,-0.88305,-0.18959
15743,0.042975,0.081952,0.014392,-0.035303,-0.3403,-0.88273,-0.18991
15744,0.029009,0.067661,-0.007045,-0.051544,-0.26364,-0.82621,-0.17465
15745,0.016666,0.042975,-0.029132,-0.06551,-0.19576,-0.70213,-0.13599
15746,0.016666,0.019264,-0.042124,-0.063561,-0.10481,-0.51732,-0.071357
15747,0.032906,0.0056225,-0.039201,-0.040175,0.055968,-0.2906,0.0075714
15748,0.056942,0.0059473,-0.024909,-0.0024977,0.31257,-0.038876,0.086175
15749,0.080003,0.015367,-0.0080194,0.030633,0.64907,0.22162,0.14691
15750,0.093321,0.029333,0.0052977,0.048822,1.0044,0.47075,0.18069
15751,0.094295,0.0433,0.011469,0.053044,1.2867,0.67115,0.19076
15752,0.084876,0.052395,0.01017,0.05207,1.4192,0.78743,0.19141
15753,0.068635,0.056292,0.0072465,0.056292,1.3812,0.8092,0.19434
15754,0.056942,0.057592,0.0062721,0.07708,1.2051,0.75463,0.19986
15755,0.053369,0.056942,0.0085458,0.11346,0.95731,0.65491,0.2044
15756,0.056292,0.054344,0.016341,0.15211,0.70786,0.55357,0.20311
15757,0.057917,0.051745,0.022837,0.17907,0.51849,0.48634,0.19888
15758,0.055318,0.049147,0.020564,0.18329,0.41585,0.46165,0.19563
15759,0.047847,0.04395,0.0095202,0.1651,0.38207,0.46912,0.19271
15760,0.036154,0.040052,-0.008669,0.13392,0.36908,0.48569,0.18394
15761,0.020564,0.038753,-0.025234,0.095269,0.32101,0.48406,0.1651
15762,0.0091954,0.040702,-0.035628,0.054019,0.2096,0.44444,0.13327
15763,0.0049729,0.045899,-0.042774,0.015042,0.039078,0.36129,0.099817
15764,0.009845,0.053369,-0.04862,-0.015165,-0.15613,0.2515,0.073507
15765,0.020564,0.063763,-0.050894,-0.033354,-0.32276,0.14756,0.061165
15766,0.033231,0.078055,-0.047321,-0.046671,-0.41598,0.081952,0.066037
15767,0.044924,0.088448,-0.037902,-0.059339,-0.42247,0.067661,0.090072
15768,0.057592,0.089423,-0.023935,-0.072331,-0.37278,0.091047,0.12807
15769,0.071558,0.081952,-0.0057458,-0.081426,-0.31691,0.1271,0.1716
15770,0.083901,0.077405,0.016991,-0.076554,-0.2893,0.15406,0.20993
15771,0.096244,0.083251,0.042326,-0.055441,-0.29547,0.169,0.22812
15772,0.10761,0.096893,0.06084,-0.027508,-0.31171,0.18329,0.21512
15773,0.11703,0.11021,0.069934,-0.0054209,-0.31496,0.20798,0.17972
15774,0.11801,0.11638,0.072208,0.010495,-0.31139,0.24078,0.14399
15775,0.10826,0.11151,0.073507,0.028359,-0.33153,0.26937,0.1245
15776,0.090722,0.095919,0.078055,0.056292,-0.39779,0.27489,0.12613
15777,0.072533,0.072208,0.085525,0.093321,-0.50238,0.24825,0.13814
15778,0.056942,0.045899,0.092346,0.12937,-0.62093,0.19401,0.14756
15779,0.044924,0.019914,0.093645,0.15244,-0.73039,0.12548,0.14464
15780,0.029009,-0.0028225,0.094945,0.15438,-0.81711,0.055643,0.12743
15781,0.010495,-0.021337,0.097543,0.14074,-0.86908,-0.010943,0.092671
15782,-0.0080194,-0.034654,0.10209,0.12093,-0.8772,-0.070382,0.046223
15783,-0.021661,-0.041475,0.10371,0.10242,-0.8405,-0.1217,0.00042559
15784,-0.031081,-0.046022,0.098517,0.086824,-0.76774,-0.16912,-0.026858
15785,-0.040175,-0.053168,0.090397,0.077405,-0.67647,-0.22954,-0.03303
15786,-0.04992,-0.060638,0.078704,0.072208,-0.58845,-0.31236,-0.028157
15787,-0.059339,-0.065835,0.067336,0.067336,-0.51732,-0.4137,-0.02426
15788,-0.070058,-0.06616,0.057592,0.056617,-0.47217,-0.52479,-0.028807
15789,-0.089221,-0.064536,0.048497,0.037778,-0.45788,-0.63977,-0.046347
15790,-0.11293,-0.067134,0.036804,0.0091954,-0.47607,-0.74988,-0.076879
15791,-0.13632,-0.072006,0.022188,-0.029457,-0.51439,-0.83271,-0.11521
15792,-0.15256,-0.072331,0.0085458,-0.072656,-0.55012,-0.85772,-0.15321
15793,-0.15548,-0.063561,0.0026992,-0.10514,-0.5511,-0.7999,-0.1753
15794,-0.14444,-0.046347,0.0078962,-0.11748,-0.49978,-0.65991,-0.17627
15795,-0.12527,-0.024909,0.017316,-0.10871,-0.40818,-0.45268,-0.14996
15796,-0.10644,-0.0099683,0.021213,-0.088896,-0.31366,-0.19478,-0.099615
15797,-0.094418,-0.0099683,0.013093,-0.070707,-0.25,0.095269,-0.039851
15798,-0.086948,-0.026858,-0.0067202,-0.065835,-0.23344,0.38142,0.0056225
15799,-0.082076,-0.055441,-0.033679,-0.075904,-0.26364,0.61431,0.016666
15800,-0.074605,-0.089546,-0.063886,-0.097017,-0.32211,0.75008,-0.0083442
15801,-0.062262,-0.1191,-0.084024,-0.11618,-0.3783,0.77087,-0.051868
15802,-0.043423,-0.1269,-0.087597,-0.12008,-0.40981,0.69259,-0.079802
15803,-0.019388,-0.10449,-0.070382,-0.097341,-0.39844,0.55195,-0.071032
15804,0.011469,-0.056416,-0.038876,-0.050894,-0.33413,0.39084,-0.026209
15805,0.046548,0.0023744,-0.00087364,0.0056225,-0.22239,0.23656,0.03518
15806,0.081303,0.055643,0.034855,0.057267,-0.081101,0.099817,0.090722
15807,0.11054,0.094945,0.061814,0.087799,0.067011,-0.01614,0.12937
15808,0.13522,0.11508,0.076431,0.089098,0.19499,-0.10416,0.14886
15809,0.15244,0.11541,0.073182,0.06961,0.28138,-0.14671,0.15796
15810,0.16153,0.098517,0.059541,0.042975,0.31906,-0.12787,0.16153
15811,0.16056,0.072858,0.041351,0.019914,0.33043,-0.046022,0.16575
15812,0.14919,0.048822,0.028034,0.0043233,0.35024,0.079029,0.17225
15813,0.13457,0.035505,0.019589,0.0020496,0.39442,0.21058,0.18297
15814,0.1284,0.033231,0.019589,0.017965,0.44769,0.32198,0.19856
15815,0.13132,0.041027,0.030633,0.050771,0.48309,0.40871,0.21317
15816,0.13944,0.05272,0.053044,0.0865,0.48406,0.47594,0.21902
15817,0.14464,0.064413,0.079354,0.11021,0.45451,0.53019,0.2148
15818,0.14367,0.075131,0.10144,0.11995,0.40676,0.56981,0.20376
15819,0.13262,0.083251,0.11021,0.11931,0.35252,0.58898,0.19044
15820,0.10956,0.0852,0.10209,0.11183,0.28885,0.57956,0.1755
15821,0.076755,0.075456,0.080003,0.10404,0.2109,0.53376,0.15763
15822,0.042975,0.05207,0.048172,0.098842,0.1245,0.45126,0.13652
15823,0.018615,0.019589,0.010819,0.088124,0.04395,0.34667,0.10501
15824,0.0088706,-0.011267,-0.023285,0.06896,-0.015165,0.23396,0.061489
15825,0.0078962,-0.03303,-0.046347,0.041027,-0.047321,0.11995,0.0010752
15826,0.0088706,-0.045372,-0.053168,0.015692,-0.061613,0.008221,-0.072006
15827,0.0069217,-0.04862,-0.048945,0.0023744,-0.062262,-0.090845,-0.14736
15828,0.0043233,-0.036278,-0.036602,0.0072465,-0.040825,-0.15711,-0.20713
15829,0.0020496,-0.012242,-0.020362,0.029658,0.0043233,-0.17952,-0.23019
15830,0.0039985,0.01829,-0.0050961,0.058241,0.063438,-0.16425,-0.2068
15831,0.0049729,0.046873,0.0052977,0.080978,0.11703,-0.123,-0.15386
15832,0.00075039,0.060515,0.0049729,0.086175,0.14659,-0.070058,-0.095393
15833,-0.010618,0.054344,-0.0021729,0.069285,0.15309,-0.024909,-0.055441
15834,-0.022636,0.038103,-0.012892,0.036154,0.15503,-0.007045,-0.035953
15835,-0.029132,0.022512,-0.021661,0.0033489,0.17192,-0.018738,-0.026858
15836,-0.028157,0.01894,-0.022311,-0.014516,0.2096,-0.049595,-0.014191
15837,-0.020362,0.027709,-0.010943,-0.0099683,0.24955,-0.086623,0.011144
15838,-0.0050961,0.039402,0.0046481,0.0091954,0.27196,-0.12008,0.048822
15839,0.013418,0.050121,0.01764,0.036479,0.27651,-0.14541,0.087799
15840,0.02706,0.057592,0.026735,0.063438,0.27456,-0.15841,0.11281
15841,0.034855,0.060515,0.029009,0.071234,0.27456,-0.16035,0.11346
15842,0.033231,0.056942,0.021863,0.05142,0.26969,-0.15256,0.089423
15843,0.025111,0.047198,0.0069217,0.008221,0.24923,-0.13664,0.051096
15844,0.015367,0.031282,-0.0080194,-0.034329,0.2122,-0.1256,0.0075714
15845,0.0088706,0.012768,-0.020362,-0.038227,0.16835,-0.13794,-0.035303
15846,0.0059473,-0.0037969,-0.027183,0.022512,0.13392,-0.18147,-0.070382
15847,0.0095202,-0.013866,-0.027833,0.14886,0.12743,-0.23798,-0.090845
15848,0.020239,-0.008669,-0.022636,0.29892,0.16348,-0.27014,-0.09117
15849,0.031607,0.0065969,-0.016464,0.40449,0.23331,-0.25195,-0.070707
15850,0.034855,0.01829,-0.019712,0.39767,0.29827,-0.17887,-0.038551
15851,0.021538,0.016666,-0.039851,0.26352,0.31939,-0.069083,-0.0080194
15852,-0.0063954,-0.0011985,-0.071682,0.054344,0.28138,0.051096,0.012768
15853,-0.036278,-0.020362,-0.10026,-0.14509,0.19109,0.15958,0.017965
15854,-0.054792,-0.027833,-0.10514,-0.2591,0.064088,0.23559,0.009845
15855,-0.052518,-0.01614,-0.078827,-0.2565,-0.075904,0.26417,-0.007045
15856,-0.034004,0.0095202,-0.028807,-0.15418,-0.2029,0.24338,-0.025234
15857,-0.0099683,0.032582,0.029009,0.0010752,-0.29742,0.18297,-0.0405
15858,0.0078962,0.0433,0.083576,0.15114,-0.35719,0.10436,-0.047646
15859,0.016666,0.038428,0.12288,0.25053,-0.3848,0.027709,-0.046022
15860,0.01894,0.024461,0.13652,0.26839,-0.37927,-0.031406,-0.038876
15861,0.021213,0.010819,0.11573,0.19596,-0.32243,-0.072656,-0.029782
15862,0.027385,0.009845,0.066037,0.057267,-0.19966,-0.096367,-0.023285
15863,0.032257,0.021863,0.0046481,-0.10449,-0.034004,-0.10676,-0.015165
15864,0.028359,0.040702,-0.046022,-0.24643,0.12678,-0.11163,-0.0073698
15865,0.014068,0.06019,-0.073631,-0.33543,0.24078,-0.1178,-0.0050961
15866,-0.0021729,0.079679,-0.074605,-0.36596,0.28658,-0.13762,-0.010293
15867,-0.014516,0.092346,-0.055116,-0.34744,0.26904,-0.18439,-0.01484
15868,-0.020037,0.094295,-0.02361,-0.29645,0.2057,-0.26169,-0.011917
15869,-0.021661,0.087149,0.010495,-0.22889,0.11931,-0.35329,-0.0021729
15870,-0.021986,0.075781,0.045249,-0.1662,0.028684,-0.43059,0.014068
15871,-0.020687,0.06961,0.07708,-0.12138,-0.056091,-0.46925,0.031282
15872,-0.01614,0.070909,0.099492,-0.098965,-0.1256,-0.4608,0.041676
15873,-0.0080194,0.079029,0.10989,-0.091495,-0.16555,-0.40851,0.0433
15874,0.00010078,0.091047,0.11313,-0.090196,-0.15905,-0.31854,0.038428
15875,0.0075714,0.10047,0.11151,-0.091495,-0.09994,-0.20485,0.026735
15876,0.011144,0.099167,0.10631,-0.096367,0.0072465,-0.0837,0.0091954
15877,0.016991,0.083901,0.098193,-0.089221,0.14074,0.02641,-0.011592
15878,0.027385,0.063438,0.090072,-0.057065,0.26969,0.10826,-0.026858
15879,0.041351,0.047847,0.084876,0.0091954,0.35024,0.15601,-0.029132
15880,0.050446,0.042001,0.085525,0.099492,0.35252,0.16803,-0.022311
15881,0.048822,0.04395,0.089423,0.19304,0.28496,0.15244,-0.019388
15882,0.041351,0.048172,0.089098,0.26514,0.18881,0.1297,-0.028157
15883,0.030633,0.047523,0.078704,0.29697,0.11866,0.12515,-0.046022
15884,0.021538,0.040377,0.067011,0.28431,0.10794,0.15211,-0.064536
15885,0.018615,0.033881,0.058891,0.23754,0.16738,0.20473,-0.069733
15886,0.024786,0.032906,0.059216,0.1768,0.27489,0.27099,-0.053168
15887,0.039727,0.031607,0.062139,0.12353,0.38013,0.33335,-0.01484
15888,0.056292,0.018615,0.06084,0.088773,0.43534,0.37525,0.031282
15889,0.065712,-0.008669,0.048172,0.064088,0.4282,0.38597,0.072533
15890,0.063113,-0.04992,0.024137,0.041027,0.37915,0.35836,0.096244
15891,0.046873,-0.090845,-0.007045,0.017965,0.32134,0.29795,0.10339
15892,0.018615,-0.11813,-0.040825,-0.0060706,0.27944,0.22129,0.095594
15893,-0.01549,-0.1256,-0.069083,-0.034004,0.25345,0.15341,0.076106
15894,-0.047321,-0.11878,-0.087922,-0.063561,0.22747,0.11866,0.054019
15895,-0.069733,-0.10579,-0.09994,-0.086948,0.18784,0.13327,0.042651
15896,-0.076229,-0.089221,-0.10286,-0.09929,0.13749,0.18881,0.051096
15897,-0.065835,-0.07428,-0.095717,-0.095068,0.0852,0.2502,0.074482
15898,-0.043099,-0.063237,-0.078178,-0.073955,0.036804,0.26872,0.10209
15899,-0.018738,-0.051544,-0.052843,-0.043423,-0.008669,0.20993,0.12678
15900,0.00042559,-0.035628,-0.026858,-0.0089938,-0.057715,0.083576,0.14951
15901,0.015042,-0.010943,-0.0024977,0.026085,-0.12463,-0.06616,0.17517
15902,0.028034,0.021863,0.019589,0.061165,-0.21557,-0.18894,0.20213
15903,0.042651,0.057267,0.038428,0.10014,-0.31951,-0.26657,0.22454
15904,0.058241,0.088124,0.053694,0.14009,-0.40818,-0.31366,0.23104
15905,0.075131,0.10436,0.065387,0.1755,-0.4621,-0.34874,0.2122
15906,0.093645,0.10989,0.073507,0.20083,-0.4634,-0.3705,0.169
15907,0.11313,0.11216,0.078055,0.21058,-0.40623,-0.37798,0.11346
15908,0.13165,0.11866,0.079679,0.2135,-0.30522,-0.37927,0.055643
15909,0.14529,0.12743,0.080328,0.22162,-0.19316,-0.39584,0.0043233
15910,0.14854,0.13652,0.082927,0.22812,-0.10644,-0.44554,-0.038227
15911,0.13912,0.14172,0.083251,0.22129,-0.077528,-0.52641,-0.079802
15912,0.12028,0.14009,0.077405,0.19823,-0.11196,-0.61119,-0.1308
15913,0.092346,0.13165,0.063438,0.16413,-0.18861,-0.6651,-0.18731
15914,0.064413,0.11801,0.047198,0.1323,-0.27599,-0.65698,-0.23506
15915,0.037454,0.10339,0.032257,0.11346,-0.34874,-0.58813,-0.26462
15916,0.0088706,0.087149,0.018615,0.10566,-0.39227,-0.47867,-0.27664
15917,-0.021986,0.070584,0.0046481,0.098193,-0.40493,-0.35199,-0.27339
15918,-0.046671,0.054019,-0.008669,0.082602,-0.39649,-0.23636,-0.25682
15919,-0.05804,0.045249,-0.019388,0.06084,-0.37018,-0.15386,-0.23149
15920,-0.053817,0.049147,-0.026209,0.032906,-0.32178,-0.10871,-0.19868
15921,-0.038876,0.065062,-0.03173,0.00010078,-0.25195,-0.085648,-0.1623
15922,-0.014516,0.084226,-0.032705,-0.030106,-0.16198,-0.053817,-0.12398
15923,0.012119,0.10339,-0.028807,-0.047646,-0.042449,0.013418,-0.079802
15924,0.03453,0.12093,-0.021337,-0.050244,0.10729,0.12678,-0.025234
15925,0.050121,0.13977,-0.011917,-0.044073,0.26872,0.27229,0.038753
15926,0.058241,0.15666,-0.00022403,-0.039851,0.40124,0.40546,0.099492
15927,0.059216,0.1651,0.008221,-0.041799,0.45516,0.47399,0.14561
15928,0.053044,0.15471,0.012443,-0.040175,0.39961,0.45256,0.17582
15929,0.049472,0.1245,0.016016,-0.026858,0.25248,0.35901,0.19336
15930,0.058566,0.080653,0.022512,0.0010752,0.078379,0.24468,0.19726
15931,0.07708,0.028359,0.029658,0.036479,-0.039201,0.16413,0.19336
15932,0.09462,-0.021337,0.034855,0.066686,-0.050244,0.169,0.19076
15933,0.10371,-0.051544,0.039402,0.090072,0.043625,0.27326,0.19758
15934,0.10696,-0.053817,0.045249,0.10371,0.18979,0.43957,0.21252
15935,0.11118,-0.027183,0.053044,0.10566,0.30574,0.59158,0.22779
15936,0.12288,0.01764,0.064413,0.092671,0.32069,0.64549,0.23039
15937,0.13652,0.067661,0.073832,0.066037,0.2174,0.56981,0.21545
15938,0.13782,0.10859,0.076755,0.025111,0.027385,0.3837,0.18459
15939,0.11801,0.12905,0.070584,-0.021661,-0.18764,0.14821,0.14334
15940,0.080328,0.12483,0.051745,-0.062262,-0.36531,-0.058365,0.10144
15941,0.032257,0.098842,0.021538,-0.0824,-0.47607,-0.18569,0.064737
15942,-0.017439,0.055968,-0.017439,-0.081101,-0.52349,-0.23376,0.031282
15943,-0.056416,0.0049729,-0.056741,-0.064861,-0.53486,-0.22889,-0.00054884
15944,-0.084024,-0.046996,-0.087597,-0.045697,-0.53323,-0.19186,-0.037902
15945,-0.10254,-0.095393,-0.10579,-0.026533,-0.52674,-0.13729,-0.088896
15946,-0.1178,-0.13762,-0.10741,-0.0050961,-0.51569,-0.075255,-0.15483
15947,-0.13112,-0.16685,-0.088572,0.016991,-0.48679,-0.018738,-0.22304
15948,-0.13762,-0.1727,-0.053168,0.04395,-0.40526,0.016341,-0.27404
15949,-0.13145,-0.14801,-0.0099683,0.07708,-0.23896,0.02641,-0.29482
15950,-0.11293,-0.095393,0.03453,0.11606,0.023812,0.029009,-0.27793
15951,-0.0824,-0.024909,0.070584,0.15373,0.35771,0.051745,-0.21752
15952,-0.0405,0.043625,0.090397,0.18816,0.73287,0.11801,-0.12235
15953,0.0091954,0.092996,0.094295,0.21512,1.1295,0.23071,-0.012892
15954,0.057917,0.11118,0.086824,0.21805,1.517,0.36259,0.084226
15955,0.093645,0.10274,0.075131,0.18167,1.8424,0.46847,0.14789
15956,0.10989,0.078055,0.065062,0.10826,2.0107,0.51525,0.17452
15957,0.10956,0.055318,0.06084,0.025111,1.9408,0.49576,0.17972
15958,0.10696,0.050121,0.066686,-0.031406,1.6238,0.42527,0.18167
15959,0.11021,0.06896,0.081303,-0.043099,1.146,0.33238,0.18979
15960,0.11703,0.10274,0.096244,-0.019063,0.63932,0.25248,0.19888
15961,0.12418,0.13327,0.10274,0.020888,0.2161,0.20246,0.2044
15962,0.1284,0.14854,0.096244,0.059216,-0.07493,0.169,0.21058
15963,0.1297,0.14139,0.081303,0.084226,-0.23733,0.1297,0.2174
15964,0.12678,0.11216,0.063113,0.0865,-0.30977,0.072858,0.21772
15965,0.11346,0.065062,0.047198,0.065712,-0.33315,0.0020496,0.20148
15966,0.088448,0.010495,0.040052,0.035505,-0.33737,-0.064861,0.17062
15967,0.054344,-0.044398,0.042975,0.01017,-0.33705,-0.10903,0.13425
15968,0.019264,-0.093769,0.054344,-0.00087364,-0.339,-0.11261,0.098517
15969,-0.0031473,-0.12755,0.072533,0.0023744,-0.33835,-0.067784,0.077405
15970,-0.0076946,-0.13404,0.086824,0.01764,-0.33932,0.016666,0.078055
15971,0.0033489,-0.11488,0.092671,0.036479,-0.35426,0.10729,0.092996
15972,0.01829,-0.080776,0.089748,0.051096,-0.39292,0.15211,0.10306
15973,0.020239,-0.046347,0.079354,0.057267,-0.44911,0.1206,0.092346
15974,0.0023744,-0.021986,0.061814,0.05272,-0.5014,0.02706,0.050446
15975,-0.030431,-0.015815,0.039078,0.031607,-0.53128,-0.088247,-0.021661
15976,-0.068109,-0.025559,0.020888,-0.0028225,-0.53811,-0.18244,-0.10611
15977,-0.097666,-0.045372,0.009845,-0.044073,-0.53583,-0.22921,-0.17952
15978,-0.11391,-0.063237,0.00075039,-0.084349,-0.54168,-0.22434,-0.22304
15979,-0.11391,-0.068758,-0.01549,-0.1178,-0.56149,-0.18829,-0.23019
15980,-0.10286,-0.063237,-0.039526,-0.13664,-0.58748,-0.13859,-0.20713
15981,-0.084024,-0.051544,-0.064536,-0.13404,-0.60989,-0.089221,-0.16458
15982,-0.061937,-0.038876,-0.080127,-0.11261,-0.61833,-0.048945,-0.11163
15983,-0.034654,-0.025234,-0.088247,-0.079802,-0.60144,-0.018088,-0.056091
15984,-0.0041217,-0.012567,-0.093119,-0.046347,-0.5537,0.013743,-0.011592
15985,0.026735,0.00010078,-0.097341,-0.029132,-0.47119,0.06019,0.019264
15986,0.051096,0.012768,-0.10384,-0.035303,-0.36596,0.13749,0.037129
15987,0.069934,0.024137,-0.10838,-0.060963,-0.26137,0.24533,0.045249
15988,0.081303,0.029009,-0.11033,-0.094743,-0.17952,0.37233,0.050446
15989,0.081303,0.025761,-0.10709,-0.12105,-0.12463,0.49706,0.054019
15990,0.069285,0.018615,-0.10026,-0.1321,-0.097991,0.58735,0.051745
15991,0.046873,0.0095202,-0.089546,-0.13112,-0.096042,0.61853,0.03583
15992,0.016341,0.0033489,-0.075579,-0.12463,-0.11261,0.58281,0.0049729
15993,-0.015815,0.00075039,-0.062262,-0.12073,-0.14087,0.48536,-0.038551
15994,-0.04927,-0.0034721,-0.056416,-0.12495,-0.16523,0.3444,-0.086623
15995,-0.080127,-0.013866,-0.060963,-0.13664,-0.1688,0.17745,-0.12657
15996,-0.10254,-0.031081,-0.070058,-0.14964,-0.14281,-0.0057458,-0.14606
15997,-0.11163,-0.050569,-0.075904,-0.15223,-0.095717,-0.20745,-0.1308
15998,-0.10449,-0.065835,-0.071357,-0.13664,-0.053168,-0.42735,-0.083375
15999,-0.081101,-0.071357,-0.055766,-0.10254,-0.045697,-0.65731,-0.016464
16000,-0.045697,-0.06616,-0.034329,-0.059014,-0.088896,-0.87623,0.048172
16001,-0.0041217,-0.047971,-0.007045,-0.01549,-0.17432,-1.0584,0.083901
16002,0.030957,-0.017439,0.02641,0.022837,-0.26494,-1.1767,0.07773
16003,0.044275,0.01829,0.056942,0.051096,-0.32081,-1.2043,0.042326
16004,0.034855,0.050446,0.076106,0.069285,-0.32048,-1.1263,-0.00022403
16005,0.012119,0.067336,0.083576,0.080978,-0.28151,-0.95223,-0.040175
16006,-0.014516,0.067661,0.083576,0.090722,-0.23733,-0.7135,-0.067459
16007,-0.032055,0.055318,0.078704,0.10014,-0.21297,-0.45885,-0.077853
16008,-0.034978,0.042975,0.073182,0.10859,-0.20323,-0.22694,-0.067134
16009,-0.02361,0.038103,0.06896,0.11801,-0.16685,-0.036278,-0.040825
16010,-0.0060706,0.040052,0.06896,0.12678,-0.050569,0.1206,-0.0060706
16011,0.010495,0.04395,0.071234,0.13132,0.17192,0.26417,0.037129
16012,0.025111,0.046223,0.071558,0.12807,0.46652,0.40416,0.080328
16013,0.03453,0.046873,0.065062,0.11736,0.75463,0.52402,0.10891
16014,0.041351,0.05142,0.053044,0.093321,0.96251,0.5984,0.11833
16015,0.046548,0.057917,0.038428,0.061814,1.0486,0.60944,0.11183
16016,0.053044,0.064413,0.02641,0.031932,1.0197,0.54513,0.092346
16017,0.058241,0.071883,0.015367,0.014392,0.91476,0.41261,0.053369
16018,0.059865,0.077405,0.0039985,0.012119,0.78126,0.24793,0.0023744
16019,0.056617,0.078055,-0.0047713,0.01764,0.65394,0.090397,-0.045697
16020,0.053044,0.073182,-0.0089938,0.022512,0.54188,-0.029782,-0.076229
16021,0.048172,0.065387,-0.008669,0.027385,0.43859,-0.11391,-0.085973
16022,0.042975,0.059865,-0.0060706,0.02706,0.32913,-0.17984,-0.075255
16023,0.039402,0.056942,-0.00054884,0.022188,0.20018,-0.2474,-0.052518
16024,0.040052,0.055968,0.0059473,0.022512,0.050446,-0.32146,-0.021986
16025,0.045899,0.058241,0.012768,0.032582,-0.11878,-0.39129,0.0091954
16026,0.053044,0.061489,0.021213,0.051096,-0.30229,-0.44034,0.037129
16027,0.059865,0.064413,0.036804,0.072858,-0.49426,-0.45788,0.06084
16028,0.064737,0.066686,0.058891,0.096244,-0.67842,-0.44683,0.086824
16029,0.069934,0.069285,0.0865,0.11703,-0.8431,-0.4189,0.11216
16030,0.070909,0.072858,0.11183,0.1362,-0.97562,-0.38252,0.12678
16031,0.066362,0.075781,0.12775,0.15309,-1.0623,-0.33672,0.1219
16032,0.057917,0.079029,0.13327,0.16445,-1.0822,-0.27209,0.097543
16033,0.047847,0.081952,0.1297,0.16608,-1.0133,-0.1675,0.067336
16034,0.036479,0.085525,0.11768,0.16348,-0.86064,-0.0093186,0.051096
16035,0.028359,0.088124,0.10209,0.16121,-0.65893,0.19174,0.058891
16036,0.028034,0.089098,0.089748,0.16023,-0.45236,0.39734,0.084876
16037,0.038753,0.0865,0.081952,0.15731,-0.27631,0.56039,0.11671
16038,0.058891,0.084226,0.073832,0.14886,-0.13729,0.65459,0.14756
16039,0.076755,0.081952,0.066686,0.1297,-0.012892,0.68642,0.17485
16040,0.084551,0.078055,0.056617,0.10112,0.13002,0.68122,0.20213
16041,0.081627,0.073182,0.042651,0.070909,0.30574,0.66173,0.22324
16042,0.06896,0.066362,0.02641,0.047847,0.49771,0.64354,0.23494
16043,0.049147,0.058891,0.01017,0.036154,0.65621,0.62373,0.23429
16044,0.029658,0.053369,-0.00054884,0.031932,0.72767,0.59385,0.22389
16045,0.014717,0.050446,-0.0037969,0.026085,0.69032,0.54935,0.2083
16046,0.011144,0.047523,0.0020496,0.015042,0.56202,0.49543,0.19563
16047,0.017316,0.0433,0.012443,0.0065969,0.39539,0.42657,0.18849
16048,0.030633,0.042001,0.023487,0.0056225,0.24501,0.34407,0.18979
16049,0.046873,0.046873,0.031932,0.01764,0.14009,0.2606,0.20343
16050,0.061814,0.057917,0.034206,0.041027,0.087474,0.19953,0.22714
16051,0.072533,0.068635,0.027709,0.063438,0.097543,0.1755,0.25313
16052,0.075456,0.071234,0.015042,0.074482,0.1768,0.17972,0.26352
16053,0.069285,0.065712,-0.0024977,0.067336,0.31159,0.17745,0.23721
16054,0.057592,0.059216,-0.020687,0.041351,0.45126,0.12872,0.16445
16055,0.046873,0.06019,-0.033679,0.0026992,0.5422,0.019264,0.065062
16056,0.042651,0.069934,-0.0405,-0.032705,0.56592,-0.12592,-0.02426
16057,0.047847,0.084876,-0.037902,-0.050894,0.54903,-0.24935,-0.078827
16058,0.054993,0.096893,-0.026209,-0.052193,0.53896,-0.29872,-0.095393
16059,0.053694,0.09462,-0.010943,-0.046022,0.55065,-0.25357,-0.089546
16060,0.03583,0.072208,-0.0011985,-0.038227,0.5552,-0.13697,-0.084674
16061,0.0039985,0.033881,-0.0037969,-0.035628,0.51817,-0.0089938,-0.10838
16062,-0.035303,-0.0054209,-0.020037,-0.035303,0.43274,0.066037,-0.17172
16063,-0.070382,-0.03173,-0.046347,-0.036278,0.32588,0.059216,-0.26592
16064,-0.089546,-0.038876,-0.075255,-0.041475,0.24143,-0.013541,-0.36823
16065,-0.090196,-0.031406,-0.10091,-0.052518,0.22,-0.11618,-0.46048
16066,-0.072981,-0.01549,-0.11521,-0.065186,0.27684,-0.21102,-0.52674
16067,-0.045697,0.00042559,-0.11228,-0.06681,0.38435,-0.26754,-0.54947
16068,-0.017114,0.0095202,-0.094093,-0.043748,0.48212,-0.27761,-0.51602
16069,0.0072465,0.011794,-0.061937,0.0043233,0.5159,-0.24221,-0.42962
16070,0.024786,0.011794,-0.021012,0.071558,0.46945,-0.17757,-0.30944
16071,0.033881,0.013093,0.024137,0.14399,0.37948,-0.10221,-0.18179
16072,0.034855,0.020564,0.065062,0.20635,0.30022,-0.03303,-0.06616
16073,0.02706,0.031932,0.089098,0.25053,0.2619,0.016991,0.022837
16074,0.0085458,0.035505,0.086824,0.26969,0.25378,0.036154,0.081303
16075,-0.015815,0.023162,0.057592,0.2554,0.23981,0.0062721,0.10631
16076,-0.037577,-0.0050961,0.009845,0.20343,0.18849,-0.094093,0.10112
16077,-0.050894,-0.038876,-0.035303,0.12483,0.089423,-0.26884,0.073507
16078,-0.05739,-0.064211,-0.060638,0.040052,-0.047321,-0.48321,0.040702
16079,-0.055766,-0.075255,-0.062587,-0.030431,-0.18829,-0.67777,0.019914
16080,-0.043099,-0.070707,-0.04992,-0.081751,-0.27664,-0.79438,0.019264
16081,-0.020687,-0.05804,-0.034978,-0.11943,-0.26332,-0.79633,0.036804
16082,0.0033489,-0.045372,-0.025559,-0.15386,-0.13275,-0.67875,0.064088
16083,0.022188,-0.036278,-0.024909,-0.19186,0.076755,-0.47574,0.089748
16084,0.032257,-0.029132,-0.027833,-0.23863,0.28398,-0.2513,0.099817
16085,0.033556,-0.022636,-0.02426,-0.29093,0.40059,-0.076554,0.089098
16086,0.021863,-0.01484,-0.011917,-0.34257,0.37883,0.0020496,0.062789
16087,-0.0044465,-0.013541,0.0075714,-0.37733,0.23689,-0.022961,0.028684
16088,-0.039851,-0.025234,0.029333,-0.37343,0.047198,-0.11196,-0.0083442
16089,-0.076879,-0.046671,0.045574,-0.30782,-0.11715,-0.19089,-0.046347
16090,-0.10124,-0.071682,0.046223,-0.16458,-0.23246,-0.18114,-0.079477
16091,-0.10546,-0.092469,0.031932,0.045249,-0.32925,-0.035628,-0.095068
16092,-0.086298,-0.10026,0.012443,0.27002,-0.45073,0.22552,-0.08305
16093,-0.050244,-0.089871,0.003024,0.44411,-0.60989,0.52077,-0.04115
16094,-0.0093186,-0.064861,0.016991,0.53441,-0.77846,0.74911,0.021538
16095,0.025111,-0.032055,0.053369,0.54513,-0.90384,0.84135,0.092671
16096,0.048497,-0.0044465,0.098193,0.5042,-0.93242,0.79068,0.15958
16097,0.063763,0.015367,0.1349,0.43729,-0.82816,0.64517,0.20765
16098,0.06896,0.030957,0.15309,0.35771,-0.59754,0.47497,0.22812
16099,0.063113,0.042326,0.15179,0.27002,-0.30229,0.34245,0.22779
16100,0.045574,0.045249,0.1349,0.17972,-0.038227,0.27132,0.2148
16101,0.024137,0.03583,0.11151,0.098193,0.11541,0.23851,0.19011
16102,0.008221,0.011794,0.089098,0.030308,0.13327,0.19531,0.15601
16103,0.003024,-0.019388,0.073182,-0.017439,0.054668,0.10956,0.11248
16104,0.01017,-0.046671,0.065062,-0.042449,-0.058689,-0.022961,0.063113
16105,0.028359,-0.054467,0.066037,-0.044723,-0.16003,-0.17562,0.012768
16106,0.05272,-0.035628,0.070259,-0.023285,-0.22239,-0.31009,-0.028807
16107,0.074806,0.0043233,0.073832,0.0069217,-0.24805,-0.39487,-0.054142
16108,0.088124,0.050446,0.076755,0.030633,-0.24935,-0.41923,-0.068758
16109,0.087149,0.085525,0.078055,0.037778,-0.23506,-0.39519,-0.079477
16110,0.073507,0.10144,0.076431,0.029009,-0.22174,-0.35004,-0.085648
16111,0.053694,0.095269,0.072533,0.013743,-0.23149,-0.31236,-0.081426
16112,0.038753,0.077405,0.065712,0.00075039,-0.27144,-0.30067,-0.064861
16113,0.03453,0.062464,0.059216,-0.0041217,-0.31529,-0.32276,-0.045372
16114,0.039078,0.057917,0.054344,0.00075039,-0.31724,-0.36076,-0.032055
16115,0.052395,0.065062,0.05207,0.016666,-0.23961,-0.37083,-0.02426
16116,0.067661,0.076431,0.049472,0.036154,-0.090521,-0.30489,-0.011917
16117,0.081627,0.086175,0.04395,0.05142,0.075781,-0.15288,0.01764
16118,0.097218,0.09397,0.036154,0.053044,0.20051,0.055968,0.073182
16119,0.11476,0.10209,0.025436,0.029333,0.25378,0.26904,0.14529
16120,0.13035,0.11411,0.015042,-0.016789,0.24403,0.43664,0.20733
16121,0.14107,0.12905,0.0059473,-0.069408,0.20343,0.53993,0.24111
16122,0.14464,0.14399,-0.0028225,-0.11553,0.16348,0.5919,0.24338
16123,0.14172,0.15244,-0.015815,-0.14249,0.13262,0.61139,0.22584
16124,0.14009,0.15341,-0.029132,-0.14931,0.11411,0.60911,0.20895
16125,0.14237,0.14886,-0.039201,-0.14346,0.11086,0.58735,0.2083
16126,0.14789,0.13977,-0.0405,-0.13307,0.1258,0.55487,0.22584
16127,0.15373,0.13067,-0.034978,-0.1217,0.14659,0.52856,0.2515
16128,0.15406,0.1219,-0.024585,-0.11001,0.15471,0.52109,0.27294
16129,0.14269,0.11183,-0.0073698,-0.092145,0.14724,0.52564,0.27879
16130,0.11995,0.094945,0.016341,-0.063237,0.13749,0.53246,0.26319
16131,0.090397,0.067336,0.041351,-0.02361,0.13749,0.54026,0.22941
16132,0.06084,0.030308,0.062464,0.020239,0.14172,0.55097,0.18199
16133,0.036154,-0.010618,0.075131,0.058241,0.12872,0.55357,0.13035
16134,0.019589,-0.046022,0.076106,0.080653,0.087799,0.52661,0.08585
16135,0.0091954,-0.069083,0.06831,0.0852,0.020239,0.46295,0.053694
16136,0.00042559,-0.073955,0.056942,0.080328,-0.059989,0.36746,0.023487
16137,-0.0099683,-0.059339,0.047523,0.07708,-0.13924,0.25183,-0.016789
16138,-0.022961,-0.031081,0.042326,0.078379,-0.21005,0.13327,-0.072331
16139,-0.0405,0.0046481,0.043625,0.083901,-0.26397,0.035505,-0.13534
16140,-0.059989,0.04395,0.050446,0.091696,-0.28476,-0.016789,-0.18699
16141,-0.076554,0.080978,0.058241,0.10112,-0.25617,-0.020687,-0.21362
16142,-0.087597,0.10924,0.061165,0.11378,-0.17335,0.0075714,-0.212
16143,-0.088896,0.12807,0.059216,0.131,-0.042449,0.050446,-0.18407
16144,-0.07428,0.13847,0.057592,0.16056,0.12158,0.097218,-0.13859
16145,-0.045697,0.13717,0.061814,0.19921,0.28008,0.14009,-0.082076
16146,-0.01614,0.12872,0.064413,0.22032,0.37623,0.16185,-0.02426
16147,-0.00087364,0.11021,0.050446,0.18492,0.35512,0.14432,0.01829
16148,-0.0060706,0.074482,0.010495,0.073182,0.2044,0.081303,0.032906
16149,-0.022961,0.021863,-0.045697,-0.093769,-0.030756,-0.014191,0.022188
16150,-0.040175,-0.039201,-0.10026,-0.26689,-0.26169,-0.11845,0.0046481
16151,-0.050569,-0.095068,-0.13502,-0.38415,-0.39746,-0.21492,-0.0067202
16152,-0.055116,-0.13567,-0.14509,-0.40234,-0.39909,-0.30067,-0.016464
16153,-0.060638,-0.15711,-0.13437,-0.31886,-0.29288,-0.37862,-0.03238
16154,-0.072656,-0.161,-0.11163,-0.1675,-0.15321,-0.44911,-0.055766
16155,-0.089546,-0.15548,-0.087272,-0.0024977,-0.050894,-0.50465,-0.077203
16156,-0.098641,-0.14476,-0.066485,0.12548,-0.01484,-0.53648,-0.084999
16157,-0.087597,-0.1282,-0.054142,0.19628,-0.030756,-0.542,-0.074605
16158,-0.052518,-0.10351,-0.050244,0.21285,-0.073306,-0.51959,-0.046347
16159,-0.0067202,-0.074605,-0.051868,0.18751,-0.11488,-0.47412,-0.0054209
16160,0.031932,-0.045697,-0.053817,0.1362,-0.13957,-0.4202,0.038428
16161,0.05207,-0.022311,-0.054142,0.078379,-0.14996,-0.37668,0.074482
16162,0.047523,-0.0050961,-0.047646,0.032257,-0.15321,-0.35816,0.088773
16163,0.024461,0.0075714,-0.032705,0.0065969,-0.15905,-0.36856,0.080978
16164,-0.0054209,0.021538,-0.014516,0.0026992,-0.16685,-0.39746,0.057917
16165,-0.032055,0.046548,0.0026992,0.012119,-0.17302,-0.428,0.02641
16166,-0.04927,0.0865,0.015692,0.020239,-0.1727,-0.4543,-0.010618
16167,-0.057715,0.13067,0.024786,0.013093,-0.1597,-0.48581,-0.058689
16168,-0.059339,0.16185,0.028359,-0.0093186,-0.13015,-0.53648,-0.11651
16169,-0.056741,0.1651,0.024461,-0.034978,-0.075579,-0.60047,-0.1753
16170,-0.053168,0.13652,0.016341,-0.054792,0.0056225,-0.64919,-0.21785
16171,-0.051219,0.08585,0.0078962,-0.060313,0.10209,-0.64627,-0.23311
16172,-0.052518,0.034206,0.0020496,-0.049595,0.18719,-0.57189,-0.22304
16173,-0.056416,0.0036737,0.00010078,-0.034004,0.24468,-0.42215,-0.19251
16174,-0.057715,0.0017248,0.0010752,-0.022311,0.27034,-0.21005,-0.14606
16175,-0.047321,0.020888,0.0072465,-0.013216,0.27099,0.047847,-0.085648
16176,-0.019388,0.050446,0.021213,-0.0018481,0.24143,0.32881,-0.0096434
16177,0.01764,0.076431,0.041676,0.012768,0.17647,0.59158,0.074482
16178,0.057267,0.089098,0.063113,0.024786,0.075456,0.79848,0.15049
16179,0.094295,0.087149,0.083251,0.033881,-0.043748,0.9362,0.20863
16180,0.12418,0.080978,0.096244,0.047523,-0.16035,0.99953,0.2476
16181,0.13944,0.07773,0.10014,0.069285,-0.26981,0.97485,0.26222
16182,0.13749,0.074157,0.098842,0.092021,-0.38415,0.85369,0.2515
16183,0.12548,0.066686,0.092346,0.10826,-0.49231,0.66985,0.21707
16184,0.10501,0.055318,0.084226,0.11963,-0.53875,0.49121,0.16608
16185,0.080003,0.044924,0.076755,0.13165,-0.46048,0.37525,0.11086
16186,0.057917,0.038753,0.070909,0.14854,-0.23766,0.32134,0.059865
16187,0.046873,0.037129,0.065712,0.15893,0.055318,0.27911,0.014068
16188,0.047847,0.039078,0.061489,0.13912,0.28301,0.18492,-0.025234
16189,0.054993,0.040702,0.056617,0.079354,0.33887,-0.0047713,-0.053817
16190,0.066362,0.039727,0.05142,-0.0034721,0.20635,-0.28508,-0.064861
16191,0.079354,0.03518,0.051096,-0.068434,-0.034978,-0.59884,-0.056416
16192,0.096569,0.028359,0.057267,-0.0837,-0.25195,-0.85707,-0.031406
16193,0.11541,0.022188,0.070259,-0.042774,-0.31756,-0.98407,0.0010752
16194,0.12807,0.01894,0.083576,0.037454,-0.1623,-0.95483,0.029333
16195,0.12905,0.022837,0.093321,0.12775,0.18881,-0.8012,0.037454
16196,0.11638,0.031282,0.096893,0.19531,0.62893,-0.59397,0.019589
16197,0.092021,0.037778,0.093321,0.22227,1.0223,-0.40201,-0.018738
16198,0.06084,0.038753,0.084226,0.21025,1.272,-0.25812,-0.063237
16199,0.032257,0.037129,0.071883,0.17225,1.3549,-0.15646,-0.090196
16200,0.013093,0.034206,0.060515,0.12807,1.3094,-0.073955,-0.087922
16201,0.008221,0.029333,0.054993,0.095919,1.1847,0.0017248,-0.062262
16202,0.014392,0.025436,0.052395,0.078704,1.0073,0.063113,-0.030756
16203,0.023487,0.021213,0.049796,0.067986,0.78646,0.091047,-0.0099683
16204,0.027709,0.016991,0.041351,0.058241,0.53863,0.073832,-0.0060706
16205,0.02641,0.012768,0.024137,0.048497,0.28885,0.026735,-0.019388
16206,0.021213,0.011469,0.0036737,0.037778,0.067011,-0.020687,-0.045697
16207,0.013418,0.012443,-0.017439,0.023162,-0.087922,-0.032055,-0.072981
16208,0.0039985,0.016666,-0.035303,0.0065969,-0.12657,0.022512,-0.0824
16209,-0.0073698,0.024786,-0.043099,-0.0067202,-0.014516,0.15698,-0.061937
16210,-0.012567,0.037778,-0.034004,-0.0099683,0.22292,0.35382,-0.0057458
16211,-0.0028225,0.05207,-0.013541,-0.0037969,0.48244,0.56202,0.072858
16212,0.024137,0.06084,0.0091954,0.0065969,0.64387,0.71403,0.15244
16213,0.058891,0.064413,0.02706,0.017965,0.63348,0.75268,0.21642
16214,0.090397,0.064413,0.038428,0.035505,0.46263,0.65556,0.25735
16215,0.10729,0.055968,0.044599,0.057267,0.20018,0.44736,0.27132
16216,0.10242,0.041676,0.039727,0.070259,-0.081101,0.18297,0.25832
16217,0.083901,0.029009,0.023487,0.055968,-0.31756,-0.068758,0.22324
16218,0.065387,0.024461,0.00042559,0.015367,-0.46307,-0.25098,0.18232
16219,0.059865,0.032257,-0.019712,-0.032705,-0.50368,-0.3338,0.15341
16220,0.068635,0.049472,-0.029782,-0.071682,-0.47087,-0.32016,0.14139
16221,0.081627,0.070909,-0.028157,-0.094418,-0.42962,-0.24188,0.13912
16222,0.085525,0.084551,-0.020687,-0.10026,-0.44034,-0.14704,0.13132
16223,0.074482,0.087799,-0.011917,-0.093444,-0.51732,-0.075579,0.10729
16224,0.049472,0.082602,-0.00054884,-0.070382,-0.62028,-0.040825,0.067986
16225,0.022512,0.071883,0.011144,-0.026858,-0.68199,-0.031406,0.02641
16226,0.010819,0.059865,0.022837,0.038428,-0.65049,-0.025559,0.0026992
16227,0.014717,0.047847,0.033231,0.11346,-0.52186,-0.0080194,0.003024
16228,0.025436,0.036479,0.036479,0.16965,-0.33575,0.019264,0.019264
16229,0.036154,0.02641,0.023812,0.19044,-0.14899,0.044924,0.03583
16230,0.04395,0.01829,-0.0024977,0.18394,-0.0015233,0.059865,0.0433
16231,0.050771,0.012443,-0.031406,0.16835,0.093321,0.052395,0.042326
16232,0.054993,0.0085458,-0.053492,0.14399,0.14107,0.019589,0.036479
16233,0.05207,0.0056225,-0.067784,0.098842,0.169,-0.030431,0.036479
16234,0.045899,0.003024,-0.07428,0.039727,0.22552,-0.064861,0.044924
16235,0.041676,0.0065969,-0.072981,-0.008669,0.33855,-0.039526,0.063763
16236,0.042651,0.019264,-0.064861,-0.027833,0.49933,0.069934,0.087474
16237,0.045899,0.040702,-0.054142,-0.015165,0.66141,0.2541,0.10826
16238,0.046548,0.062789,-0.044398,0.019914,0.76567,0.48082,0.12288
16239,0.041676,0.076755,-0.036927,0.049147,0.7595,0.69746,0.1271
16240,0.029333,0.074482,-0.035303,0.053044,0.62113,0.8524,0.11606
16241,0.010819,0.055318,-0.035953,0.032257,0.37071,0.92255,0.091047
16242,-0.010293,0.025111,-0.03303,0.0033489,0.070259,0.90631,0.06084
16243,-0.023935,-0.0050961,-0.021012,-0.017439,-0.20908,0.82219,0.03583
16244,-0.032705,-0.029782,-0.0037969,-0.018738,-0.41273,0.69551,0.020564
16245,-0.044073,-0.047321,0.01017,-0.0089938,-0.52511,0.54318,0.0062721
16246,-0.061613,-0.066485,0.010819,-0.0024977,-0.56896,0.38825,-0.011592
16247,-0.085324,-0.087597,-0.00087364,-0.008669,-0.58488,0.2593,-0.029782
16248,-0.10319,-0.10871,-0.020037,-0.021661,-0.60794,0.17972,-0.041475
16249,-0.10741,-0.12008,-0.04115,-0.029132,-0.65536,0.13555,-0.035303
16250,-0.094743,-0.11943,-0.057715,-0.024909,-0.7148,0.096569,-0.007045
16251,-0.067459,-0.10774,-0.063561,-0.0096434,-0.7619,0.022512,0.037129
16252,-0.037902,-0.09182,-0.055441,0.010495,-0.76709,-0.11456,0.076106
16253,-0.016789,-0.07493,-0.034329,0.030308,-0.71675,-0.31236,0.095919
16254,-0.008669,-0.055116,-0.010293,0.04395,-0.61703,-0.54265,0.092021
16255,-0.011592,-0.032705,0.012443,0.05142,-0.49361,-0.77197,0.066686
16256,-0.017439,-0.0083442,0.030633,0.050771,-0.38577,-0.97919,0.023162
16257,-0.021986,0.01764,0.044275,0.039402,-0.32146,-1.1523,-0.030756
16258,-0.023935,0.041676,0.054344,0.020564,-0.30359,-1.2757,-0.086298
16259,-0.025234,0.064088,0.06084,-0.00087364,-0.30814,-1.3397,-0.14152
16260,-0.027183,0.077405,0.063763,-0.017764,-0.30165,-1.3326,-0.20518
16261,-0.03238,0.078704,0.059541,-0.026858,-0.25195,-1.2442,-0.28281
16262,-0.044073,0.06961,0.047847,-0.035953,-0.14509,-1.0783,-0.36953
16263,-0.062587,0.048497,0.033556,-0.045047,0.00075039,-0.86519,-0.45138
16264,-0.079802,0.016991,0.021538,-0.052518,0.15049,-0.65211,-0.5092
16265,-0.086298,-0.022311,0.011469,-0.061288,0.27002,-0.47639,-0.53746
16266,-0.078503,-0.061937,0.0023744,-0.072331,0.34212,-0.33835,-0.53778
16267,-0.060313,-0.089221,-0.0073698,-0.082725,0.37363,-0.21102,-0.5079
16268,-0.041475,-0.095717,-0.01484,-0.089871,0.39084,-0.071682,-0.45008
16269,-0.028157,-0.080451,-0.01614,-0.087597,0.41391,0.072208,-0.3731
16270,-0.021986,-0.052843,-0.0080194,-0.072656,0.45873,0.19044,-0.28833
16271,-0.019063,-0.025234,0.0085458,-0.04927,0.52564,0.26352,-0.20193
16272,-0.013216,-0.0021729,0.028359,-0.025559,0.57761,0.29405,-0.1178
16273,-0.00087364,0.020888,0.050121,-0.0041217,0.56039,0.29892,-0.033679
16274,0.023812,0.05142,0.071558,0.023487,0.4308,0.29015,0.055643
16275,0.057267,0.092996,0.096569,0.055318,0.18816,0.26287,0.14886
16276,0.090072,0.13457,0.12483,0.087474,-0.12398,0.21285,0.23429
16277,0.11248,0.15926,0.14756,0.11118,-0.43839,0.15568,0.29892
16278,0.11963,0.15471,0.15893,0.11931,-0.69141,0.11086,0.33011
16279,0.11443,0.12515,0.15276,0.11313,-0.84862,0.080653,0.32783
16280,0.10209,0.082927,0.12937,0.096893,-0.91358,0.056942,0.29665
16281,0.090722,0.0433,0.096569,0.078704,-0.90839,0.033231,0.24793
16282,0.081627,0.019264,0.065712,0.065712,-0.85577,0.017965,0.19596
16283,0.075456,0.016666,0.046548,0.067661,-0.77002,0.027709,0.15114
16284,0.070584,0.035505,0.041351,0.084226,-0.66283,0.076431,0.1206
16285,0.065712,0.065712,0.044924,0.10047,-0.54947,0.15698,0.10664
16286,0.061814,0.093321,0.054993,0.098842,-0.44976,0.23948,0.10501
16287,0.059865,0.10826,0.064088,0.074482,-0.37018,0.2986,0.11346
16288,0.057267,0.10859,0.068635,0.036804,-0.30619,0.32783,0.13035
16289,0.054344,0.096893,0.068635,-0.0018481,-0.24123,0.33628,0.15438
16290,0.054993,0.076431,0.064413,-0.027833,-0.14314,0.3314,0.18589
16291,0.057267,0.051096,0.059865,-0.03238,0.016341,0.31581,0.21415
16292,0.056292,0.029658,0.058241,-0.013541,0.23721,0.28788,0.22389
16293,0.048172,0.013743,0.056942,0.014392,0.47529,0.23591,0.20311
16294,0.032906,0.0017248,0.054668,0.03583,0.66563,0.15861,0.15244
16295,0.013743,-0.007045,0.05142,0.047198,0.76989,0.078379,0.092671
16296,-0.00054884,-0.0099683,0.044924,0.054019,0.79003,0.024786,0.053369
16297,-0.0080194,-0.0034721,0.036154,0.06961,0.7543,0.016666,0.05142
16298,-0.0057458,0.012443,0.031932,0.091696,0.68512,0.036479,0.081952
16299,0.0049729,0.031607,0.038103,0.11086,0.59775,0.051745,0.12678
16300,0.021538,0.048822,0.046873,0.11736,0.49706,0.039078,0.15276
16301,0.038753,0.062139,0.050121,0.10826,0.38142,0.0033489,0.13555
16302,0.055318,0.067336,0.041676,0.083901,0.26384,-0.039526,0.080653
16303,0.065062,0.065387,0.028034,0.047198,0.1638,-0.072656,0.012768
16304,0.067336,0.063438,0.014392,0.003024,0.096893,-0.082076,-0.045047
16305,0.059216,0.064413,0.0056225,-0.039201,0.073507,-0.052518,-0.083375
16306,0.039402,0.062464,0.003024,-0.070707,0.092996,0.027385,-0.09929
16307,0.0062721,0.053369,0.0020496,-0.085648,0.14594,0.15016,-0.10026
16308,-0.037252,0.033556,-0.0024977,-0.08305,0.21415,0.28885,-0.093769
16309,-0.078827,0.011469,-0.010293,-0.062587,0.27196,0.41748,-0.084024
16310,-0.10351,-0.0050961,-0.020362,-0.028482,0.30282,0.52174,-0.072331
16311,-0.10189,-0.013541,-0.031081,0.0078962,0.30704,0.59093,-0.060313
16312,-0.081751,-0.013866,-0.040175,0.039078,0.2934,0.61399,-0.054142
16313,-0.058365,-0.011917,-0.043099,0.062789,0.27716,0.59028,-0.054792
16314,-0.041475,-0.0063954,-0.037902,0.077405,0.26807,0.53473,-0.056416
16315,-0.032055,0.00010078,-0.022961,0.082602,0.28008,0.47075,-0.049595
16316,-0.023935,0.0056225,-0.0057458,0.080653,0.32004,0.41488,-0.030106
16317,-0.013866,0.011469,0.010495,0.066362,0.37103,0.36876,-0.0024977
16318,0.003024,0.018615,0.01894,0.038428,0.42073,0.32881,0.031932
16319,0.024786,0.027709,0.016666,0.00042559,0.45775,0.29762,0.072208
16320,0.047523,0.039078,0.0052977,-0.034329,0.47042,0.27456,0.11151
16321,0.067336,0.049147,-0.0099683,-0.059339,0.45288,0.25897,0.14107
16322,0.082277,0.056617,-0.025559,-0.070058,0.41163,0.24793,0.15763
16323,0.088773,0.055643,-0.037577,-0.063886,0.36064,0.24241,0.16348
16324,0.083576,0.0433,-0.044723,-0.045047,0.31322,0.24858,0.16543
16325,0.06961,0.025436,-0.042124,-0.02426,0.27814,0.25897,0.17225
16326,0.053369,0.011794,-0.026209,-0.0034721,0.24793,0.25507,0.18199
16327,0.040052,0.0052977,-0.0044465,0.017965,0.2122,0.22617,0.18427
16328,0.030633,0.0065969,0.012119,0.034855,0.16835,0.17485,0.16738
16329,0.029983,0.010819,0.021538,0.042001,0.1258,0.11898,0.12775
16330,0.037129,0.015692,0.025111,0.039727,0.091372,0.079029,0.074806
16331,0.048172,0.020888,0.024786,0.033231,0.067661,0.061489,0.019914
16332,0.050121,0.020888,0.01894,0.026085,0.052395,0.055643,-0.027508
16333,0.034206,0.013418,0.013093,0.023162,0.037129,0.045899,-0.061613
16334,0.0043233,-0.00054884,0.0072465,0.023812,0.015367,0.023487,-0.078827
16335,-0.023285,-0.01549,0.0049729,0.024786,-0.023935,-0.0057458,-0.078827
16336,-0.038551,-0.023935,0.0072465,0.025436,-0.085324,-0.036927,-0.068109
16337,-0.039851,-0.02361,0.012119,0.027385,-0.16555,-0.072006,-0.055441
16338,-0.03173,-0.014516,0.016016,0.029983,-0.25162,-0.11196,-0.053168
16339,-0.025559,-0.0031473,0.015367,0.031607,-0.33055,-0.1623,-0.067459
16340,-0.025559,0.0065969,0.010495,0.029333,-0.39389,-0.21947,-0.096042
16341,-0.030756,0.01017,0.0033489,0.022512,-0.43482,-0.27469,-0.12235
16342,-0.037577,0.0069217,-0.00054884,0.013743,-0.4582,-0.31496,-0.13502
16343,-0.038876,0.00010078,0.00010078,0.0088706,-0.46697,-0.33153,-0.12755
16344,-0.03303,-0.0037969,0.008221,0.015692,-0.45495,-0.32925,-0.098965
16345,-0.022311,-0.0050961,0.01894,0.032582,-0.41435,-0.31301,-0.055116
16346,-0.010943,-0.0015233,0.027709,0.054668,-0.3429,-0.29093,-0.0067202
16347,0.0020496,0.0088706,0.038103,0.079029,-0.2552,-0.26981,0.041027
16348,0.022188,0.030308,0.054993,0.10339,-0.17107,-0.25422,0.0865
16349,0.054993,0.063113,0.076431,0.12093,-0.10286,-0.24708,0.1336
16350,0.092996,0.096893,0.098517,0.1284,-0.058365,-0.24253,0.18264
16351,0.12645,0.11898,0.11573,0.12678,-0.038551,-0.22304,0.23006
16352,0.14854,0.12613,0.12028,0.11573,-0.03303,-0.15646,0.26709
16353,0.15601,0.1219,0.10826,0.097218,-0.02426,-0.015815,0.28528
16354,0.14691,0.11021,0.082927,0.072533,0.0059473,0.18784,0.28138
16355,0.12515,0.092021,0.054993,0.048172,0.072533,0.41618,0.25443
16356,0.098193,0.069934,0.035505,0.031607,0.1651,0.62243,0.20473
16357,0.070259,0.046548,0.028684,0.021863,0.2463,0.77249,0.14204
16358,0.046548,0.028034,0.031607,0.017965,0.29308,0.84817,0.081627
16359,0.032582,0.021863,0.036154,0.016991,0.30542,0.83973,0.040702
16360,0.02706,0.031282,0.038103,0.016666,0.29275,0.75203,0.023162
16361,0.02641,0.053369,0.037129,0.014392,0.2593,0.60879,0.021213
16362,0.02706,0.080653,0.03453,0.012443,0.20408,0.43989,0.01894
16363,0.024786,0.10144,0.029009,0.013093,0.12645,0.27002,0.0062721
16364,0.014717,0.10696,0.01829,0.010819,0.031932,0.11995,-0.020037
16365,-0.0037969,0.095919,0.00042559,0.0046481,-0.062587,0.0091954,-0.052518
16366,-0.026209,0.070909,-0.021337,-0.0037969,-0.14054,-0.063237,-0.080776
16367,-0.048296,0.037129,-0.040825,-0.011592,-0.19381,-0.11845,-0.096042
16368,-0.064536,0.0052977,-0.053817,-0.016789,-0.23311,-0.19219,-0.092794
16369,-0.07493,-0.014516,-0.053168,-0.01614,-0.27891,-0.30619,-0.073306
16370,-0.078827,-0.016464,-0.037577,-0.0083442,-0.35102,-0.46892,-0.043748
16371,-0.072331,0.00042559,-0.008669,0.0059473,-0.45366,-0.67875,-0.014191
16372,-0.056091,0.026085,0.020564,0.022837,-0.57481,-0.91586,-0.0015233
16373,-0.031406,0.046873,0.040052,0.037454,-0.69271,-1.1351,-0.013541
16374,0.0049729,0.05272,0.044275,0.054344,-0.78691,-1.2858,-0.037902
16375,0.048822,0.045249,0.034206,0.070259,-0.84602,-1.3303,-0.051544
16376,0.091047,0.032906,0.01894,0.079679,-0.86551,-1.2563,-0.034978
16377,0.1245,0.023162,0.0056225,0.081303,-0.85317,-1.077,0.015692
16378,0.14659,0.021538,0.0010752,0.078704,-0.82069,-0.82004,0.087474
16379,0.15471,0.030957,0.010495,0.080653,-0.76644,-0.52219,0.1625
16380,0.14789,0.042001,0.029658,0.093321,-0.67258,-0.23993,0.21902
16381,0.13002,0.048172,0.046223,0.11508,-0.51115,-0.029782,0.23721
16382,0.11281,0.042975,0.053044,0.13912,-0.2448,0.084226,0.2161
16383,0.10501,0.02641,0.047847,0.15958,0.15666,0.1362,0.17842
16384,0.11216,0.003024,0.03518,0.17127,0.66563,0.17745,0.14854
16385,0.1206,-0.019063,0.017965,0.16933,1.1701,0.22747,0.13457
16386,0.12158,-0.038876,0.0036737,0.15146,1.5312,0.27456,0.12775
16387,0.11151,-0.050244,-0.0034721,0.12483,1.6576,0.29243,0.10891
16388,0.088448,-0.049595,-0.0047713,0.098517,1.5407,0.27229,0.068635
16389,0.057917,-0.039201,-0.0015233,0.079029,1.2548,0.24728,0.0091954
16390,0.027709,-0.017439,0.003024,0.064088,0.90404,0.27911,-0.054792
16391,0.0039985,0.019264,0.0039985,0.044599,0.57533,0.42722,-0.10156
16392,-0.0076946,0.06831,0.0010752,0.019589,0.31809,0.69616,-0.11033
16393,-0.0047713,0.11768,-0.0050961,-0.0080194,0.14854,1.0236,-0.075579
16394,0.0078962,0.14691,-0.013216,-0.035628,0.06084,1.3075,-0.0054209
16395,0.020239,0.14237,-0.022961,-0.058365,0.024137,1.4442,0.082277
16396,0.025436,0.099492,-0.03238,-0.067134,0.0017248,1.3747,0.16056
16397,0.016341,0.032582,-0.04115,-0.063237,-0.035953,1.1015,0.20408
16398,-0.007045,-0.034004,-0.045372,-0.053492,-0.096692,0.67505,0.2044
16399,-0.034004,-0.081426,-0.043748,-0.042449,-0.16912,0.1755,0.1703
16400,-0.052518,-0.09994,-0.037902,-0.034004,-0.22889,-0.2971,0.12028
16401,-0.057715,-0.090845,-0.029132,-0.027508,-0.25,-0.65796,0.078055
16402,-0.047971,-0.066485,-0.020037,-0.020687,-0.21362,-0.87201,0.061165
16403,-0.026533,-0.037252,-0.015165,-0.011592,-0.12268,-0.94509,0.067986
16404,-0.0037969,-0.010618,-0.013541,-0.0015233,-0.0047713,-0.9243,0.064737
16405,0.011794,0.0088706,-0.013866,0.0072465,0.10274,-0.87558,0.014068
16406,0.011144,0.018615,-0.01549,0.011794,0.1638,-0.86876,-0.10351
16407,-0.0044465,0.014392,-0.01484,0.011469,0.16185,-0.93534,-0.26754
16408,-0.030106,0.00075039,-0.008669,0.0069217,0.10696,-1.0532,-0.43319
16409,-0.05804,-0.011917,-0.0015233,0.00075039,0.024786,-1.1741,-0.55597
16410,-0.076879,-0.014516,0.0078962,-0.0037969,-0.052518,-1.2361,-0.60956
16411,-0.079802,-0.0021729,0.01829,-0.0041217,-0.10319,-1.2017,-0.58942
16412,-0.06616,0.024786,0.028684,-0.0015233,-0.12398,-1.0627,-0.5105
16413,-0.046347,0.054668,0.033881,0.0020496,-0.12852,-0.85512,-0.40201
16414,-0.028807,0.072533,0.030957,0.0039985,-0.12982,-0.63555,-0.29028
16415,-0.017439,0.076755,0.019914,0.0043233,-0.13697,-0.44911,-0.19966
16416,-0.010293,0.069285,0.0023744,0.0033489,-0.15711,-0.31691,-0.15256
16417,-0.0096434,0.054019,-0.018413,-0.0024977,-0.19251,-0.23733,-0.16198
16418,-0.01549,0.033231,-0.039526,-0.017439,-0.22174,-0.19348,-0.21622
16419,-0.026858,0.013743,-0.053817,-0.040825,-0.2042,-0.15905,-0.28476
16420,-0.036278,0.003024,-0.055766,-0.063561,-0.092145,-0.11098,-0.33055
16421,-0.041799,0.0046481,-0.047971,-0.081101,0.11963,-0.03173,-0.32633
16422,-0.0405,0.01894,-0.037577,-0.090196,0.37655,0.067661,-0.27176
16423,-0.031406,0.037129,-0.025559,-0.082725,0.59677,0.14691,-0.19089
16424,-0.01614,0.050446,-0.012892,-0.055441,0.72345,0.17517,-0.11033
16425,-0.0021729,0.054344,-0.00087364,-0.015815,0.7556,0.15438,-0.043748
16426,0.010495,0.050771,0.0091954,0.028684,0.73644,0.11573,0.0095202
16427,0.020564,0.042326,0.016341,0.070259,0.71273,0.10014,0.057917
16428,0.029658,0.033556,0.023487,0.097543,0.70266,0.1297,0.10566
16429,0.038753,0.025111,0.034206,0.10534,0.68382,0.18459,0.14432
16430,0.046223,0.014717,0.047523,0.096893,0.62698,0.21967,0.16218
16431,0.05207,0.0056225,0.056617,0.075781,0.52012,0.20083,0.15146
16432,0.05272,0.0023744,0.057267,0.046223,0.37071,0.1258,0.12093
16433,0.048497,0.0046481,0.048822,0.017965,0.20408,0.02706,0.08585
16434,0.042975,0.0065969,0.033556,0.00010078,0.047523,-0.052518,0.063438
16435,0.035505,0.0072465,0.016991,-0.0093186,-0.084674,-0.078827,0.058241
16436,0.025436,0.0036737,0.0049729,-0.013541,-0.19868,-0.04115,0.067661
16437,0.012119,-0.00022403,0.0023744,-0.01484,-0.31529,0.05272,0.090072
16438,-0.0021729,-0.0011985,0.011794,-0.011267,-0.45495,0.1742,0.12093
16439,-0.010618,0.0078962,0.034855,0.0017248,-0.6232,0.28073,0.15731
16440,-0.0037969,0.030308,0.06961,0.029658,-0.81289,0.34505,0.20505
16441,0.024137,0.063763,0.10826,0.067336,-0.99673,0.37103,0.27196
16442,0.070909,0.098517,0.13912,0.10924,-1.1358,0.38013,0.35024
16443,0.12158,0.12385,0.15568,0.14529,-1.2004,0.40903,0.43145
16444,0.16315,0.13782,0.15926,0.16413,-1.1851,0.49673,0.50518
16445,0.18751,0.14074,0.15309,0.16413,-1.1091,0.66238,0.56494
16446,0.19109,0.1362,0.14204,0.14984,-1.0049,0.88812,0.60554
16447,0.18167,0.12418,0.12807,0.1219,-0.89572,1.1184,0.62016
16448,0.16738,0.10859,0.11054,0.086175,-0.78528,1.2815,0.60327
16449,0.15861,0.096244,0.093645,0.051745,-0.669,1.3383,0.55552
16450,0.15471,0.091696,0.079679,0.026735,-0.55207,1.301,0.48861
16451,0.15341,0.09462,0.071234,0.014717,-0.43579,1.2129,0.4217
16452,0.14919,0.098193,0.06831,0.017965,-0.32113,1.1181,0.36194
16453,0.13944,0.095594,0.070259,0.034855,-0.21492,1.0431,0.30737
16454,0.12223,0.084876,0.070909,0.059865,-0.1334,0.99011,0.25183
16455,0.10079,0.06896,0.066686,0.092021,-0.0837,0.94269,0.19856
16456,0.07773,0.053044,0.061165,0.1206,-0.065186,0.87578,0.15179
16457,0.054668,0.041676,0.05207,0.13295,-0.06551,0.76697,0.11216
16458,0.031282,0.03583,0.038753,0.12548,-0.062587,0.61236,0.06896
16459,0.0072465,0.026085,0.025436,0.10144,-0.03173,0.42105,0.0056225
16460,-0.020687,0.0059473,0.019589,0.06831,0.040377,0.21188,-0.084674
16461,-0.050894,-0.024585,0.021213,0.036804,0.15081,0.011144,-0.19154
16462,-0.078827,-0.060963,0.023487,0.016016,0.27067,-0.15581,-0.29158
16463,-0.094418,-0.094743,0.023487,0.003024,0.36713,-0.288,-0.35589
16464,-0.097017,-0.11261,0.01894,-0.012892,0.42365,-0.39649,-0.37148
16465,-0.089546,-0.11228,0.012768,-0.039851,0.44314,-0.48744,-0.33997
16466,-0.075255,-0.095717,0.0049729,-0.081101,0.43469,-0.55435,-0.28086
16467,-0.058689,-0.070707,-0.0047713,-0.13632,0.39604,-0.59007,-0.22174
16468,-0.038876,-0.043748,-0.014516,-0.19641,0.31484,-0.5904,-0.17562
16469,-0.018413,-0.017439,-0.025559,-0.2565,0.18492,-0.55792,-0.14184
16470,-0.0018481,0.0056225,-0.034978,-0.31042,0.018615,-0.50173,-0.10903
16471,0.011469,0.027709,-0.036927,-0.34322,-0.14769,-0.42865,-0.068758
16472,0.023487,0.044599,-0.030756,-0.32731,-0.25455,-0.34452,-0.018413
16473,0.033881,0.053044,-0.014516,-0.23409,-0.25552,-0.25877,0.031932
16474,0.041027,0.051745,0.0065969,-0.056741,-0.13307,-0.18504,0.067661
16475,0.041027,0.040052,0.026085,0.16998,0.084226,-0.12592,0.082927
16476,0.03518,0.023487,0.037129,0.37915,0.33075,-0.079477,0.078704
16477,0.027385,0.01017,0.040702,0.50907,0.52824,-0.047971,0.063113
16478,0.019589,0.0036737,0.034206,0.53636,0.62698,-0.035628,0.051096
16479,0.012443,0.00075039,0.01894,0.47822,0.62243,-0.046996,0.048497
16480,0.003024,-0.00054884,0.0023744,0.37136,0.53831,-0.082725,0.049796
16481,-0.0057458,0.0017248,-0.0063954,0.258,0.40968,-0.13762,0.035505
16482,-0.011267,0.0065969,-0.0063954,0.1703,0.27002,-0.20258,-0.0076946
16483,-0.010293,0.01017,-0.0034721,0.11768,0.12743,-0.27014,-0.077528
16484,-0.0047713,0.013093,-0.0021729,0.084551,-0.017764,-0.33835,-0.15548
16485,0.0033489,0.016666,-0.0047713,0.044924,-0.1753,-0.40786,-0.2146
16486,0.0059473,0.019589,-0.012892,-0.014516,-0.34679,-0.48126,-0.23993
16487,0.00042559,0.022512,-0.026858,-0.084024,-0.51115,-0.55597,-0.23279
16488,-0.007045,0.028359,-0.039201,-0.13762,-0.62873,-0.61833,-0.20778
16489,-0.013866,0.037778,-0.040825,-0.15418,-0.6742,-0.65146,-0.17854
16490,-0.017764,0.046223,-0.027508,-0.13015,-0.65406,-0.65211,-0.16003
16491,-0.023285,0.049147,-0.0073698,-0.087272,-0.60502,-0.63295,-0.15581
16492,-0.030756,0.044275,0.012768,-0.052518,-0.56247,-0.60502,-0.1623
16493,-0.035953,0.036804,0.02706,-0.050569,-0.53843,-0.57091,-0.16782
16494,-0.041475,0.027385,0.034206,-0.077203,-0.51797,-0.52219,-0.15938
16495,-0.043423,0.015042,0.037778,-0.10286,-0.45723,-0.4543,-0.1295
16496,-0.044398,0.0017248,0.040052,-0.093769,-0.2971,-0.3705,-0.084024
16497,-0.045697,-0.008669,0.042001,-0.039201,-0.0021729,-0.28508,-0.035303
16498,-0.047646,-0.016789,0.039078,0.040377,0.3863,-0.20875,0.0065969
16499,-0.047646,-0.022961,0.030633,0.12158,0.76112,-0.13892,0.042326
16500,-0.040175,-0.026209,0.016341,0.18297,1.0213,-0.06681,0.077405
16501,-0.021661,-0.029457,0.00042559,0.21155,1.1402,0.01764,0.11801
16502,0.0033489,-0.03238,-0.015165,0.20376,1.1519,0.12158,0.16121
16503,0.031932,-0.03303,-0.027508,0.17387,1.1113,0.2567,0.20311
16504,0.056292,-0.027833,-0.023285,0.14009,1.0382,0.43372,0.24598
16505,0.074806,-0.013541,0.0026992,0.11606,0.94529,0.64452,0.29633
16506,0.092021,0.011794,0.046548,0.10761,0.85499,0.84622,0.35057
16507,0.11021,0.045574,0.093645,0.10989,0.79068,0.99206,0.39864
16508,0.12775,0.086175,0.12937,0.11671,0.74423,1.0606,0.43112
16509,0.13652,0.12645,0.14496,0.12125,0.70656,1.057,0.43242
16510,0.13295,0.15536,0.14009,0.11801,0.6809,0.99369,0.3889
16511,0.11573,0.1677,0.12158,0.10079,0.66531,0.86701,0.30087
16512,0.091372,0.16348,0.095919,0.069285,0.64614,0.6835,0.18459
16513,0.06896,0.15049,0.06896,0.033231,0.60652,0.47205,0.066686
16514,0.056942,0.13749,0.047847,0.0075714,0.52824,0.27684,-0.026533
16515,0.054668,0.13327,0.039727,-0.0037969,0.41066,0.12418,-0.081426
16516,0.052395,0.13684,0.045574,-0.0011985,0.27359,0.016341,-0.098641
16517,0.045899,0.14009,0.059541,0.012443,0.14237,-0.056091,-0.092794
16518,0.031932,0.1323,0.076431,0.038103,0.041676,-0.10059,-0.077528
16519,0.010819,0.11118,0.09397,0.076431,-0.016789,-0.11748,-0.059339
16520,-0.01484,0.078379,0.10664,0.11054,-0.040175,-0.11228,-0.04115
16521,-0.036278,0.041351,0.10566,0.1219,-0.054142,-0.083375,-0.016464
16522,-0.046671,0.0046481,0.085525,0.09462,-0.078503,-0.020037,0.024137
16523,-0.038551,-0.028807,0.047523,0.032582,-0.1217,0.076106,0.078704
16524,-0.019388,-0.055766,-0.0041217,-0.045047,-0.18244,0.1729,0.12807
16525,0.00075039,-0.073306,-0.051219,-0.11553,-0.2526,0.22454,0.15114
16526,0.013093,-0.07493,-0.078827,-0.16328,-0.32276,0.21415,0.13749
16527,0.016016,-0.058689,-0.080776,-0.18309,-0.3835,0.15731,0.099167
16528,0.0085458,-0.030431,-0.063561,-0.17854,-0.42832,0.089098,0.055643
16529,-0.0063954,-0.0015233,-0.040175,-0.15646,-0.4608,0.032257,0.026085
16530,-0.018088,0.020888,-0.024585,-0.12917,-0.48776,-0.010943,0.014717
16531,-0.020687,0.033881,-0.026209,-0.10709,-0.51537,-0.050894,0.012443
16532,-0.018413,0.036479,-0.041475,-0.10189,-0.55337,-0.10156,0.0033489
16533,-0.017439,0.028034,-0.062912,-0.11358,-0.61086,-0.16718,-0.033354
16534,-0.021986,0.015042,-0.0824,-0.13502,-0.67907,-0.24091,-0.10254
16535,-0.038227,0.00010078,-0.098316,-0.15905,-0.73624,-0.30522,-0.18926
16536,-0.059664,-0.018413,-0.11163,-0.17497,-0.76027,-0.33315,-0.26787
16537,-0.079477,-0.0405,-0.12333,-0.17854,-0.73396,-0.30262,-0.31301
16538,-0.091495,-0.061937,-0.12657,-0.17172,-0.65504,-0.20518,-0.31301
16539,-0.094093,-0.079152,-0.1191,-0.15808,-0.54298,-0.06616,-0.27404
16540,-0.091495,-0.09182,-0.10449,-0.13924,-0.43157,0.067336,-0.21135
16541,-0.087922,-0.096692,-0.086298,-0.11748,-0.35069,0.14984,-0.14704
16542,-0.087597,-0.092469,-0.06681,-0.094418,-0.30814,0.16575,-0.096367
16543,-0.088896,-0.08305,-0.047971,-0.070382,-0.27371,0.11995,-0.066485
16544,-0.086948,-0.071357,-0.031406,-0.040825,-0.18017,0.025111,-0.057065
16545,-0.075579,-0.05804,-0.018088,0.00042559,0.045249,-0.095393,-0.060963
16546,-0.04992,-0.044398,-0.0057458,0.064088,0.42625,-0.20745,-0.067784
16547,-0.008669,-0.030756,0.0085458,0.14626,0.90047,-0.26429,-0.06616
16548,0.040377,-0.018088,0.025111,0.22065,1.3126,-0.23214,-0.054792
16549,0.083251,-0.0076946,0.034855,0.25507,1.4903,-0.11131,-0.034978
16550,0.10794,0.0017248,0.03583,0.22682,1.3468,0.054993,-0.0096434
16551,0.11248,0.015042,0.02706,0.13944,0.91898,0.20018,0.018615
16552,0.10631,0.039078,0.012119,0.026735,0.35122,0.26969,0.052395
16553,0.10014,0.076431,0.0020496,-0.064536,-0.18764,0.23656,0.09397
16554,0.10436,0.11638,0.0039985,-0.10838,-0.57546,0.11118,0.14269
16555,0.1232,0.14464,0.018615,-0.10124,-0.76157,-0.073306,0.19369
16556,0.14789,0.15958,0.042326,-0.056416,-0.74143,-0.27144,0.23624
16557,0.16705,0.1677,0.072208,0.0039985,-0.555,-0.44813,0.2606
16558,0.1716,0.1716,0.10177,0.06084,-0.27728,-0.59007,0.2593
16559,0.16056,0.1703,0.12483,0.10631,0.0052977,-0.69499,0.23136
16560,0.14042,0.15958,0.13749,0.13749,0.23331,-0.74793,0.18557
16561,0.12288,0.13879,0.13879,0.15796,0.39247,-0.7174,0.13295
16562,0.11281,0.11476,0.1349,0.1781,0.50615,-0.5956,0.085525
16563,0.10859,0.096244,0.13002,0.20895,0.5971,-0.42117,0.050121
16564,0.10242,0.086175,0.12872,0.25053,0.66985,-0.26689,0.021538
16565,0.086824,0.080653,0.12418,0.28041,0.70266,-0.19608,-0.0093186
16566,0.057917,0.06896,0.10956,0.26514,0.65524,-0.21947,-0.043423
16567,0.019264,0.049796,0.080003,0.18881,0.50485,-0.29158,-0.077203
16568,-0.021337,0.027385,0.039727,0.06961,0.26092,-0.34614,-0.10449
16569,-0.05804,0.0065969,-0.0050961,-0.053168,-0.034004,-0.34355,-0.12787
16570,-0.089546,-0.011267,-0.046347,-0.14834,-0.32113,-0.29255,-0.14964
16571,-0.11001,-0.032055,-0.079802,-0.20453,-0.5511,-0.23668,-0.17205
16572,-0.11553,-0.059339,-0.10449,-0.22467,-0.69888,-0.21817,-0.19251
16573,-0.10709,-0.088572,-0.12008,-0.21849,-0.77067,-0.2461,-0.21037
16574,-0.086623,-0.11131,-0.12333,-0.19316,-0.78171,-0.288,-0.22337
16575,-0.060963,-0.11975,-0.11033,-0.15158,-0.74826,-0.28703,-0.22661
16576,-0.037252,-0.11326,-0.076554,-0.094418,-0.68622,-0.20355,-0.21525
16577,-0.021661,-0.087922,-0.026858,-0.026858,-0.62028,-0.034654,-0.18309
16578,-0.010943,-0.047971,0.031282,0.04395,-0.58358,0.18004,-0.1308
16579,0.00010078,0.0020496,0.083901,0.11183,-0.59657,0.38565,-0.067134
16580,0.013743,0.050121,0.11768,0.169,-0.64789,0.53863,-0.0041217
16581,0.033231,0.088124,0.12872,0.2057,-0.68719,0.62373,0.053694
16582,0.062139,0.11476,0.12255,0.21805,-0.63132,0.65914,0.10696
16583,0.094945,0.13295,0.10859,0.20408,-0.39779,0.68577,0.15958
16584,0.12353,0.14594,0.094295,0.17192,0.028034,0.73059,0.21317
16585,0.14172,0.15536,0.0852,0.131,0.55812,0.79231,0.26027
16586,0.14854,0.15796,0.083576,0.092346,1.0372,0.84005,0.29015
16587,0.14302,0.15146,0.086175,0.064088,1.3302,0.83226,0.2934
16588,0.1297,0.13652,0.084551,0.042975,1.376,0.74001,0.26807
16589,0.10794,0.10989,0.071558,0.024461,1.197,0.55877,0.22227
16590,0.081303,0.079679,0.045574,0.010819,0.87708,0.30997,0.16478
16591,0.051745,0.054668,0.015692,0.0062721,0.52726,0.032257,0.10599
16592,0.023487,0.041027,-0.0054209,0.009845,0.24241,-0.22564,0.056292
16593,0.0017248,0.039727,-0.0060706,0.016016,0.064737,-0.42247,0.019589
16594,-0.0096434,0.045249,0.01017,0.016666,-0.017114,-0.52934,-0.0018481
16595,-0.011592,0.049796,0.032257,0.012443,-0.04927,-0.53875,-0.00022403
16596,-0.0031473,0.050446,0.048497,0.0095202,-0.081426,-0.46567,0.032257
16597,0.016666,0.040052,0.057917,0.01764,-0.14281,-0.34874,0.093321
16598,0.04395,0.019914,0.060515,0.042651,-0.23246,-0.23084,0.16835
16599,0.067336,-0.0034721,0.062464,0.078055,-0.32731,-0.14281,0.23656
16600,0.080328,-0.021337,0.060515,0.11151,-0.40266,-0.085648,0.27879
16601,0.079679,-0.026858,0.057592,0.12872,-0.44131,-0.050244,0.28041
16602,0.067661,-0.023285,0.05207,0.12385,-0.44066,-0.031081,0.24143
16603,0.049147,-0.018413,0.045249,0.097543,-0.41176,-0.022311,0.1677
16604,0.031932,-0.014516,0.033556,0.06084,-0.37765,-0.0093186,0.080003
16605,0.020564,-0.0063954,0.019914,0.025436,-0.35816,0.029983,0.003024
16606,0.015042,0.0017248,0.0017248,0.003024,-0.35264,0.10534,-0.046022
16607,0.011794,0.00042559,-0.020362,-0.0047713,-0.34972,0.20278,-0.068758
16608,0.0065969,-0.01549,-0.045047,0.0020496,-0.3364,0.28431,-0.085324
16609,-0.0015233,-0.046022,-0.070058,0.015367,-0.30814,0.30899,-0.1204
16610,-0.0099683,-0.0824,-0.090196,0.032257,-0.27111,0.2502,-0.19056
16611,-0.01549,-0.11293,-0.10481,0.043625,-0.23409,0.11898,-0.28735
16612,-0.01484,-0.12073,-0.10774,0.044599,-0.20485,-0.038876,-0.37213
16613,-0.0054209,-0.099615,-0.091495,0.03453,-0.18796,-0.16782,-0.40266
16614,0.012443,-0.054792,-0.060963,0.022512,-0.19316,-0.23409,-0.35914
16615,0.03453,0.0014,-0.023935,0.014717,-0.22791,-0.24545,-0.25812
16616,0.052395,0.051745,0.0078962,0.012443,-0.28476,-0.23116,-0.13372
16617,0.064737,0.081627,0.027709,0.016666,-0.34452,-0.22402,-0.021661
16618,0.067986,0.088448,0.031932,0.025111,-0.38122,-0.24383,0.05207
16619,0.061165,0.076106,0.022837,0.029333,-0.37603,-0.2906,0.083901
16620,0.045249,0.052395,0.0020496,0.019589,-0.32536,-0.35069,0.082602
16621,0.021863,0.022188,-0.024909,-0.0067202,-0.2487,-0.40266,0.067336
16622,-0.0015233,-0.0099683,-0.051868,-0.04862,-0.18309,-0.42962,0.051096
16623,-0.018413,-0.038227,-0.075255,-0.097666,-0.15841,-0.4254,0.043625
16624,-0.026533,-0.056091,-0.089871,-0.13794,-0.16912,-0.38739,0.044599
16625,-0.027183,-0.058689,-0.087922,-0.14476,-0.18179,-0.31659,0.051096
16626,-0.020362,-0.039201,-0.069083,-0.10351,-0.15288,-0.21492,0.063763
16627,-0.0080194,0.00075039,-0.039851,-0.01614,-0.057715,-0.085324,0.080653
16628,0.0026992,0.05207,-0.010618,0.092021,0.10177,0.06961,0.09397
16629,0.0072465,0.10014,0.010495,0.19336,0.30932,0.24078,0.097868
16630,0.0023744,0.13782,0.022837,0.26579,0.52564,0.41196,0.093645
16631,-0.0063954,0.16803,0.032257,0.29957,0.69714,0.57144,0.089098
16632,-0.012567,0.19499,0.043625,0.30542,0.78808,0.70526,0.092996
16633,-0.0060706,0.21902,0.063113,0.30445,0.79296,0.7962,0.10696
16634,0.0075714,0.23104,0.086824,0.30639,0.71013,0.81764,0.11508
16635,0.017965,0.21642,0.10436,0.29925,0.54643,0.74781,0.095919
16636,0.014068,0.17225,0.10729,0.27424,0.32361,0.59255,0.0433
16637,-0.0037969,0.10209,0.093645,0.22974,0.071558,0.3837,-0.024585
16638,-0.023935,0.026085,0.070909,0.16933,-0.1727,0.16088,-0.0824
16639,-0.038551,-0.034978,0.049472,0.10566,-0.36758,-0.041475,-0.10124
16640,-0.042774,-0.068109,0.034855,0.054019,-0.48614,-0.19933,-0.073631
16641,-0.035628,-0.070707,0.033881,0.023487,-0.52122,-0.2971,-0.0083442
16642,-0.017439,-0.049595,0.045249,0.015367,-0.48061,-0.33023,0.070584
16643,0.0072465,-0.011592,0.063438,0.016666,-0.36531,-0.2984,0.13652
16644,0.029983,0.039402,0.080003,0.018615,-0.16328,-0.21557,0.17062
16645,0.045249,0.095594,0.090072,0.017965,0.1284,-0.092794,0.17387
16646,0.051096,0.13847,0.089748,0.016341,0.47432,0.065387,0.16315
16647,0.048497,0.15438,0.07773,0.020239,0.80757,0.25475,0.16121
16648,0.045899,0.14399,0.06084,0.03518,1.0694,0.46458,0.18134
16649,0.051096,0.12353,0.044924,0.061489,1.2262,0.65784,0.2187
16650,0.067661,0.10729,0.03453,0.086824,1.2714,0.78451,0.2619
16651,0.095594,0.10242,0.028034,0.099167,1.2275,0.79978,0.29633
16652,0.1284,0.10339,0.026735,0.094295,1.1288,0.70104,0.31484
16653,0.15373,0.10014,0.028684,0.079679,0.99499,0.52661,0.31127
16654,0.16056,0.087149,0.036154,0.070584,0.81309,0.3314,0.29113
16655,0.14724,0.061489,0.044275,0.070259,0.56462,0.169,0.26644
16656,0.11606,0.026735,0.051745,0.069934,0.26319,0.069934,0.24338
16657,0.075131,-0.011267,0.058241,0.065387,-0.033354,0.034855,0.22292
16658,0.036154,-0.047646,0.065062,0.061814,-0.2513,0.049472,0.20116
16659,0.0069217,-0.082076,0.070909,0.061489,-0.35134,0.094295,0.1729
16660,-0.010943,-0.11163,0.073507,0.064088,-0.3442,0.14724,0.13944
16661,-0.021012,-0.13307,0.070909,0.06831,-0.27469,0.18946,0.098842
16662,-0.03173,-0.14314,0.062464,0.076106,-0.18959,0.2148,0.041027
16663,-0.049595,-0.14411,0.054019,0.087149,-0.11813,0.22844,-0.034978
16664,-0.078827,-0.13859,0.045574,0.082602,-0.09182,0.23331,-0.11586
16665,-0.11651,-0.13047,0.027709,0.029658,-0.13242,0.22097,-0.19024
16666,-0.14899,-0.11715,-0.0060706,-0.085324,-0.23993,0.18427,-0.24838
16667,-0.16523,-0.096692,-0.047321,-0.23116,-0.38382,0.13262,-0.27858
16668,-0.15743,-0.068434,-0.08305,-0.35719,-0.53453,0.089098,-0.27306
16669,-0.12917,-0.031081,-0.10156,-0.4254,-0.67095,0.067661,-0.23701
16670,-0.095393,0.009845,-0.098965,-0.42345,-0.78853,0.058566,-0.18374
16671,-0.063886,0.045899,-0.080451,-0.36206,-0.87266,0.028034,-0.13307
16672,-0.036278,0.070259,-0.052193,-0.27209,-0.88987,-0.056416,-0.097666
16673,-0.011917,0.078379,-0.026533,-0.18439,-0.80152,-0.20063,-0.077203
16674,0.0088706,0.071883,-0.007045,-0.11553,-0.61314,-0.3731,-0.061288
16675,0.024461,0.056292,0.0046481,-0.064536,-0.37862,-0.51699,-0.045047
16676,0.028684,0.042975,0.011144,-0.02426,-0.15158,-0.57318,-0.021337
16677,0.030633,0.042651,0.020239,0.010495,0.039727,-0.51667,0.011144
16678,0.032906,0.054019,0.036804,0.039727,0.19044,-0.36303,0.047523
16679,0.037129,0.067986,0.058241,0.06084,0.30347,-0.16653,0.07773
16680,0.041351,0.075781,0.074482,0.069285,0.3733,0.013418,0.098517
16681,0.047198,0.072858,0.075131,0.064413,0.38695,0.13684,0.10274
16682,0.053044,0.056942,0.060515,0.050446,0.35057,0.19693,0.087799
16683,0.056292,0.032906,0.038103,0.03453,0.30964,0.21577,0.053044
16684,0.054993,0.011144,0.016991,0.019914,0.31224,0.23559,0.011794
16685,0.051745,-0.0024977,0.0020496,0.0065969,0.37006,0.28658,-0.021986
16686,0.047198,-0.007045,-0.0083442,-0.007045,0.44379,0.35869,-0.040825
16687,0.046548,-0.0037969,-0.017114,-0.023935,0.47172,0.41228,-0.045372
16688,0.049147,0.0059473,-0.020362,-0.041799,0.41813,0.41391,-0.042449
16689,0.056617,0.016991,-0.020037,-0.051219,0.28853,0.36031,-0.03173
16690,0.064088,0.028359,-0.019388,-0.042449,0.12645,0.27067,-0.010943
16691,0.066037,0.032906,-0.019712,-0.022636,-0.015815,0.17387,0.019264
16692,0.059865,0.028684,-0.023935,-0.0037969,-0.10156,0.084226,0.045899
16693,0.046223,0.01829,-0.028807,0.0069217,-0.12008,-0.00054884,0.047523
16694,0.028684,0.013093,-0.028482,0.0085458,-0.09182,-0.090196,0.014392
16695,0.0095202,0.014717,-0.019063,0.0023744,-0.052843,-0.18959,-0.043099
16696,-0.0031473,0.025436,-0.00022403,-0.010618,-0.034654,-0.28703,-0.097341
16697,-0.0041217,0.044275,0.020239,-0.024585,-0.055116,-0.36238,-0.11845
16698,0.0078962,0.06831,0.034855,-0.035953,-0.11586,-0.39422,-0.096692
16699,0.029983,0.09397,0.03453,-0.046347,-0.19381,-0.37603,-0.048945
16700,0.056942,0.11573,0.019914,-0.053168,-0.26137,-0.31886,-0.00022403
16701,0.081627,0.12515,-0.0037969,-0.052843,-0.2997,-0.24708,0.026085
16702,0.093645,0.11833,-0.025884,-0.039526,-0.30684,-0.19283,0.017316
16703,0.0865,0.098842,-0.038551,-0.0067202,-0.30229,-0.1753,-0.02361
16704,0.065387,0.073832,-0.039201,0.039402,-0.31236,-0.19836,-0.080451
16705,0.037778,0.047847,-0.027833,0.083901,-0.34452,-0.2487,-0.13307
16706,0.015692,0.028034,-0.0083442,0.10989,-0.38285,-0.29742,-0.16068
16707,0.01017,0.014068,0.014068,0.11703,-0.38187,-0.31821,-0.14931
16708,0.020564,0.0075714,0.029658,0.11054,-0.30165,-0.30294,-0.10676
16709,0.03583,0.0088706,0.036154,0.097218,-0.13859,-0.26494,-0.056416
16710,0.0433,0.015367,0.034206,0.083251,0.05272,-0.23084,-0.02426
16711,0.036479,0.017965,0.028684,0.076431,0.1742,-0.22694,-0.021337
16712,0.013093,0.0075714,0.019589,0.07773,0.15081,-0.26657,-0.042774
16713,-0.023935,-0.017439,0.011144,0.081952,-0.0089938,-0.32893,-0.070707
16714,-0.062587,-0.04862,0.0039985,0.084226,-0.23246,-0.3848,-0.085648
16715,-0.092794,-0.070382,-0.0018481,0.082602,-0.42117,-0.4202,-0.076229
16716,-0.11001,-0.07493,-0.0060706,0.073182,-0.49328,-0.44586,-0.045047
16717,-0.11358,-0.063886,-0.008669,0.057267,-0.39941,-0.47022,-0.0044465
16718,-0.10644,-0.04115,-0.0063954,0.043625,-0.14444,-0.49133,0.034206
16719,-0.089221,-0.013216,-0.00087364,0.042326,0.19206,-0.49945,0.060515
16720,-0.062912,0.013093,0.0020496,0.049472,0.48374,-0.49296,0.058566
16721,-0.034978,0.031932,-0.0011985,0.058566,0.64322,-0.46762,0.017316
16722,-0.01549,0.041027,-0.008669,0.064413,0.66661,-0.41858,-0.059664
16723,-0.0093186,0.041027,-0.020037,0.058891,0.61139,-0.35069,-0.15158
16724,-0.0099683,0.031282,-0.031081,0.042326,0.55585,-0.28703,-0.22597
16725,-0.011592,0.01764,-0.036602,0.021213,0.55455,-0.24448,-0.26364
16726,-0.0076946,0.0075714,-0.03303,0.0026992,0.60002,-0.22694,-0.25747
16727,0.0026992,0.0046481,-0.02426,-0.0050961,0.64939,-0.22239,-0.21265
16728,0.019589,0.0078962,-0.012242,0.0020496,0.65589,-0.2133,-0.14281
16729,0.034855,0.013743,-0.0015233,0.016341,0.60229,-0.18699,-0.072006
16730,0.045574,0.02641,0.0095202,0.028034,0.50777,-0.13632,-0.015815
16731,0.053369,0.041676,0.020239,0.032257,0.40968,-0.061937,0.024137
16732,0.055318,0.058566,0.035505,0.036154,0.3314,0.034206,0.057267
16733,0.054668,0.072858,0.053044,0.042651,0.27749,0.14724,0.09397
16734,0.058566,0.079029,0.066686,0.051745,0.23883,0.27132,0.13814
16735,0.066362,0.073507,0.067011,0.059541,0.19758,0.3837,0.18167
16736,0.075456,0.058241,0.054019,0.064413,0.14594,0.46523,0.2174
16737,0.081303,0.041676,0.035505,0.06831,0.089748,0.51395,0.24728
16738,0.083251,0.029333,0.022512,0.072533,0.042001,0.53993,0.27359
16739,0.081303,0.021213,0.017965,0.072208,0.010495,0.55195,0.28983
16740,0.076106,0.016666,0.017965,0.062139,-0.0099683,0.54253,0.28528
16741,0.067986,0.014068,0.01829,0.0433,-0.025234,0.5068,0.2567
16742,0.055318,0.012119,0.016016,0.023162,-0.04115,0.43989,0.20635
16743,0.036154,0.009845,0.016666,0.0052977,-0.057715,0.34082,0.14237
16744,0.015692,0.0072465,0.023487,-0.0050961,-0.072656,0.21123,0.075131
16745,-0.0041217,0.0017248,0.028034,-0.0080194,-0.094418,0.054993,0.0095202
16746,-0.021661,-0.0076946,0.021538,-0.01484,-0.12982,-0.12495,-0.057715
16747,-0.037577,-0.020362,0.0039985,-0.03238,-0.18147,-0.31724,-0.13502
16748,-0.053817,-0.034004,-0.018738,-0.061613,-0.25812,-0.50108,-0.21882
16749,-0.073306,-0.042449,-0.039851,-0.091495,-0.36823,-0.65276,-0.28995
16750,-0.089221,-0.044073,-0.053168,-0.10968,-0.5001,-0.75053,-0.32731
16751,-0.092145,-0.038227,-0.052843,-0.10741,-0.60567,-0.76515,-0.31756
16752,-0.069733,-0.025884,-0.035628,-0.0824,-0.63197,-0.66153,-0.25715
16753,-0.022636,-0.0041217,-0.0021729,-0.034004,-0.55532,-0.4254,-0.15548
16754,0.042975,0.025111,0.041351,0.024461,-0.40688,-0.087922,-0.030431
16755,0.11021,0.058891,0.0852,0.080653,-0.25,0.28788,0.097218
16756,0.16965,0.091372,0.12158,0.12743,-0.13859,0.63867,0.21188
16757,0.2135,0.11833,0.14334,0.15828,-0.094418,0.91054,0.30737
16758,0.24176,0.13262,0.15309,0.1781,-0.10774,1.0577,0.3759
16759,0.25572,0.13002,0.15503,0.19758,-0.13989,1.0625,0.41391
16760,0.25605,0.11573,0.15536,0.21577,-0.15418,0.94302,0.41618
16761,0.24566,0.10209,0.15406,0.22812,-0.13859,0.75658,0.39084
16762,0.23364,0.10079,0.15438,0.22649,-0.11001,0.57404,0.35836
16763,0.22714,0.11411,0.1625,0.21382,-0.095717,0.44606,0.34212
16764,0.22487,0.13392,0.17712,0.19563,-0.11521,0.38435,0.35349
16765,0.22032,0.14886,0.18751,0.17745,-0.16653,0.36356,0.38142
16766,0.20895,0.14919,0.18816,0.16478,-0.22369,0.34667,0.40221
16767,0.18849,0.13392,0.18102,0.15568,-0.25845,0.30542,0.39182
16768,0.16056,0.11183,0.16283,0.14237,-0.26267,0.23331,0.34829
16769,0.12937,0.096244,0.13879,0.12158,-0.23441,0.14821,0.28626
16770,0.099817,0.095269,0.10826,0.099167,-0.18991,0.063113,0.22129
16771,0.071883,0.10306,0.081303,0.082927,-0.15711,-0.021661,0.15958
16772,0.040702,0.10989,0.06019,0.073832,-0.15841,-0.10871,0.097543
16773,0.0091954,0.10501,0.045899,0.067986,-0.18991,-0.18439,0.034855
16774,-0.016464,0.089098,0.038753,0.061814,-0.22921,-0.21265,-0.017439
16775,-0.03173,0.067661,0.039402,0.057917,-0.2474,-0.16555,-0.043748
16776,-0.033679,0.049796,0.04395,0.056292,-0.22954,-0.052518,-0.045047
16777,-0.028157,0.033881,0.047847,0.053369,-0.17724,0.081952,-0.028482
16778,-0.020687,0.015367,0.050121,0.047198,-0.10514,0.20116,-0.0073698
16779,-0.015815,-0.0089938,0.051096,0.03518,-0.022636,0.27781,0.0072465
16780,-0.014191,-0.034978,0.048497,0.010495,0.063763,0.29892,0.012768
16781,-0.015165,-0.052518,0.036479,-0.029132,0.15406,0.27067,0.0075714
16782,-0.018738,-0.054792,0.016016,-0.069733,0.23461,0.21123,-0.0028225
16783,-0.023935,-0.043099,-0.0057458,-0.09929,0.29438,0.14139,-0.0076946
16784,-0.030106,-0.020362,-0.021337,-0.11553,0.32621,0.076106,-0.0041217
16785,-0.034004,0.0020496,-0.029132,-0.12365,0.33465,0.029658,-0.00022403
16786,-0.03238,0.0072465,-0.031406,-0.12333,0.32881,0.014068,-0.0063954
16787,-0.026209,-0.010943,-0.03303,-0.11943,0.31874,0.030308,-0.022311
16788,-0.021337,-0.047321,-0.043099,-0.11358,0.31841,0.06084,-0.042124
16789,-0.023935,-0.088572,-0.060638,-0.10806,0.33465,0.071883,-0.057065
16790,-0.035303,-0.12527,-0.079477,-0.10221,0.36941,0.043625,-0.061937
16791,-0.051868,-0.14931,-0.094743,-0.10026,0.4152,-0.03173,-0.054142
16792,-0.06616,-0.15288,-0.10091,-0.10319,0.45905,-0.14314,-0.042449
16793,-0.076554,-0.13242,-0.093119,-0.11001,0.48179,-0.26559,-0.043099
16794,-0.084349,-0.096692,-0.073631,-0.11586,0.46815,-0.36921,-0.060963
16795,-0.091495,-0.05739,-0.050569,-0.11586,0.41585,-0.42929,-0.088896
16796,-0.095393,-0.026533,-0.029132,-0.10351,0.33433,-0.43417,-0.11358
16797,-0.093769,-0.0089938,-0.011592,-0.076879,0.23786,-0.38967,-0.12755
16798,-0.087272,-0.0024977,0.0014,-0.034978,0.14042,-0.32113,-0.14022
16799,-0.082725,0.0020496,0.0078962,0.012443,0.044924,-0.26267,-0.16035
16800,-0.08305,0.009845,0.0059473,0.05207,-0.052193,-0.24026,-0.18894
16801,-0.087922,0.021863,-0.0028225,0.070259,-0.15678,-0.26689,-0.22044
16802,-0.094418,0.032582,-0.015165,0.062789,-0.26624,-0.34062,-0.24838
16803,-0.097341,0.038428,-0.021337,0.045899,-0.36531,-0.44521,-0.27371
16804,-0.094743,0.038753,-0.018088,0.029658,-0.44261,-0.56604,-0.29547
16805,-0.088572,0.037129,-0.0054209,0.016016,-0.49523,-0.68622,-0.31204
16806,-0.082076,0.036154,0.0043233,0.0039985,-0.52381,-0.77294,-0.31691
16807,-0.075579,0.03583,0.0065969,-0.0054209,-0.51504,-0.79503,-0.30294
16808,-0.069733,0.037129,0.003024,-0.010293,-0.45593,-0.73266,-0.26722
16809,-0.068109,0.038753,-0.0011985,-0.0076946,-0.34777,-0.59072,-0.21362
16810,-0.070707,0.036804,-0.00022403,0.0010752,-0.22142,-0.38772,-0.15029
16811,-0.074605,0.031282,0.0069217,0.015692,-0.12268,-0.14899,-0.08305
16812,-0.075255,0.027385,0.017965,0.029009,-0.074605,0.10242,-0.016789
16813,-0.067459,0.031932,0.026735,0.039402,-0.067784,0.34082,0.046223
16814,-0.044723,0.044275,0.029333,0.047523,-0.07428,0.53473,0.10761
16815,-0.008669,0.061489,0.027385,0.057592,-0.057715,0.65491,0.16868
16816,0.036804,0.076755,0.023812,0.070909,0.0010752,0.68187,0.22487
16817,0.076755,0.080978,0.021213,0.078379,0.095919,0.62016,0.26612
16818,0.097543,0.06961,0.019264,0.076106,0.20603,0.50128,0.28008
16819,0.088773,0.044924,0.017965,0.060515,0.30022,0.37688,0.26579
16820,0.057917,0.013743,0.015692,0.029009,0.36389,0.2973,0.23559
16821,0.022837,-0.01614,0.012768,-0.010618,0.40091,0.28171,0.19921
16822,0.0033489,-0.034004,0.010495,-0.042124,0.43047,0.31484,0.16933
16823,0.0085458,-0.034004,0.0085458,-0.059339,0.44281,0.36518,0.14334
16824,0.029658,-0.019063,0.009845,-0.061937,0.40189,0.40968,0.11313
16825,0.051745,0.0023744,0.013743,-0.051219,0.28398,0.44184,0.076755
16826,0.064413,0.021863,0.016016,-0.031406,0.10014,0.46652,0.039402
16827,0.066686,0.036154,0.014717,-0.0099683,-0.10416,0.48991,0.016991
16828,0.063438,0.041351,0.011794,0.010819,-0.288,0.50777,0.01894
16829,0.058241,0.038753,0.013093,0.031607,-0.42377,0.50745,0.04395
16830,0.058241,0.03518,0.020564,0.05142,-0.50595,0.47497,0.07708
16831,0.070259,0.042326,0.037778,0.072533,-0.5472,0.40189,0.10631
16832,0.093321,0.060515,0.06019,0.095269,-0.54265,0.30412,0.1258
16833,0.1219,0.084551,0.084876,0.11606,-0.4673,0.2135,0.13782
16834,0.15114,0.10501,0.10566,0.13522,-0.31236,0.15731,0.14821
16835,0.1729,0.11281,0.12353,0.16121,-0.093769,0.14724,0.15926
16836,0.18362,0.10826,0.13944,0.19921,0.15179,0.16705,0.16543
16837,0.18004,0.096569,0.14919,0.24046,0.38792,0.18687,0.15796
16838,0.16283,0.084226,0.14756,0.26937,0.59482,0.17485,0.12807
16839,0.1362,0.071558,0.13425,0.27489,0.76762,0.11216,0.079354
16840,0.10501,0.057592,0.11086,0.2593,0.91638,-0.0028225,0.025436
16841,0.074482,0.0433,0.083251,0.23818,1.0554,-0.15256,-0.021986
16842,0.050446,0.033881,0.058241,0.23006,1.1821,-0.30489,-0.054142
16843,0.03453,0.03583,0.04395,0.24501,1.273,-0.42507,-0.067459
16844,0.029658,0.05207,0.042651,0.27002,1.3078,-0.48938,-0.062912
16845,0.032906,0.076431,0.046223,0.27846,1.2763,-0.49101,-0.046671
16846,0.036154,0.10404,0.047198,0.24663,1.184,-0.43612,-0.023285
16847,0.034855,0.12515,0.03583,0.16056,1.0476,-0.339,-0.0018481
16848,0.026085,0.13067,0.0065969,0.032906,0.8839,-0.22174,0.010819
16849,0.015367,0.11606,-0.031081,-0.099615,0.69649,-0.10416,0.01764
16850,0.0078962,0.089423,-0.064211,-0.19413,0.47757,0.0069217,0.02706
16851,0.0039985,0.062789,-0.081101,-0.22597,0.22682,0.11443,0.040377
16852,0.0017248,0.038428,-0.079802,-0.19381,-0.04927,0.21772,0.057267
16853,-0.0057458,0.011144,-0.067134,-0.11975,-0.33348,0.29243,0.072208
16854,-0.017439,-0.02426,-0.04992,-0.034654,-0.59884,0.29308,0.074482
16855,-0.021661,-0.06681,-0.033354,0.038103,-0.81224,0.20635,0.063113
16856,-0.010293,-0.10189,-0.019063,0.089423,-0.92885,0.057917,0.048172
16857,0.016666,-0.11423,-0.0089938,0.11151,-0.90514,-0.10644,0.042651
16858,0.048497,-0.097991,-0.0063954,0.10859,-0.73884,-0.23831,0.047198
16859,0.070584,-0.060963,-0.0076946,0.090397,-0.48321,-0.31301,0.062139
16860,0.079354,-0.014516,-0.0099683,0.067336,-0.23116,-0.32601,0.084876
16861,0.073832,0.027385,-0.011917,0.042001,-0.06681,-0.29223,0.10761
16862,0.056617,0.057917,-0.011592,0.015042,-0.027833,-0.23798,0.11898
16863,0.037778,0.078055,-0.013541,-0.010293,-0.097341,-0.19316,0.10534
16864,0.021863,0.087799,-0.019712,-0.03303,-0.22564,-0.18991,0.056617
16865,0.0088706,0.089098,-0.028482,-0.050244,-0.35069,-0.23149,-0.022961
16866,0.00042559,0.087799,-0.036278,-0.052518,-0.42247,-0.301,-0.11586
16867,-0.0044465,0.088773,-0.039201,-0.036278,-0.41695,-0.36628,-0.20648
16868,-0.0080194,0.094945,-0.034978,-0.012892,-0.34452,-0.40363,-0.28476
16869,-0.017114,0.097218,-0.030106,0.0062721,-0.24026,-0.40299,-0.34647
16870,-0.032055,0.087149,-0.027833,0.0095202,-0.14671,-0.36726,-0.38674
16871,-0.048296,0.062464,-0.027508,-0.0037969,-0.096692,-0.31724,-0.40169
16872,-0.053492,0.027709,-0.024909,-0.025559,-0.099615,-0.27566,-0.3822
16873,-0.046347,-0.0096434,-0.017439,-0.046671,-0.14249,-0.25975,-0.32958
16874,-0.032055,-0.040175,-0.01549,-0.063237,-0.20583,-0.27014,-0.25617
16875,-0.017764,-0.059014,-0.025884,-0.072006,-0.27696,-0.28605,-0.17789
16876,-0.0073698,-0.069408,-0.046671,-0.073955,-0.35167,-0.27858,-0.10579
16877,0.0026992,-0.074605,-0.06681,-0.069408,-0.42637,-0.22239,-0.043099
16878,0.011144,-0.077203,-0.078827,-0.05739,-0.49393,-0.10449,0.011794
16879,0.019589,-0.07428,-0.076554,-0.0405,-0.54428,0.059216,0.063763
16880,0.026085,-0.064211,-0.064536,-0.022636,-0.57481,0.22649,0.11248
16881,0.024786,-0.048945,-0.048945,-0.010943,-0.58748,0.35641,0.15146
16882,0.016991,-0.030431,-0.038876,-0.0099683,-0.58748,0.42722,0.17452
16883,0.0091954,-0.011917,-0.034654,-0.020362,-0.58098,0.43924,0.17777
16884,0.0039985,0.0062721,-0.032055,-0.043099,-0.5865,0.41326,0.16803
16885,0.0065969,0.022837,-0.025559,-0.07428,-0.6245,0.37558,0.15601
16886,0.016666,0.042975,-0.01614,-0.10709,-0.70311,0.33498,0.14886
16887,0.029009,0.064737,-0.0028225,-0.13534,-0.81192,0.27489,0.14659
16888,0.035505,0.078379,0.013743,-0.15093,-0.9217,0.18557,0.14821
16889,0.03583,0.080003,0.029333,-0.14216,-0.974,0.082277,0.15276
16890,0.029333,0.068635,0.040702,-0.089871,-0.91261,0.013743,0.16803
16891,0.023812,0.051096,0.048497,0.011794,-0.69824,0.022837,0.19953
16892,0.021863,0.033881,0.055968,0.14821,-0.34095,0.11378,0.23883
16893,0.023487,0.018615,0.066686,0.28496,0.099167,0.2463,0.27067
16894,0.027385,0.012768,0.079679,0.38565,0.54253,0.36129,0.28496
16895,0.032582,0.020239,0.087474,0.42755,0.91703,0.41618,0.27716
16896,0.036154,0.033881,0.084551,0.40416,1.1769,0.40351,0.2476
16897,0.031932,0.046873,0.071234,0.33173,1.3023,0.3379,0.20473
16898,0.01894,0.053044,0.050771,0.23818,1.2902,0.2463,0.15861
16899,-0.0011985,0.050771,0.030957,0.15049,1.1584,0.16153,0.12158
16900,-0.023285,0.044924,0.012768,0.078055,0.94724,0.10956,0.10404
16901,-0.037902,0.040052,0.0014,0.029983,0.70656,0.098193,0.10339
16902,-0.032055,0.037454,0.003024,0.011794,0.48276,0.11086,0.10729
16903,-0.0099683,0.041676,0.015692,0.01829,0.29535,0.11606,0.099167
16904,0.017316,0.051745,0.030308,0.029333,0.13652,0.09462,0.059541
16905,0.039078,0.063113,0.038103,0.028684,-0.0024977,0.061489,-0.0096434
16906,0.055643,0.063763,0.036479,0.014068,-0.11586,0.043625,-0.086623
16907,0.064413,0.048172,0.025111,-0.0054209,-0.19219,0.045574,-0.14152
16908,0.062789,0.020564,0.0095202,-0.01614,-0.21492,0.047847,-0.15451
16909,0.054668,-0.0093186,-0.0041217,-0.0093186,-0.17205,0.034855,-0.12787
16910,0.048822,-0.027833,-0.0073698,0.01017,-0.061937,0.0065969,-0.068434
16911,0.049147,-0.030431,0.0072465,0.033881,0.10469,-0.027183,0.0046481
16912,0.056942,-0.018088,0.031607,0.046873,0.2986,-0.052518,0.070584
16913,0.069285,0.0020496,0.054668,0.039727,0.46652,-0.048945,0.11703
16914,0.082277,0.024461,0.065387,0.017316,0.55552,-0.0073698,0.14074
16915,0.091047,0.044924,0.063763,-0.011267,0.54123,0.06084,0.15179
16916,0.090722,0.055968,0.053369,-0.040175,0.44184,0.1232,0.15601
16917,0.07708,0.050446,0.038103,-0.070382,0.30087,0.13684,0.14886
16918,0.044924,0.025436,0.023812,-0.092145,0.1651,0.085525,0.12483
16919,-0.0028225,-0.014516,0.009845,-0.096367,0.064413,-0.0044465,0.0852
16920,-0.051544,-0.052843,0.0017248,-0.082076,0.019914,-0.081751,0.038103
16921,-0.085973,-0.072331,0.003024,-0.055766,0.045574,-0.11326,-0.0031473
16922,-0.096367,-0.068758,0.013743,-0.034978,0.13782,-0.09994,-0.037252
16923,-0.086298,-0.046671,0.028684,-0.040825,0.26774,-0.055441,-0.063561
16924,-0.064536,-0.019388,0.037129,-0.083375,0.3876,0.016991,-0.080451
16925,-0.040175,0.0039985,0.039078,-0.14899,0.45321,0.12775,-0.0837
16926,-0.021337,0.017316,0.037129,-0.2094,0.43469,0.27326,-0.072656
16927,-0.012567,0.029658,0.036154,-0.24123,0.31906,0.42722,-0.047646
16928,-0.0044465,0.049796,0.044599,-0.23311,0.11346,0.54903,-0.0054209
16929,0.016666,0.081952,0.067986,-0.18536,-0.13892,0.60359,0.05207
16930,0.057917,0.12255,0.10339,-0.11098,-0.37473,0.57858,0.10924
16931,0.10956,0.16185,0.14107,-0.036927,-0.54395,0.48147,0.14107
16932,0.15698,0.19499,0.16835,0.0046481,-0.64074,0.33628,0.12872
16933,0.18232,0.2122,0.18102,0.0039985,-0.68849,0.17192,0.071234
16934,0.17192,0.20538,0.1716,-0.029782,-0.73364,0.017965,-0.018738
16935,0.131,0.17192,0.13944,-0.062587,-0.80997,-0.10449,-0.11001
16936,0.072208,0.11768,0.089748,-0.042774,-0.92073,-0.18731,-0.17562
16937,0.015692,0.053694,0.034855,0.054668,-1.0308,-0.23733,-0.20031
16938,-0.024909,0.00042559,-0.012892,0.2057,-1.0951,-0.26624,-0.18114
16939,-0.042449,-0.026209,-0.044073,0.35154,-1.0783,-0.27891,-0.13762
16940,-0.04115,-0.027183,-0.054792,0.43145,-0.98082,-0.27956,-0.098316
16941,-0.034329,-0.012892,-0.049595,0.42527,-0.8405,-0.27988,-0.083375
16942,-0.034329,0.0059473,-0.033354,0.35609,-0.69012,-0.29255,-0.09929
16943,-0.041475,0.024461,-0.014191,0.26319,-0.5524,-0.32763,-0.14022
16944,-0.052518,0.038103,0.0010752,0.18816,-0.4241,-0.38707,-0.19933
16945,-0.068434,0.047847,0.0065969,0.15114,-0.2867,-0.46145,-0.27111
16946,-0.086623,0.058891,0.008221,0.14919,-0.10416,-0.52706,-0.3429
16947,-0.10059,0.071234,0.013418,0.16478,0.14529,-0.56247,-0.39779
16948,-0.10286,0.080003,0.017965,0.16543,0.43469,-0.56182,-0.42605
16949,-0.095068,0.074482,0.016016,0.12223,0.70071,-0.51959,-0.4202
16950,-0.084674,0.050121,0.00010078,0.030308,0.90014,-0.43319,-0.37765
16951,-0.073631,0.010495,-0.02426,-0.088572,1.0278,-0.30392,-0.30554
16952,-0.061937,-0.034004,-0.050244,-0.19738,1.0824,-0.15158,-0.21655
16953,-0.048945,-0.070058,-0.069083,-0.26299,1.0541,-0.0099683,-0.12755
16954,-0.035953,-0.084674,-0.075579,-0.27339,0.9349,0.083251,-0.050894
16955,-0.019388,-0.074605,-0.070382,-0.23831,0.74131,0.10956,0.010819
16956,0.0033489,-0.039526,-0.053168,-0.1675,0.52986,0.072208,0.063438
16957,0.028684,0.0078962,-0.023285,-0.071032,0.36551,-0.016789,0.11411
16958,0.05207,0.052395,0.016016,0.031607,0.28918,-0.13502,0.16575
16959,0.069934,0.079354,0.048172,0.10242,0.28885,-0.25,0.21025
16960,0.07708,0.080328,0.059541,0.11378,0.31451,-0.33575,0.23656
16961,0.071883,0.056292,0.044275,0.063113,0.32426,-0.37148,0.23883
16962,0.061165,0.019264,0.009845,-0.032705,0.30737,-0.34549,0.23006
16963,0.054019,-0.013541,-0.030431,-0.14606,0.28398,-0.2565,0.22779
16964,0.056617,-0.030106,-0.065835,-0.2474,0.27944,-0.11456,0.24013
16965,0.066686,-0.024909,-0.085973,-0.31756,0.31776,0.054344,0.25865
16966,0.080328,-0.0054209,-0.087597,-0.34355,0.38435,0.20993,0.27229
16967,0.093645,0.022188,-0.071682,-0.32795,0.44314,0.32036,0.27164
16968,0.10242,0.054668,-0.043423,-0.28346,0.45938,0.38272,0.25313
16969,0.10469,0.084226,-0.0099683,-0.22434,0.41683,0.41585,0.21447
16970,0.10079,0.097218,0.021538,-0.16198,0.32134,0.44379,0.15731
16971,0.089423,0.0865,0.04395,-0.10189,0.20733,0.48017,0.090397
16972,0.068635,0.056292,0.057592,-0.046671,0.12515,0.52402,0.031607
16973,0.0433,0.021213,0.061165,0.0072465,0.11768,0.56267,-0.0080194
16974,0.023812,-0.0073698,0.053694,0.061165,0.17972,0.56234,-0.022636
16975,0.019589,-0.021337,0.040377,0.11313,0.25962,0.49186,-0.012892
16976,0.032257,-0.012892,0.029009,0.15471,0.29633,0.34245,0.0088706
16977,0.054668,0.014717,0.028684,0.18881,0.2554,0.14009,0.02641
16978,0.074157,0.05207,0.040702,0.21155,0.14464,-0.064861,0.025761
16979,0.080003,0.086175,0.059541,0.22324,0.0043233,-0.22239,0.0014
16980,0.073507,0.10956,0.07773,0.22324,-0.1256,-0.30165,-0.035953
16981,0.058891,0.11638,0.0865,0.21123,-0.22142,-0.28833,-0.064536
16982,0.046223,0.11118,0.084876,0.18232,-0.28118,-0.18407,-0.061613
16983,0.040052,0.10014,0.076755,0.14172,-0.31269,-0.0099683,-0.01614
16984,0.040377,0.082602,0.067661,0.10274,-0.32406,0.18004,0.062464
16985,0.041027,0.05207,0.058891,0.074482,-0.32731,0.32036,0.14919
16986,0.037454,0.011794,0.056292,0.062464,-0.33672,0.36259,0.21512
16987,0.031607,-0.025234,0.061814,0.067011,-0.35621,0.29892,0.24695
16988,0.027709,-0.047971,0.076106,0.084876,-0.37635,0.16056,0.25085
16989,0.029333,-0.050569,0.092671,0.11281,-0.37992,0.011794,0.24403
16990,0.037454,-0.039851,0.10404,0.14529,-0.35589,-0.095717,0.23429
16991,0.048172,-0.02426,0.10501,0.16575,-0.30717,-0.15711,0.22097
16992,0.058891,-0.0080194,0.096244,0.16218,-0.2513,-0.2016,0.20473
16993,0.067336,0.0056225,0.082277,0.13165,-0.21135,-0.25357,0.18102
16994,0.070584,0.01764,0.070909,0.086175,-0.19901,-0.29937,0.14854
16995,0.068635,0.023812,0.063438,0.047847,-0.20972,-0.31529,0.10501
16996,0.06019,0.024786,0.059541,0.036804,-0.22986,-0.30684,0.049472
16997,0.04395,0.018615,0.057267,0.061489,-0.25098,-0.2971,-0.018413
16998,0.023812,0.0056225,0.055318,0.11801,-0.26689,-0.31074,-0.089871
16999,0.0056225,-0.0083442,0.050771,0.18654,-0.27014,-0.34387,-0.14671
17000,-0.0037969,-0.018413,0.045574,0.24468,-0.25585,-0.36921,-0.1675
17001,-0.0024977,-0.018413,0.040052,0.27261,-0.22889,-0.36271,-0.14899
17002,0.0069217,-0.0073698,0.032582,0.26319,-0.20193,-0.32698,-0.10774
17003,0.023162,0.014392,0.025111,0.22487,-0.18277,-0.27501,-0.066485
17004,0.038103,0.042975,0.019914,0.17777,-0.16945,-0.2172,-0.039526
17005,0.047847,0.067336,0.015692,0.14237,-0.14671,-0.14964,-0.026858
17006,0.050446,0.074157,0.015692,0.12775,-0.09929,-0.059664,-0.021986
17007,0.048822,0.065062,0.020564,0.12613,-0.030106,0.06084,-0.01549
17008,0.047198,0.046873,0.029009,0.12678,0.038428,0.19758,-0.0021729
17009,0.048822,0.033231,0.034855,0.11898,0.083251,0.30445,0.013093
17010,0.060515,0.032582,0.033231,0.092346,0.094945,0.32751,0.022188
17011,0.079354,0.041027,0.022837,0.048497,0.079354,0.24208,0.021213
17012,0.099817,0.052395,0.0072465,0.00010078,0.061165,0.077405,0.013743
17013,0.11378,0.061489,-0.008669,-0.035628,0.067011,-0.10221,0.0069217
17014,0.11833,0.065712,-0.024585,-0.056416,0.10599,-0.23376,0.0059473
17015,0.10924,0.062789,-0.039526,-0.068758,0.15926,-0.28118,0.015692
17016,0.083251,0.051745,-0.054467,-0.080127,0.20668,-0.24773,0.033231
17017,0.044924,0.035505,-0.070707,-0.090521,0.23656,-0.1649,0.055318
17018,0.0026992,0.019264,-0.084999,-0.093769,0.2476,-0.071682,0.076106
17019,-0.03303,0.003024,-0.094418,-0.091495,0.24013,0.0059473,0.092671
17020,-0.05804,-0.013541,-0.097991,-0.082076,0.22747,0.065387,0.10242
17021,-0.072006,-0.031406,-0.092469,-0.071682,0.21545,0.11443,0.10014
17022,-0.084674,-0.047971,-0.080127,-0.065186,0.20148,0.15373,0.075456
17023,-0.10124,-0.063561,-0.064861,-0.060963,0.18134,0.17257,0.022512
17024,-0.12235,-0.076554,-0.04992,-0.053492,0.14172,0.15698,-0.04862
17025,-0.14216,-0.087272,-0.041799,-0.039851,0.071883,0.10566,-0.10903
17026,-0.15353,-0.096367,-0.04115,-0.022311,-0.027183,0.029009,-0.14119
17027,-0.15191,-0.10481,-0.046671,-0.0060706,-0.14671,-0.048296,-0.14249
17028,-0.13502,-0.10481,-0.054467,0.0017248,-0.27014,-0.097991,-0.12755
17029,-0.10741,-0.088247,-0.062262,0.0017248,-0.38447,-0.10449,-0.11033
17030,-0.07428,-0.058365,-0.062262,-0.00087364,-0.48159,-0.073955,-0.094743
17031,-0.041799,-0.020037,-0.051544,-0.0037969,-0.55662,-0.032055,-0.079152
17032,-0.016464,0.018615,-0.034978,-0.0060706,-0.59917,-0.0080194,-0.064536
17033,0.00010078,0.052395,-0.019712,-0.0076946,-0.59332,-0.012892,-0.04862
17034,0.0072465,0.073507,-0.007045,-0.007045,-0.52219,-0.034654,-0.031081
17035,0.010495,0.078055,0.00042559,-0.00087364,-0.377,-0.056416,-0.0057458
17036,0.016341,0.068635,0.0065969,0.0075714,-0.17497,-0.061288,0.029983
17037,0.026085,0.057592,0.013093,0.01894,0.041027,-0.042774,0.078055
17038,0.041351,0.053369,0.022188,0.036479,0.2187,-0.008669,0.13392
17039,0.061165,0.06019,0.033881,0.061165,0.32296,0.029658,0.18816
17040,0.081952,0.072208,0.049796,0.091047,0.33985,0.05272,0.23331
17041,0.096244,0.081952,0.066362,0.11963,0.29535,0.03518,0.2567
17042,0.097543,0.080978,0.077405,0.14302,0.24858,-0.029782,0.25118
17043,0.087149,0.06831,0.080328,0.15796,0.24566,-0.11845,0.21415
17044,0.067011,0.047847,0.075456,0.16056,0.28528,-0.18731,0.15016
17045,0.039078,0.025761,0.066362,0.14399,0.32134,-0.20096,0.069285
17046,0.008221,0.011144,0.056942,0.11638,0.30899,-0.14639,-0.020037
17047,-0.021986,0.009845,0.046873,0.083251,0.22129,-0.028157,-0.10579
17048,-0.047646,0.021213,0.03453,0.047847,0.06961,0.1349,-0.16945
17049,-0.062587,0.039078,0.020239,0.0075714,-0.091495,0.32328,-0.19056
17050,-0.059989,0.051745,0.0023744,-0.034329,-0.19381,0.52044,-0.16068
17051,-0.043099,0.051745,-0.016464,-0.067134,-0.19803,0.69292,-0.084024
17052,-0.014516,0.044599,-0.029782,-0.071032,-0.11715,0.79166,0.013743
17053,0.024461,0.041027,-0.027508,-0.034004,-0.00087364,0.7988,0.11313
17054,0.072533,0.053044,-0.00087364,0.040052,0.085525,0.73579,0.20181
17055,0.11736,0.08585,0.051745,0.13295,0.10306,0.6312,0.27391
17056,0.14399,0.13132,0.11963,0.22097,0.056292,0.50128,0.31874
17057,0.14237,0.17225,0.17647,0.26839,-0.025559,0.36778,0.32816
17058,0.11346,0.19206,0.19823,0.23786,-0.12203,0.26027,0.30217
17059,0.064413,0.17777,0.17485,0.12353,-0.22109,0.19953,0.25053
17060,0.015692,0.13587,0.12028,-0.030106,-0.31594,0.19401,0.18654
17061,-0.016789,0.0852,0.060515,-0.15841,-0.37733,0.23689,0.12255
17062,-0.02361,0.045574,0.024461,-0.21785,-0.34679,0.31289,0.065712
17063,-0.007045,0.027709,0.020564,-0.20615,-0.18634,0.39669,0.01829
17064,0.024786,0.025436,0.041676,-0.14931,0.085525,0.46068,-0.01614
17065,0.061814,0.026735,0.073507,-0.075904,0.40059,0.48731,-0.038227
17066,0.091372,0.023812,0.10047,-0.0080194,0.68967,0.46035,-0.052843
17067,0.10534,0.01894,0.11606,0.050771,0.92873,0.3733,-0.062587
17068,0.10436,0.016341,0.12418,0.099167,1.1558,0.24663,-0.066485
17069,0.095594,0.016341,0.12905,0.13912,1.399,0.11216,-0.05804
17070,0.083576,0.018615,0.13165,0.169,1.6219,-0.00087364,-0.029782
17071,0.075456,0.023162,0.1284,0.18427,1.7547,-0.074605,0.010819
17072,0.072533,0.032257,0.11443,0.1755,1.7466,-0.11553,0.040702
17073,0.071234,0.047198,0.093645,0.14107,1.5982,-0.14736,0.035505
17074,0.067986,0.068635,0.072533,0.092671,1.3617,-0.19933,-0.011267
17075,0.064737,0.092021,0.057917,0.045574,1.0879,-0.28151,-0.076879
17076,0.061814,0.11183,0.046548,0.008221,0.80822,-0.38934,-0.13404
17077,0.056942,0.12093,0.032582,-0.017439,0.53376,-0.50465,-0.16782
17078,0.047847,0.11638,0.016991,-0.028807,0.27781,-0.60761,-0.17302
17079,0.033881,0.092671,0.003024,-0.025234,0.055643,-0.68459,-0.16263
17080,0.011794,0.049147,-0.0067202,-0.016789,-0.11261,-0.72747,-0.15288
17081,-0.019712,-0.011267,-0.013216,-0.0096434,-0.21525,-0.72877,-0.14606
17082,-0.048945,-0.078503,-0.018088,-0.0057458,-0.2513,-0.68329,-0.14152
17083,-0.071032,-0.13892,-0.021337,-0.0050961,-0.22499,-0.59819,-0.13729
17084,-0.082076,-0.18049,-0.023285,-0.0050961,-0.15126,-0.47932,-0.12657
17085,-0.086623,-0.19673,-0.026533,-0.010293,-0.067134,-0.34712,-0.10644
17086,-0.090196,-0.19056,-0.03303,-0.022311,-0.021337,-0.22954,-0.080776
17087,-0.098316,-0.17465,-0.045047,-0.046022,-0.052193,-0.15678,-0.058365
17088,-0.11358,-0.16035,-0.058365,-0.078178,-0.16523,-0.13599,-0.0405
17089,-0.13177,-0.15191,-0.070382,-0.10806,-0.32601,-0.14639,-0.025234
17090,-0.14379,-0.14346,-0.078178,-0.12365,-0.48808,-0.14346,-0.008669
17091,-0.14152,-0.13015,-0.077853,-0.12073,-0.61411,-0.089546,0.01764
17092,-0.12333,-0.10774,-0.067134,-0.10384,-0.69076,0.023487,0.057917
17093,-0.098641,-0.076879,-0.051544,-0.078178,-0.71967,0.17355,0.10112
17094,-0.071357,-0.045372,-0.037252,-0.056091,-0.7135,0.31516,0.13522
17095,-0.041475,-0.018738,-0.027183,-0.037252,-0.68687,0.41618,0.15406
17096,-0.010943,0.0020496,-0.019712,-0.018738,-0.6375,0.4701,0.15698
17097,0.018615,0.01894,-0.013216,0.0059473,-0.55564,0.48666,0.15146
17098,0.044924,0.036804,-0.0041217,0.038428,-0.44586,0.48341,0.14821
17099,0.058566,0.051745,0.0069217,0.072858,-0.3286,0.47399,0.14756
17100,0.058241,0.063113,0.016666,0.097218,-0.23279,0.45873,0.14139
17101,0.049472,0.070259,0.01829,0.095594,-0.18342,0.42625,0.11638
17102,0.042975,0.074157,0.0065969,0.068635,-0.19154,0.3733,0.067661
17103,0.042975,0.078055,-0.014191,0.031282,-0.25162,0.30802,-0.00087364
17104,0.046223,0.083251,-0.037252,-0.0024977,-0.35134,0.24111,-0.081426
17105,0.046548,0.090722,-0.050894,-0.028807,-0.47964,0.16933,-0.15451
17106,0.041676,0.10274,-0.048296,-0.044073,-0.61638,0.074806,-0.19868
17107,0.033881,0.12223,-0.035953,-0.050894,-0.73689,-0.059664,-0.2016
17108,0.028359,0.14821,-0.02426,-0.054792,-0.82036,-0.23506,-0.16523
17109,0.031607,0.17387,-0.018088,-0.061288,-0.85025,-0.4241,-0.10449
17110,0.044599,0.18849,-0.018738,-0.065835,-0.82199,-0.5839,-0.037902
17111,0.065387,0.18459,-0.020362,-0.061937,-0.74436,-0.67842,0.023162
17112,0.084551,0.16056,-0.019388,-0.045372,-0.65341,-0.70343,0.071234
17113,0.098842,0.12515,-0.01484,-0.01549,-0.59657,-0.66998,0.10599
17114,0.10469,0.090397,-0.0093186,0.021538,-0.61086,-0.60177,0.12288
17115,0.10404,0.068635,-0.0044465,0.047523,-0.69304,-0.52186,0.12125
17116,0.10112,0.065387,0.0020496,0.051096,-0.79275,-0.43384,0.11054
17117,0.10404,0.084226,0.011469,0.041027,-0.83498,-0.32146,0.10696
17118,0.11768,0.11541,0.023812,0.029983,-0.76385,-0.16685,0.12093
17119,0.13782,0.14302,0.037454,0.02706,-0.58293,0.032906,0.15211
17120,0.15341,0.15536,0.047198,0.032257,-0.35784,0.2502,0.19011
17121,0.15146,0.14367,0.05207,0.038428,-0.17594,0.43697,0.2148
17122,0.12483,0.10274,0.054344,0.038428,-0.090845,0.53896,0.21155
17123,0.079029,0.041676,0.057592,0.033881,-0.10319,0.52207,0.18297
17124,0.029983,-0.024909,0.061814,0.03583,-0.17042,0.39702,0.13684
17125,-0.010293,-0.075579,0.067661,0.046873,-0.24188,0.21707,0.086824
17126,-0.035953,-0.10156,0.067336,0.062464,-0.27988,0.047523,0.043625
17127,-0.046671,-0.10384,0.053369,0.072858,-0.26592,-0.060963,0.0085458
17128,-0.041475,-0.088572,0.027709,0.078704,-0.19868,-0.092794,-0.024909
17129,-0.027508,-0.06681,-0.0028225,0.084226,-0.087922,-0.056416,-0.063886
17130,-0.01549,-0.046022,-0.028157,0.097543,0.06831,0.023487,-0.11293
17131,-0.0089938,-0.027183,-0.038876,0.12255,0.28983,0.12353,-0.17237
17132,-0.0060706,-0.0024977,-0.030756,0.15471,0.58346,0.22941,-0.22856
17133,0.0026992,0.032257,-0.0044465,0.18524,0.90924,0.34115,-0.26137
17134,0.017316,0.071883,0.033881,0.20018,1.1856,0.4623,-0.2565
17135,0.032906,0.11151,0.072208,0.19563,1.337,0.59028,-0.21525
17136,0.044924,0.13977,0.097868,0.16933,1.3305,0.70688,-0.15483
17137,0.048172,0.14529,0.10631,0.13002,1.186,0.78159,-0.097017
17138,0.045899,0.1245,0.10112,0.091047,0.95374,0.78971,-0.059014
17139,0.040052,0.084876,0.08585,0.063438,0.69097,0.72799,-0.037902
17140,0.03583,0.038753,0.067336,0.048172,0.44281,0.60879,-0.026858
17141,0.033881,0.0014,0.049796,0.040377,0.24046,0.45483,-0.014516
17142,0.036154,-0.020687,0.03518,0.036154,0.093321,0.29438,0.0039985
17143,0.041676,-0.027508,0.025111,0.033556,0.00010078,0.14821,0.031282
17144,0.048822,-0.026533,0.020239,0.03583,-0.050244,0.033881,0.064737
17145,0.054993,-0.021337,0.020239,0.042975,-0.072656,-0.041475,0.10047
17146,0.065062,-0.016789,0.025111,0.044924,-0.085324,-0.081751,0.13067
17147,0.074482,-0.012242,0.033231,0.034206,-0.10254,-0.096692,0.14886
17148,0.079679,-0.0044465,0.039727,0.016666,-0.14314,-0.09994,0.15633
17149,0.080978,0.00042559,0.041027,0.0026992,-0.21232,-0.10221,0.15861
17150,0.080328,0.00010078,0.040702,-0.0034721,-0.30359,-0.11683,0.15991
17151,0.077405,-0.0076946,0.038428,-0.0041217,-0.39324,-0.14574,0.15536
17152,0.069285,-0.02426,0.033881,-0.0021729,-0.44748,-0.18666,0.13782
17153,0.059541,-0.043423,0.024137,-0.00054884,-0.43384,-0.22856,0.11021
17154,0.050771,-0.059014,0.010495,0.0014,-0.34192,-0.25975,0.077405
17155,0.04395,-0.061613,-0.0024977,-0.00054884,-0.20453,-0.27956,0.047198
17156,0.033556,-0.048945,-0.011267,-0.013866,-0.073306,-0.29742,0.021213
17157,0.015692,-0.020687,-0.014516,-0.036927,0.0078962,-0.32828,-0.0018481
17158,-0.0093186,0.0095202,-0.013541,-0.055116,0.02641,-0.37375,-0.023935
17159,-0.039201,0.033231,-0.012892,-0.068434,-0.0024977,-0.4176,-0.046996
17160,-0.068758,0.051096,-0.011267,-0.07493,-0.04927,-0.43806,-0.06616
17161,-0.087272,0.064737,-0.0054209,-0.072331,-0.078827,-0.41858,-0.07428
17162,-0.088247,0.075781,0.0056225,-0.058365,-0.065186,-0.35394,-0.06681
17163,-0.072331,0.087799,0.01764,-0.032055,-0.0024977,-0.25325,-0.042124
17164,-0.043423,0.10177,0.021213,-0.0024977,0.091047,-0.13145,-0.0011985
17165,-0.011917,0.11671,0.013418,0.019914,0.19953,-0.008669,0.047523
17166,0.012768,0.13002,0.003024,0.031282,0.32134,0.10242,0.090072
17167,0.024461,0.13814,0.003024,0.034855,0.45873,0.18914,0.11346
17168,0.022837,0.13522,0.012768,0.029333,0.60392,0.2515,0.10729
17169,0.010495,0.11801,0.023487,0.013093,0.72864,0.29795,0.072858
17170,-0.0041217,0.091696,0.025436,-0.01484,0.79555,0.3314,0.022188
17171,-0.014191,0.063113,0.020564,-0.045372,0.77509,0.3353,-0.028482
17172,-0.017439,0.038428,0.013418,-0.070382,0.66953,0.28073,-0.060313
17173,-0.018413,0.01894,0.013743,-0.082076,0.5107,0.15763,-0.068109
17174,-0.020687,0.0023744,0.021863,-0.075579,0.33855,-0.013541,-0.055116
17175,-0.025559,-0.018088,0.029658,-0.054142,0.18427,-0.18309,-0.029457
17176,-0.032055,-0.048296,0.029658,-0.027833,0.066037,-0.30554,0.0039985
17177,-0.038227,-0.081751,0.021538,-0.0057458,-0.014516,-0.35167,0.043625
17178,-0.042449,-0.11456,0.0059473,0.0039985,-0.062912,-0.32341,0.084226
17179,-0.045697,-0.14281,-0.01614,0.0033489,-0.081101,-0.23506,0.12028
17180,-0.045697,-0.15646,-0.037902,-0.0015233,-0.068109,-0.10059,0.15244
17181,-0.038876,-0.14801,-0.048945,0.0039985,-0.043099,0.070909,0.19141
17182,-0.022636,-0.11423,-0.038876,0.03583,-0.03303,0.2502,0.24111
17183,0.003024,-0.060638,-0.0041217,0.095919,-0.04862,0.39409,0.29438
17184,0.033881,0.0075714,0.048497,0.16673,-0.084674,0.47854,0.34472
17185,0.067336,0.082277,0.10534,0.23136,-0.13957,0.5068,0.38142
17186,0.10079,0.14919,0.15016,0.27456,-0.22207,0.48699,0.38825
17187,0.12645,0.19531,0.1716,0.28366,-0.33965,0.41163,0.35382
17188,0.13814,0.2109,0.1664,0.25085,-0.48224,0.27911,0.27489
17189,0.131,0.19109,0.14042,0.18849,-0.61996,0.11086,0.16348
17190,0.10989,0.14594,0.10436,0.1219,-0.71383,-0.055766,0.039727
17191,0.082927,0.093645,0.070909,0.072533,-0.74241,-0.19641,-0.070382
17192,0.056942,0.049147,0.044599,0.047523,-0.69791,-0.30392,-0.15029
17193,0.036804,0.020564,0.025436,0.038753,-0.58683,-0.3718,-0.18991
17194,0.025436,0.0072465,0.0095202,0.03518,-0.42247,-0.39714,-0.19121
17195,0.027709,0.0056225,-0.0037969,0.033881,-0.22694,-0.39097,-0.16523
17196,0.037129,0.0059473,-0.013866,0.030633,-0.036602,-0.37992,-0.13502
17197,0.045899,-0.00054884,-0.021012,0.020239,0.10274,-0.40039,-0.13242
17198,0.044599,-0.015165,-0.025234,0.0020496,0.15568,-0.47249,-0.17107
17199,0.031932,-0.035628,-0.029132,-0.018088,0.12353,-0.57741,-0.23571
17200,0.013418,-0.052843,-0.031081,-0.031406,0.046873,-0.6664,-0.29547
17201,-0.0054209,-0.053817,-0.029457,-0.027508,-0.025884,-0.68524,-0.32113
17202,-0.022961,-0.034004,-0.024909,-0.013541,-0.057715,-0.60112,-0.29547
17203,-0.036602,-0.0018481,-0.019063,-0.0041217,-0.036927,-0.43287,-0.22791
17204,-0.044723,0.029658,-0.01484,-0.0034721,0.035505,-0.23733,-0.14704
17205,-0.046996,0.050771,-0.014191,-0.0063954,0.13587,-0.068109,-0.080127
17206,-0.047971,0.063113,-0.019712,-0.0076946,0.23071,0.049147,-0.037252
17207,-0.046996,0.066362,-0.028482,-0.011267,0.30607,0.11573,-0.01549
17208,-0.043423,0.062464,-0.03173,-0.021337,0.36226,0.14237,-0.0037969
17209,-0.038551,0.057917,-0.021337,-0.037577,0.40936,0.14789,0.009845
17210,-0.03303,0.057267,0.00042559,-0.050894,0.46035,0.15731,0.036154
17211,-0.026533,0.06019,0.023812,-0.055116,0.51849,0.18459,0.074482
17212,-0.015815,0.060515,0.036479,-0.046671,0.58053,0.21837,0.11248
17213,0.0010752,0.056292,0.031932,-0.034329,0.64095,0.22194,0.13262
17214,0.016991,0.048822,0.009845,-0.033354,0.68447,0.16153,0.12255
17215,0.023162,0.042651,-0.018738,-0.047321,0.69454,0.023162,0.082277
17216,0.016666,0.040052,-0.037577,-0.067459,0.66238,-0.16815,0.026085
17217,0.0052977,0.041351,-0.039526,-0.083375,0.59482,-0.36596,-0.025884
17218,-0.0015233,0.04395,-0.026858,-0.093119,0.5081,-0.52251,-0.055116
17219,0.0020496,0.047198,-0.0073698,-0.10156,0.423,-0.62191,-0.053168
17220,0.014392,0.044275,0.0091954,-0.10514,0.35122,-0.67225,-0.028807
17221,0.028359,0.031282,0.018615,-0.093119,0.30315,-0.68784,-0.00087364
17222,0.039078,0.009845,0.021863,-0.050244,0.28398,-0.669,0.01764
17223,0.047198,-0.011267,0.01764,0.02641,0.27781,-0.60404,0.028359
17224,0.054344,-0.026858,0.0088706,0.12125,0.25735,-0.49003,0.039078
17225,0.06084,-0.028482,0.0014,0.21123,0.20928,-0.33867,0.055968
17226,0.065712,-0.01484,0.0020496,0.27879,0.14107,-0.17042,0.079354
17227,0.06896,0.012443,0.014068,0.31679,0.065062,-0.0018481,0.10729
17228,0.070259,0.045574,0.03583,0.32166,-0.010943,0.17192,0.13652
17229,0.070909,0.074157,0.061489,0.3051,-0.084024,0.35641,0.16445
17230,0.070259,0.084226,0.084551,0.28106,-0.14769,0.53506,0.18394
17231,0.067336,0.071558,0.10079,0.2567,-0.18894,0.68187,0.19304
17232,0.061814,0.041676,0.10761,0.23266,-0.19251,0.77931,0.19531
17233,0.055643,0.0091954,0.10014,0.20798,-0.16328,0.81959,0.20148
17234,0.05272,-0.01549,0.0852,0.17712,-0.13145,0.79815,0.2148
17235,0.055643,-0.023935,0.072533,0.14269,-0.12885,0.7202,0.23266
17236,0.064737,-0.015815,0.067011,0.10859,-0.16198,0.60164,0.24566
17237,0.075456,0.0049729,0.067661,0.07773,-0.2068,0.47042,0.24436
17238,0.084551,0.028684,0.068635,0.048497,-0.23344,0.35349,0.22129
17239,0.087474,0.050446,0.063438,0.019914,-0.22499,0.26352,0.1781
17240,0.081627,0.064088,0.054344,-0.0060706,-0.16945,0.20798,0.12223
17241,0.067986,0.067986,0.045899,-0.022961,-0.065835,0.18751,0.063438
17242,0.053044,0.06019,0.041676,-0.022636,0.066362,0.20148,0.015692
17243,0.041351,0.045249,0.040702,-0.011267,0.19531,0.24533,-0.01484
17244,0.033881,0.029009,0.039078,-0.0028225,0.28431,0.30574,-0.026858
17245,0.029333,0.019914,0.031932,-0.00054884,0.30542,0.36583,-0.016789
17246,0.026735,0.020564,0.023487,0.0010752,0.25345,0.41683,0.013093
17247,0.031282,0.026085,0.019264,0.011469,0.15179,0.4597,0.055318
17248,0.041027,0.030633,0.025761,0.032582,0.028684,0.49153,0.097868
17249,0.051745,0.031932,0.038428,0.053694,-0.085648,0.50128,0.1284
17250,0.053694,0.028359,0.046548,0.059865,-0.15938,0.47887,0.13652
17251,0.04395,0.020888,0.042975,0.051096,-0.15938,0.42495,0.11248
17252,0.020888,0.014068,0.027385,0.02641,-0.078503,0.35609,0.05272
17253,-0.0083442,0.011469,0.0017248,-0.0037969,0.061814,0.28528,-0.034329
17254,-0.029782,0.011794,-0.024585,-0.026209,0.21772,0.21935,-0.12138
17255,-0.036602,0.011469,-0.042449,-0.03303,0.34472,0.15536,-0.18374
17256,-0.032705,0.012443,-0.048945,-0.028807,0.39442,0.096893,-0.20778
17257,-0.024585,0.011794,-0.044723,-0.017114,0.34505,0.06084,-0.19608
17258,-0.014516,0.0088706,-0.03173,-0.0028225,0.2109,0.064413,-0.15613
17259,-0.0011985,0.0065969,-0.015165,0.0075714,0.038103,0.10696,-0.10286
17260,0.012119,0.0072465,0.00042559,0.010819,-0.12365,0.17355,-0.051868
17261,0.023812,0.012443,0.009845,0.0091954,-0.24675,0.23136,-0.015165
17262,0.033881,0.019589,0.015692,0.0072465,-0.33218,0.24468,0.0049729
17263,0.040377,0.02706,0.015692,-0.0028225,-0.39389,0.19304,0.0095202
17264,0.038103,0.033231,0.010495,-0.021337,-0.42702,0.078379,0.0043233
17265,0.030957,0.037454,0.00075039,-0.041475,-0.40234,-0.06681,-0.0041217
17266,0.021213,0.039402,-0.010943,-0.050894,-0.29547,-0.19413,-0.0063954
17267,0.011794,0.042001,-0.021337,-0.047646,-0.11001,-0.26527,0.0020496
17268,-0.00054884,0.044924,-0.027833,-0.037902,0.097543,-0.28346,0.012443
17269,-0.016464,0.048822,-0.033354,-0.032055,0.24176,-0.28605,0.012119
17270,-0.034329,0.048497,-0.039201,-0.034978,0.26125,-0.31074,-0.0089938
17271,-0.04862,0.044599,-0.050894,-0.045697,0.15471,-0.3731,-0.049595
17272,-0.056091,0.03583,-0.067459,-0.059664,-0.032055,-0.4634,-0.10286
17273,-0.059664,0.024786,-0.083375,-0.07428,-0.23571,-0.56604,-0.15841
17274,-0.059664,0.011469,-0.092794,-0.087597,-0.39389,-0.66186,-0.20648
17275,-0.05804,0.0017248,-0.092145,-0.098316,-0.46697,-0.7226,-0.23961
17276,-0.056416,-0.0024977,-0.082725,-0.10579,-0.44846,-0.72747,-0.25585
17277,-0.05739,-0.0028225,-0.067459,-0.11261,-0.36044,-0.66413,-0.26039
17278,-0.063561,-0.0041217,-0.058365,-0.11521,-0.24253,-0.54265,-0.26234
17279,-0.077203,-0.011592,-0.059989,-0.11293,-0.12787,-0.39551,-0.26299
17280,-0.094418,-0.025559,-0.070707,-0.10579,-0.038551,-0.2591,-0.2513
17281,-0.10384,-0.039526,-0.081101,-0.090196,0.020564,-0.14671,-0.212
17282,-0.095393,-0.044398,-0.082076,-0.062587,0.053044,-0.042449,-0.14281
17283,-0.068434,-0.034978,-0.06681,-0.025234,0.053369,0.070584,-0.050569
17284,-0.026209,-0.011267,-0.033354,0.011144,0.022512,0.19466,0.050121
17285,0.020239,0.026735,0.009845,0.039402,-0.023935,0.30802,0.14334
17286,0.060515,0.075131,0.054668,0.055968,-0.069408,0.3811,0.21642
17287,0.089423,0.1219,0.090397,0.062464,-0.11098,0.39831,0.25865
17288,0.10501,0.15146,0.10599,0.06831,-0.15938,0.36681,0.26742
17289,0.11086,0.15471,0.10404,0.07773,-0.22109,0.30639,0.2502
17290,0.11151,0.13002,0.090722,0.092021,-0.29612,0.23396,0.21707
17291,0.10729,0.090397,0.078704,0.10079,-0.37895,0.1664,0.16998
17292,0.094945,0.049796,0.075456,0.092346,-0.4673,0.10891,0.11573
17293,0.071234,0.016016,0.080653,0.070909,-0.56539,0.049147,0.061814
17294,0.045249,-0.014516,0.088773,0.044275,-0.67063,-0.026858,0.022837
17295,0.026735,-0.046347,0.091696,0.01764,-0.76352,-0.11878,0.0023744
17296,0.019264,-0.078827,0.082927,-0.0076946,-0.80899,-0.2081,0.0043233
17297,0.026085,-0.10774,0.064088,-0.029132,-0.76969,-0.25975,0.025436
17298,0.039402,-0.12722,0.039727,-0.043748,-0.62938,-0.24188,0.058241
17299,0.044924,-0.13469,0.017316,-0.050244,-0.39681,-0.14736,0.092996
17300,0.036804,-0.13047,0.0039985,-0.047646,-0.089546,0.012443,0.12515
17301,0.022512,-0.11098,0.003024,-0.03303,0.24988,0.22065,0.15146
17302,0.013743,-0.075255,0.012768,-0.0073698,0.55942,0.44509,0.16478
17303,0.015367,-0.03173,0.025761,0.021863,0.77184,0.63607,0.15991
17304,0.025436,0.008221,0.039727,0.046873,0.84947,0.75041,0.13782
17305,0.040702,0.036804,0.05207,0.058241,0.79198,0.75723,0.10274
17306,0.055968,0.054344,0.062464,0.054344,0.6338,0.65037,0.067336
17307,0.062139,0.064413,0.073182,0.042975,0.43404,0.45353,0.0433
17308,0.059865,0.06896,0.087474,0.041351,0.2567,0.21805,0.032906
17309,0.054668,0.077405,0.10794,0.058891,0.15438,0.0010752,0.041351
17310,0.064413,0.097218,0.1323,0.10079,0.14724,-0.15158,0.075456
17311,0.098193,0.13165,0.15244,0.16348,0.20928,-0.22954,0.13035
17312,0.14659,0.17225,0.16933,0.23624,0.28398,-0.26039,0.17647
17313,0.18751,0.20213,0.18102,0.30217,0.30477,-0.30489,0.17095
17314,0.20505,0.21447,0.18232,0.35154,0.22779,-0.41013,0.092671
17315,0.19531,0.20993,0.17225,0.37818,0.066037,-0.57513,-0.036927
17316,0.16835,0.19304,0.15341,0.37655,-0.10579,-0.75313,-0.16523
17317,0.1362,0.16933,0.13327,0.34017,-0.19348,-0.88143,-0.24091
17318,0.10339,0.14042,0.11573,0.27456,-0.13762,-0.9204,-0.24773
17319,0.074157,0.10404,0.10306,0.18524,0.053369,-0.86811,-0.20453
17320,0.05142,0.063113,0.088448,0.078055,0.30022,-0.74988,-0.14606
17321,0.033881,0.022837,0.06896,-0.033679,0.49543,-0.59819,-0.10221
17322,0.016991,-0.0093186,0.038103,-0.12398,0.5552,-0.44521,-0.085973
17323,-0.0034721,-0.034978,-0.0015233,-0.17919,0.44509,-0.31042,-0.09117
17324,-0.025884,-0.059014,-0.040825,-0.19608,0.19076,-0.19738,-0.10124
17325,-0.044073,-0.081101,-0.072331,-0.18179,-0.13664,-0.098965,-0.098316
17326,-0.055766,-0.096042,-0.093769,-0.14736,-0.45073,-0.017114,-0.076554
17327,-0.058689,-0.097017,-0.10416,-0.10449,-0.68622,0.029983,-0.046347
17328,-0.053168,-0.0824,-0.10351,-0.066485,-0.81452,0.019264,-0.024585
17329,-0.046347,-0.053492,-0.091495,-0.045047,-0.8366,-0.060313,-0.025559
17330,-0.044073,-0.019063,-0.072331,-0.038876,-0.76969,-0.19608,-0.046347
17331,-0.047971,0.0088706,-0.051219,-0.042124,-0.63782,-0.34484,-0.072656
17332,-0.05804,0.022837,-0.032705,-0.046347,-0.48191,-0.46015,-0.089221
17333,-0.06551,0.023487,-0.019063,-0.045697,-0.34647,-0.50692,-0.092794
17334,-0.065186,0.01829,-0.013541,-0.03303,-0.26234,-0.47055,-0.08305
17335,-0.04862,0.014392,-0.013866,-0.0060706,-0.22694,-0.35199,-0.060963
17336,-0.022961,0.013743,-0.013866,0.030308,-0.20096,-0.15776,-0.021661
17337,0.003024,0.021538,-0.0089938,0.064413,-0.1308,0.098193,0.034206
17338,0.024461,0.038103,0.0020496,0.087474,0.01764,0.37915,0.10599
17339,0.0433,0.059541,0.015692,0.09397,0.22682,0.64647,0.18557
17340,0.065712,0.080003,0.027385,0.089098,0.44281,0.87806,0.26319
17341,0.090722,0.095594,0.032906,0.081952,0.59417,1.0658,0.33043
17342,0.11768,0.10534,0.032257,0.077405,0.64192,1.1967,0.37753
17343,0.14009,0.11118,0.030957,0.071883,0.59028,1.2357,0.39117
17344,0.14919,0.11183,0.028684,0.062789,0.47984,1.1645,0.36356
17345,0.1323,0.10891,0.028684,0.050771,0.36324,1.0109,0.29568
17346,0.087149,0.10631,0.032906,0.038753,0.27716,0.82836,0.20538
17347,0.024137,0.10989,0.038428,0.033881,0.23916,0.66726,0.12125
17348,-0.037252,0.11443,0.039727,0.0433,0.23916,0.54805,0.058566
17349,-0.081426,0.10924,0.032906,0.065712,0.25345,0.46035,0.008221
17350,-0.10124,0.08585,0.014717,0.08585,0.25832,0.36713,-0.041475
17351,-0.10059,0.047523,-0.014516,0.085525,0.23754,0.23364,-0.098316
17352,-0.088896,-0.00054884,-0.047646,0.057592,0.18816,0.056292,-0.15743
17353,-0.076879,-0.04862,-0.074605,0.01017,0.12775,-0.12852,-0.20388
17354,-0.068434,-0.086948,-0.089221,-0.039851,0.085525,-0.27176,-0.22337
17355,-0.064536,-0.10676,-0.089546,-0.078178,0.074482,-0.34062,-0.2146
17356,-0.06681,-0.10546,-0.078827,-0.094743,0.081303,-0.33413,-0.18829
17357,-0.073306,-0.0837,-0.059989,-0.087597,0.080328,-0.28216,-0.15678
17358,-0.077528,-0.046347,-0.040175,-0.064536,0.042001,-0.22369,-0.13177
17359,-0.072656,0.0020496,-0.022961,-0.034978,-0.042449,-0.17789,-0.11358
17360,-0.057715,0.047523,-0.0093186,-0.0076946,-0.15386,-0.14866,-0.098965
17361,-0.033354,0.07773,-0.0018481,0.014717,-0.26039,-0.12885,-0.0824
17362,-0.0011985,0.090072,0.0033489,0.03583,-0.33315,-0.10189,-0.056741
17363,0.031282,0.083576,0.010819,0.062464,-0.35751,-0.048945,-0.013866
17364,0.053694,0.060515,0.024461,0.093321,-0.33965,0.036154,0.044924
17365,0.06019,0.028684,0.037129,0.11833,-0.30717,0.13847,0.10534
17366,0.044275,-0.0028225,0.041676,0.1245,-0.29547,0.21837,0.15016
17367,0.012443,-0.024585,0.033881,0.11346,-0.32438,0.24013,0.17355
17368,-0.021661,-0.029132,0.01764,0.092671,-0.38317,0.19953,0.18069
17369,-0.043748,-0.0099683,0.0023744,0.074157,-0.43839,0.12645,0.18524
17370,-0.043423,0.029009,-0.00022403,0.063113,-0.43741,0.060515,0.19628
17371,-0.025559,0.080003,0.010819,0.060515,-0.34809,0.034206,0.2135
17372,-0.0015233,0.13002,0.031932,0.062139,-0.17594,0.050771,0.22649
17373,0.021538,0.16575,0.056942,0.062789,0.030957,0.087474,0.22649
17374,0.037778,0.17192,0.075131,0.053694,0.20505,0.11248,0.21155
17375,0.046223,0.14399,0.077405,0.032257,0.28658,0.10436,0.18622
17376,0.049796,0.086175,0.064737,-0.00022403,0.25767,0.052395,0.15276
17377,0.053694,0.01764,0.046873,-0.034978,0.15081,-0.040825,0.11801
17378,0.060515,-0.039201,0.036479,-0.063886,0.028359,-0.16263,0.091047
17379,0.075456,-0.069733,0.036479,-0.093769,-0.052843,-0.28411,0.083251
17380,0.097868,-0.06551,0.048497,-0.14541,-0.055766,-0.36726,0.10014
17381,0.12125,-0.03238,0.066037,-0.21947,0.043625,-0.38382,0.13295
17382,0.13555,0.013093,0.081303,-0.28021,0.22974,-0.32113,0.16315
17383,0.1349,0.05207,0.083251,-0.27436,0.42722,-0.18439,0.17355
17384,0.11898,0.067661,0.06961,-0.17172,0.5435,-0.0028225,0.15991
17385,0.088448,0.054668,0.042001,0.012119,0.52142,0.17972,0.1284
17386,0.051096,0.024137,0.011144,0.22,0.37785,0.32231,0.088448
17387,0.014068,-0.0041217,-0.0080194,0.38045,0.18102,0.39637,0.054344
17388,-0.016789,-0.017439,-0.0089938,0.45548,0.0014,0.38825,0.029658
17389,-0.037252,-0.013866,0.0065969,0.44736,-0.12365,0.30672,0.013743
17390,-0.045047,0.0026992,0.031607,0.38045,-0.19576,0.18264,0.0046481
17391,-0.042124,0.021213,0.054668,0.27846,-0.23538,0.061165,0.0020496
17392,-0.030431,0.028034,0.065712,0.16705,-0.2461,-0.022636,0.00075039
17393,-0.015815,0.017965,0.057917,0.06831,-0.2133,-0.052518,0.00075039
17394,-0.00087364,-0.0089938,0.031932,-0.0011985,-0.11326,-0.027183,0.0010752
17395,0.014068,-0.043748,-0.00022403,-0.038227,0.078055,0.036479,0.00075039
17396,0.029983,-0.074605,-0.021012,-0.044723,0.34505,0.11151,0.0046481
17397,0.043625,-0.087272,-0.021012,-0.026533,0.62048,0.16868,0.014392
17398,0.053694,-0.075255,-0.0057458,0.0020496,0.82219,0.18881,0.030308
17399,0.055318,-0.045047,0.017316,0.026735,0.90826,0.17485,0.044924
17400,0.050446,-0.0063954,0.041351,0.039727,0.89462,0.14756,0.055968
17401,0.043625,0.028359,0.058891,0.036479,0.83648,0.13295,0.06084
17402,0.03518,0.05142,0.070259,0.018615,0.78029,0.14367,0.055968
17403,0.025761,0.062139,0.072208,-0.00087364,0.73384,0.17062,0.039727
17404,0.015692,0.061814,0.064088,-0.0073698,0.6783,0.18654,0.010819
17405,0.003024,0.046548,0.049796,0.0010752,0.58573,0.16478,-0.025559
17406,-0.0093186,0.015692,0.032582,0.01829,0.43957,0.099817,-0.058689
17407,-0.013541,-0.020362,0.01764,0.033556,0.24208,0.0085458,-0.080127
17408,-0.0047713,-0.042774,0.010495,0.040052,0.011144,-0.0837,-0.077203
17409,0.014068,-0.044723,0.015367,0.036804,-0.22012,-0.16263,-0.046022
17410,0.038753,-0.029782,0.02706,0.032257,-0.41858,-0.22726,0.0033489
17411,0.058891,-0.0054209,0.040052,0.034206,-0.56019,-0.27631,0.05207
17412,0.070909,0.022188,0.05272,0.044275,-0.62548,-0.30814,0.084226
17413,0.074806,0.047847,0.061814,0.056942,-0.60696,-0.32081,0.089748
17414,0.073832,0.065712,0.065062,0.067336,-0.5092,-0.31529,0.075456
17415,0.073182,0.071558,0.064737,0.071234,-0.36173,-0.29028,0.052395
17416,0.075781,0.069934,0.063113,0.06831,-0.21102,-0.24578,0.033881
17417,0.077405,0.067661,0.062789,0.063438,-0.086948,-0.18471,0.029983
17418,0.074806,0.067336,0.061489,0.057592,-0.0054209,-0.11358,0.043625
17419,0.070584,0.06896,0.057917,0.055643,0.034855,-0.042124,0.065387
17420,0.068635,0.071883,0.050446,0.056617,0.047523,0.012768,0.082277
17421,0.069285,0.070584,0.037778,0.054019,0.040052,0.033881,0.082602
17422,0.067661,0.061165,0.019264,0.038428,0.016666,0.015692,0.064413
17423,0.062464,0.045899,-0.0021729,0.008221,-0.01614,-0.043748,0.029333
17424,0.053694,0.031282,-0.022311,-0.029132,-0.047971,-0.13989,-0.01614
17425,0.042001,0.021863,-0.038551,-0.063237,-0.078503,-0.2565,-0.063237
17426,0.028034,0.021213,-0.050569,-0.089221,-0.10871,-0.36336,-0.10449
17427,0.016666,0.028684,-0.059989,-0.11066,-0.12982,-0.42994,-0.14249
17428,0.0085458,0.040702,-0.071682,-0.12852,-0.13307,-0.43741,-0.17854
17429,0.0033489,0.053044,-0.084999,-0.13924,-0.12203,-0.39324,-0.21232
17430,-0.00087364,0.06019,-0.095717,-0.14314,-0.1178,-0.32536,-0.23961
17431,-0.0096434,0.061814,-0.10514,-0.14639,-0.14184,-0.26039,-0.24968
17432,-0.023285,0.061814,-0.10709,-0.15386,-0.2055,-0.21102,-0.23019
17433,-0.038551,0.058241,-0.099615,-0.15776,-0.29515,-0.17757,-0.18147
17434,-0.051219,0.047523,-0.08305,-0.15256,-0.377,-0.15581,-0.12138
17435,-0.060638,0.030633,-0.065186,-0.12917,-0.42637,-0.13437,-0.069733
17436,-0.06681,0.015042,-0.048296,-0.085648,-0.44456,-0.10579,-0.038551
17437,-0.069083,0.003024,-0.030106,-0.025234,-0.43936,-0.062262,-0.022961
17438,-0.06681,-0.0041217,-0.0096434,0.037454,-0.40948,0.0036737,-0.0060706
17439,-0.05804,-0.0041217,0.010495,0.089098,-0.34387,0.099167,0.028684
17440,-0.04927,0.00075039,0.027709,0.1219,-0.23084,0.22454,0.082927
17441,-0.044073,0.0095202,0.038428,0.12937,-0.0837,0.35187,0.13522
17442,-0.043423,0.019264,0.042975,0.10664,0.062789,0.43112,0.16121
17443,-0.040175,0.031607,0.041351,0.062789,0.17615,0.42008,0.15179
17444,-0.021661,0.046223,0.033881,0.012443,0.24955,0.31971,0.11703
17445,0.020564,0.066037,0.021213,-0.037252,0.30737,0.17647,0.079679
17446,0.079354,0.087474,0.0026992,-0.084999,0.3863,0.061165,0.054019
17447,0.12872,0.10859,-0.018088,-0.12787,0.49608,0.019914,0.033881
17448,0.14756,0.12418,-0.03303,-0.14801,0.61464,0.049796,0.0036737
17449,0.12937,0.1271,-0.037252,-0.12138,0.68772,0.11086,-0.044723
17450,0.087149,0.11801,-0.03173,-0.038551,0.65264,0.14659,-0.11261
17451,0.037129,0.10047,-0.01614,0.081627,0.46328,0.11151,-0.18991
17452,-0.0018481,0.080653,0.0033489,0.19823,0.1245,0.00010078,-0.26202
17453,-0.017764,0.063113,0.021213,0.27391,-0.30229,-0.16653,-0.31204
17454,-0.0034721,0.05272,0.038103,0.29795,-0.73072,-0.35426,-0.32471
17455,0.040702,0.05207,0.054019,0.28041,-1.0857,-0.52771,-0.29255
17456,0.10339,0.061165,0.065387,0.24046,-1.3193,-0.65569,-0.22012
17457,0.1651,0.075781,0.070584,0.19531,-1.4148,-0.71935,-0.1217
17458,0.21025,0.090397,0.071558,0.15471,-1.3764,-0.71675,-0.024909
17459,0.22584,0.095919,0.070584,0.11833,-1.2234,-0.66705,0.039402
17460,0.2083,0.084876,0.066037,0.082927,-0.96977,-0.60112,0.061165
17461,0.16153,0.055318,0.056292,0.051096,-0.64464,-0.53128,0.048172
17462,0.10079,0.013743,0.039402,0.031932,-0.29677,-0.44943,0.021213
17463,0.046873,-0.028157,0.019264,0.029658,0.038103,-0.3364,0.0046481
17464,0.014068,-0.058689,0.0020496,0.037129,0.36129,-0.16653,0.013743
17465,0.0033489,-0.071357,-0.0060706,0.04395,0.72507,0.087799,0.055318
17466,0.0065969,-0.065835,-0.00054884,0.053044,1.1876,0.43632,0.12255
17467,0.013093,-0.048945,0.016341,0.058566,1.7333,0.84363,0.20051
17468,0.013743,-0.03238,0.03518,0.054019,2.2387,1.2194,0.26612
17469,0.0039985,-0.02426,0.049147,0.038428,2.5232,1.4578,0.29957
17470,-0.020687,-0.028482,0.054344,0.017316,2.4735,1.4874,0.28821
17471,-0.055766,-0.0405,0.049796,-0.0067202,2.0951,1.3045,0.23429
17472,-0.088247,-0.051544,0.037454,-0.03238,1.501,0.96998,0.15503
17473,-0.10546,-0.050569,0.020564,-0.059014,0.85467,0.58963,0.0852
17474,-0.10124,-0.032055,0.008221,-0.077853,0.29827,0.26319,0.044599
17475,-0.078827,0.00010078,0.0059473,-0.080127,-0.10124,0.038428,0.038428
17476,-0.046347,0.033556,0.012768,-0.060963,-0.35102,-0.096692,0.051745
17477,-0.01549,0.061165,0.030308,-0.023285,-0.5014,-0.18082,0.071558
17478,0.0075714,0.079029,0.05142,0.023812,-0.59462,-0.24253,0.0852
17479,0.019264,0.088448,0.069285,0.06961,-0.64821,-0.28898,0.089098
17480,0.020888,0.092346,0.082602,0.10144,-0.6664,-0.31074,0.087149
17481,0.020888,0.090397,0.090722,0.11573,-0.65796,-0.29612,0.080978
17482,0.020239,0.075456,0.095594,0.11476,-0.64432,-0.24708,0.076431
17483,0.01764,0.044924,0.094295,0.10371,-0.64237,-0.17594,0.073182
17484,0.0095202,0.00042559,0.088773,0.084226,-0.65309,-0.097991,0.067986
17485,-0.0050961,-0.048296,0.078704,0.062464,-0.66446,-0.025884,0.056942
17486,-0.026533,-0.094093,0.06019,0.042001,-0.65731,0.036479,0.044275
17487,-0.051544,-0.12982,0.033231,0.01829,-0.61606,0.089098,0.040702
17488,-0.069408,-0.14736,0.0043233,-0.014191,-0.53291,0.14464,0.047847
17489,-0.076229,-0.14574,-0.019712,-0.054142,-0.41176,0.21188,0.063763
17490,-0.071032,-0.13015,-0.033679,-0.093119,-0.27014,0.28431,0.086175
17491,-0.056416,-0.10546,-0.034654,-0.12105,-0.12885,0.34927,0.11054
17492,-0.037577,-0.080451,-0.02426,-0.12365,0.0020496,0.40286,0.12743
17493,-0.015165,-0.055116,-0.0083442,-0.094093,0.12093,0.44281,0.13327
17494,0.0039985,-0.027508,0.012443,-0.036602,0.22129,0.46328,0.1258
17495,0.019264,0.0026992,0.039402,0.033556,0.28203,0.45483,0.11346
17496,0.02706,0.032906,0.064088,0.10079,0.27456,0.40806,0.10144
17497,0.025436,0.059216,0.075456,0.14237,0.18524,0.31776,0.088124
17498,0.015367,0.076431,0.070584,0.14302,0.03518,0.19596,0.074806
17499,0.00075039,0.08585,0.054993,0.10566,-0.13437,0.06831,0.061489
17500,-0.0076946,0.085525,0.037778,0.062139,-0.27728,-0.043748,0.049472
17501,-0.0063954,0.073832,0.021863,0.038103,-0.36531,-0.1282,0.035505
17502,-0.00022403,0.05272,0.0085458,0.037454,-0.39454,-0.18536,0.016666
17503,0.0065969,0.02641,-0.0041217,0.045899,-0.38577,-0.22239,-0.0057458
17504,0.010495,0.00042559,-0.015165,0.048497,-0.36726,-0.24935,-0.032705
17505,0.012443,-0.01549,-0.025559,0.038753,-0.35881,-0.27371,-0.061613
17506,0.013093,-0.013541,-0.03173,0.019914,-0.36173,-0.29677,-0.089871
17507,0.010495,0.0046481,-0.033354,-0.0031473,-0.37115,-0.31529,-0.12268
17508,0.0033489,0.031282,-0.03173,-0.028157,-0.38447,-0.33315,-0.16035
17509,-0.0050961,0.054993,-0.028157,-0.049595,-0.39681,-0.35167,-0.19998
17510,-0.010943,0.068635,-0.021986,-0.061937,-0.39876,-0.37018,-0.23214
17511,-0.012892,0.070584,-0.014191,-0.062587,-0.39227,-0.38739,-0.24773
17512,-0.0083442,0.062464,-0.0063954,-0.055116,-0.377,-0.40201,-0.23928
17513,0.0026992,0.051745,0.0020496,-0.038876,-0.35524,-0.40688,-0.20648
17514,0.023162,0.046548,0.012768,-0.013541,-0.32243,-0.3848,-0.15386
17515,0.05207,0.053044,0.025436,0.019264,-0.25812,-0.32113,-0.086298
17516,0.082602,0.066686,0.037778,0.051096,-0.14996,-0.22012,-0.016464
17517,0.10534,0.082927,0.046223,0.069934,0.0049729,-0.10026,0.045574
17518,0.11573,0.092346,0.05142,0.074806,0.19109,0.014717,0.090397
17519,0.11313,0.090397,0.053694,0.06961,0.37883,0.10599,0.11638
17520,0.10242,0.080653,0.053369,0.061165,0.52856,0.1755,0.12905
17521,0.091372,0.06961,0.050771,0.054993,0.60164,0.23104,0.1297
17522,0.083251,0.064413,0.04395,0.05272,0.57306,0.27554,0.12125
17523,0.076431,0.064413,0.037129,0.054019,0.44639,0.29503,0.11118
17524,0.070584,0.067336,0.028359,0.057917,0.25637,0.28171,0.10274
17525,0.061165,0.067986,0.01829,0.06019,0.043625,0.23364,0.096244
17526,0.047523,0.067661,0.0049729,0.053694,-0.15418,0.16478,0.091696
17527,0.031607,0.066362,-0.012567,0.040702,-0.2984,0.099492,0.089748
17528,0.015367,0.063113,-0.030106,0.027385,-0.35914,0.051096,0.087799
17529,-0.0011985,0.057592,-0.046022,0.012443,-0.32893,0.01894,0.080653
17530,-0.014516,0.048497,-0.060963,-0.0050961,-0.22532,0.003024,0.067986
17531,-0.021986,0.034855,-0.069408,-0.021337,-0.083375,0.0059473,0.055318
17532,-0.02361,0.021538,-0.069408,-0.032705,0.053369,0.033556,0.046873
17533,-0.020037,0.010819,-0.059339,-0.033679,0.16056,0.086824,0.047198
17534,-0.012567,0.0088706,-0.039526,-0.025234,0.24468,0.15926,0.058891
17535,-0.0076946,0.01829,-0.010943,-0.0099683,0.33855,0.23266,0.081627
17536,-0.0041217,0.037778,0.025111,0.0095202,0.4688,0.2908,0.11281
17537,0.0046481,0.064413,0.058891,0.031282,0.6338,0.33985,0.14984
17538,0.02706,0.092346,0.076431,0.050771,0.80108,0.39214,0.17745
17539,0.057917,0.10956,0.072208,0.058891,0.91996,0.44574,0.16965
17540,0.082602,0.10859,0.051096,0.052395,0.95536,0.48666,0.10436
17541,0.087799,0.0865,0.025111,0.037778,0.893,0.50355,-0.0034721
17542,0.073182,0.05272,0.0095202,0.028034,0.74618,0.49121,-0.10871
17543,0.05207,0.016341,0.0078962,0.030308,0.5474,0.43989,-0.16685
17544,0.03583,-0.01614,0.01829,0.049796,0.33368,0.34082,-0.16133
17545,0.034206,-0.045697,0.03453,0.080653,0.13749,0.18849,-0.10741
17546,0.044599,-0.070058,0.048497,0.11346,-0.013541,-0.0031473,-0.032705
17547,0.058891,-0.086948,0.055968,0.13879,-0.094743,-0.20453,0.029009
17548,0.066037,-0.092469,0.059865,0.15568,-0.10416,-0.38025,0.050121
17549,0.061814,-0.080451,0.065062,0.16088,-0.064536,-0.50173,0.020564
17550,0.049472,-0.050569,0.076431,0.16056,-0.0089938,-0.55467,-0.045047
17551,0.035505,-0.0083442,0.093645,0.16705,0.047523,-0.5407,-0.11228
17552,0.026735,0.036479,0.11086,0.18427,0.095269,-0.4699,-0.14476
17553,0.028359,0.072208,0.11703,0.19271,0.11801,-0.37408,-0.13015
17554,0.040052,0.089423,0.10566,0.15796,0.10696,-0.30749,-0.079802
17555,0.058566,0.090397,0.075781,0.071883,0.065062,-0.32438,-0.019712
17556,0.07773,0.084876,0.038103,-0.033679,0.0020496,-0.44001,0.023162
17557,0.088124,0.080653,0.010495,-0.11488,-0.072331,-0.61249,0.036479
17558,0.083576,0.079354,0.003024,-0.13924,-0.14476,-0.77327,0.025436
17559,0.067011,0.076106,0.01017,-0.10871,-0.20972,-0.86584,0.0069217
17560,0.046873,0.071883,0.023162,-0.046022,-0.26884,-0.85772,-0.0034721
17561,0.032906,0.06896,0.036154,0.016666,-0.31756,-0.74533,0.0020496
17562,0.029658,0.071234,0.047523,0.059216,-0.34712,-0.55987,0.021213
17563,0.036479,0.079679,0.059541,0.075781,-0.34744,-0.35199,0.039078
17564,0.042326,0.087799,0.06896,0.071883,-0.32016,-0.17919,0.03518
17565,0.038428,0.089423,0.071558,0.057267,-0.26592,-0.079802,-0.0031473
17566,0.017965,0.080978,0.065712,0.036804,-0.19511,-0.055116,-0.072981
17567,-0.019063,0.063113,0.053369,0.014392,-0.12138,-0.090521,-0.15841
17568,-0.063237,0.042001,0.041676,-0.0024977,-0.051219,-0.16523,-0.23831
17569,-0.10319,0.020564,0.032906,-0.011592,0.011794,-0.24935,-0.29677
17570,-0.12755,0.0039985,0.020239,-0.024909,0.061489,-0.31983,-0.32503
17571,-0.13632,-0.0093186,-0.0060706,-0.059014,0.083901,-0.35589,-0.32243
17572,-0.13697,-0.021337,-0.044723,-0.12333,0.076106,-0.33055,-0.28995
17573,-0.13015,-0.031406,-0.083375,-0.20745,0.060515,-0.21427,-0.22661
17574,-0.11098,-0.037577,-0.10903,-0.28573,0.089098,-0.0011985,-0.13177
17575,-0.081751,-0.035628,-0.11845,-0.33543,0.20116,0.28301,-0.017439
17576,-0.042124,-0.022961,-0.11423,-0.34777,0.3746,0.5893,0.10436
17577,0.0056225,0.0023744,-0.10189,-0.32373,0.52986,0.86799,0.21675
17578,0.054019,0.032582,-0.081751,-0.26754,0.57891,1.0853,0.30282
17579,0.090722,0.05207,-0.054467,-0.16782,0.48179,1.2262,0.34764
17580,0.10599,0.054344,-0.022961,-0.02361,0.27067,1.2932,0.35187
17581,0.10112,0.047523,0.011144,0.14367,0.039727,1.2997,0.33043
17582,0.084876,0.038103,0.041027,0.29957,-0.096042,1.2659,0.3012
17583,0.066037,0.031607,0.063113,0.40741,-0.059664,1.2136,0.27846
17584,0.051096,0.029983,0.075781,0.44996,0.14334,1.16,0.26514
17585,0.042001,0.03453,0.080003,0.423,0.42722,1.1002,0.2541
17586,0.039727,0.042975,0.074806,0.34667,0.66823,0.99823,0.23754
17587,0.044599,0.050771,0.063763,0.24955,0.76502,0.804,0.207
17588,0.05207,0.051096,0.049472,0.16478,0.69356,0.49901,0.15796
17589,0.054668,0.04395,0.038428,0.11703,0.5055,0.12158,0.094945
17590,0.045249,0.031607,0.03453,0.10631,0.29275,-0.24675,0.029333
17591,0.029333,0.012768,0.03583,0.11443,0.12288,-0.52998,-0.031081
17592,0.012443,-0.008669,0.033556,0.12028,0.0075714,-0.69596,-0.080451
17593,-0.00022403,-0.029782,0.021863,0.11183,-0.085324,-0.76125,-0.11358
17594,-0.0060706,-0.042774,0.00010078,0.084551,-0.19251,-0.77034,-0.1269
17595,-0.007045,-0.046996,-0.023285,0.048172,-0.33023,-0.77034,-0.12203
17596,-0.0073698,-0.044398,-0.042124,0.015042,-0.48321,-0.77781,-0.10514
17597,-0.0083442,-0.038551,-0.051544,-0.014516,-0.61216,-0.78139,-0.0824
17598,-0.012567,-0.033679,-0.050894,-0.039526,-0.68524,-0.75995,-0.060313
17599,-0.014516,-0.03173,-0.046671,-0.055441,-0.70018,-0.70733,-0.040175
17600,-0.011592,-0.029782,-0.041799,-0.053492,-0.68589,-0.63685,-0.019388
17601,0.00075039,-0.023285,-0.034004,-0.023935,-0.67842,-0.56896,0.0046481
17602,0.021538,-0.0099683,-0.018738,0.032582,-0.69726,-0.50887,0.034206
17603,0.046223,0.012768,0.0036737,0.10664,-0.73137,-0.45041,0.066686
17604,0.069934,0.041676,0.03453,0.17874,-0.73266,-0.3835,0.098517
17605,0.087799,0.066362,0.066686,0.22682,-0.65211,-0.31009,0.12515
17606,0.097543,0.080978,0.088124,0.23526,-0.47412,-0.23181,0.14139
17607,0.09462,0.0852,0.092996,0.20148,-0.23409,-0.15126,0.14139
17608,0.074806,0.080978,0.080653,0.14009,-0.0050961,-0.064211,0.1206
17609,0.044599,0.071234,0.056292,0.070909,0.13912,0.027709,0.088124
17610,0.019589,0.058566,0.02641,0.014068,0.15828,0.11606,0.064413
17611,0.010495,0.046548,0.00075039,-0.024585,0.061165,0.18167,0.062464
17612,0.018615,0.036154,-0.012242,-0.045047,-0.11423,0.20311,0.079029
17613,0.036479,0.029983,-0.0093186,-0.044073,-0.31204,0.1716,0.10014
17614,0.059865,0.028684,0.0091954,-0.025234,-0.48061,0.097868,0.10696
17615,0.081627,0.029333,0.033231,0.0049729,-0.58683,0.0023744,0.090722
17616,0.090722,0.031282,0.056942,0.036479,-0.62808,-0.094093,0.050121
17617,0.081952,0.032257,0.074806,0.057267,-0.61898,-0.1701,-0.00022403
17618,0.06019,0.031607,0.085525,0.065712,-0.57481,-0.20583,-0.033679
17619,0.032906,0.033881,0.088124,0.067661,-0.50692,-0.19089,-0.029132
17620,0.011469,0.036804,0.0865,0.063763,-0.42312,-0.12885,0.0072465
17621,0.00010078,0.039727,0.082602,0.049796,-0.32795,-0.029132,0.048822
17622,-0.0021729,0.041676,0.076106,0.027709,-0.21849,0.0865,0.075131
17623,-0.0028225,0.040052,0.064088,0.0052977,-0.080776,0.19791,0.084876
17624,-0.0024977,0.03583,0.049472,-0.010293,0.10696,0.28658,0.0852
17625,0.0026992,0.029983,0.03583,-0.017114,0.34115,0.34894,0.081952
17626,0.015367,0.024461,0.02641,-0.020362,0.57728,0.38142,0.075781
17627,0.028359,0.01764,0.014717,-0.021661,0.7634,0.3798,0.065062
17628,0.036479,0.0072465,0.00010078,-0.020362,0.87838,0.34829,0.051096
17629,0.037778,-0.0028225,-0.011267,-0.022961,0.9336,0.30347,0.036154
17630,0.032257,-0.008669,-0.014191,-0.03303,0.94497,0.26449,0.023487
17631,0.021863,-0.0044465,-0.0034721,-0.049595,0.91801,0.23916,0.016341
17632,0.01017,0.0078962,0.012768,-0.063886,0.86831,0.21772,0.020888
17633,-0.0031473,0.025111,0.02641,-0.068434,0.81147,0.18394,0.036804
17634,-0.014516,0.042326,0.029983,-0.057065,0.75268,0.1349,0.056942
17635,-0.022636,0.056942,0.025436,-0.036927,0.68447,0.088773,0.073507
17636,-0.024585,0.063763,0.018615,-0.020037,0.59775,0.074157,0.080653
17637,-0.021012,0.062464,0.015692,-0.012242,0.48764,0.10436,0.07773
17638,-0.013866,0.055318,0.017965,-0.010618,0.35934,0.17322,0.067986
17639,-0.0083442,0.04395,0.020888,-0.016789,0.21675,0.26579,0.052395
17640,-0.007045,0.027709,0.021213,-0.036927,0.066686,0.36421,0.033881
17641,-0.008669,0.010819,0.016666,-0.068109,-0.070058,0.45353,0.017965
17642,-0.007045,-0.0015233,0.0072465,-0.097991,-0.17107,0.51687,0.012768
17643,0.0072465,0.00042559,-0.0015233,-0.11423,-0.23214,0.54026,0.021213
17644,0.036804,0.023487,-0.0024977,-0.11358,-0.27728,0.50842,0.042001
17645,0.076106,0.06896,0.0091954,-0.097341,-0.32568,0.42268,0.074806
17646,0.11346,0.1297,0.032906,-0.067459,-0.36953,0.31354,0.11736
17647,0.14074,0.19401,0.063438,-0.027508,-0.37505,0.22519,0.1677
17648,0.15568,0.24825,0.09462,0.017316,-0.30847,0.18459,0.2187
17649,0.15731,0.28008,0.11898,0.063763,-0.1675,0.19239,0.2567
17650,0.14626,0.27976,0.12678,0.10306,0.0088706,0.22649,0.26839
17651,0.12093,0.24663,0.11346,0.1219,0.17322,0.26677,0.25637
17652,0.084876,0.18524,0.0852,0.11248,0.28723,0.30445,0.22747
17653,0.041351,0.10794,0.048497,0.078704,0.3314,0.34017,0.18816
17654,-0.0060706,0.022837,0.014717,0.032582,0.30704,0.36843,0.14626
17655,-0.04862,-0.056416,-0.010943,-0.0096434,0.22617,0.37493,0.10534
17656,-0.079477,-0.12073,-0.030431,-0.035303,0.10242,0.34764,0.06961
17657,-0.092469,-0.1649,-0.046671,-0.045697,-0.044723,0.28333,0.044275
17658,-0.090521,-0.18926,-0.057065,-0.050894,-0.19056,0.19206,0.030308
17659,-0.078503,-0.19673,-0.061288,-0.059339,-0.31529,0.082927,0.020888
17660,-0.059014,-0.18634,-0.060313,-0.069083,-0.41598,-0.045047,0.0065969
17661,-0.035303,-0.15905,-0.052193,-0.077528,-0.51569,-0.19771,-0.022961
17662,-0.015815,-0.11651,-0.04115,-0.0824,-0.64367,-0.36563,-0.063886
17663,-0.0063954,-0.069733,-0.03303,-0.085648,-0.80867,-0.51829,-0.10611
17664,-0.0073698,-0.031081,-0.035628,-0.088247,-0.98666,-0.62288,-0.13762
17665,-0.017764,-0.0099683,-0.046996,-0.087597,-1.1351,-0.66056,-0.15711
17666,-0.032705,-0.010293,-0.058365,-0.081426,-1.2134,-0.6336,-0.16847
17667,-0.047646,-0.02361,-0.062912,-0.071357,-1.1971,-0.56247,-0.17367
17668,-0.055441,-0.043099,-0.061288,-0.05739,-1.0724,-0.47607,-0.17432
17669,-0.051544,-0.059664,-0.048296,-0.02426,-0.84407,-0.39844,-0.16653
17670,-0.036927,-0.069408,-0.020037,0.037778,-0.53161,-0.33348,-0.14834
17671,-0.018413,-0.06551,0.017965,0.12223,-0.17952,-0.28151,-0.12268
17672,-0.00054884,-0.046996,0.050771,0.19434,0.13652,-0.25065,-0.10449
17673,0.011794,-0.01614,0.063438,0.2109,0.36291,-0.23896,-0.10806
17674,0.013743,0.023162,0.050446,0.15698,0.51102,-0.23019,-0.13404
17675,0.0088706,0.059865,0.020888,0.061814,0.64062,-0.19186,-0.16718
17676,0.0020496,0.084551,-0.010618,-0.030106,0.78808,-0.09994,-0.18731
17677,0.0014,0.092996,-0.029457,-0.079802,0.93067,0.031607,-0.17854
17678,0.011469,0.0865,-0.028482,-0.075904,1.0051,0.15276,-0.13762
17679,0.033556,0.074806,-0.0073698,-0.028807,0.96575,0.20538,-0.076229
17680,0.062464,0.066362,0.021213,0.038103,0.82868,0.15373,-0.01549
17681,0.090397,0.065062,0.043625,0.098842,0.66628,0.0023744,0.023812
17682,0.10696,0.06896,0.054019,0.13295,0.54805,-0.2068,0.026735
17683,0.10761,0.072533,0.052395,0.1336,0.51265,-0.41111,-0.0031473
17684,0.09397,0.069934,0.04395,0.11183,0.5578,-0.55142,-0.050569
17685,0.076106,0.057267,0.03453,0.083576,0.65914,-0.58975,-0.096367
17686,0.057917,0.03518,0.029658,0.062789,0.78484,-0.52122,-0.12625
17687,0.0433,0.0052977,0.029009,0.055968,0.88715,-0.37505,-0.13859
17688,0.032582,-0.028482,0.027709,0.06084,0.92483,-0.19771,-0.13275
17689,0.026735,-0.057715,0.025761,0.075456,0.87676,-0.030756,-0.10319
17690,0.023812,-0.073955,0.022837,0.092346,0.75171,0.10339,-0.058365
17691,0.020239,-0.079477,0.017965,0.10436,0.57631,0.19953,-0.016464
17692,0.011144,-0.077528,0.01017,0.10729,0.3785,0.25345,0.0039985
17693,-0.0057458,-0.073631,0.0043233,0.09462,0.18849,0.26612,-0.0034721
17694,-0.024909,-0.065835,0.0020496,0.072533,0.027385,0.24436,-0.033354
17695,-0.040175,-0.04862,0.0052977,0.056942,-0.095393,0.20181,-0.069083
17696,-0.046347,-0.021661,0.014717,0.059541,-0.17919,0.15926,-0.09929
17697,-0.044398,0.0059473,0.02641,0.072208,-0.23733,0.1258,-0.12008
17698,-0.036278,0.028359,0.038103,0.077405,-0.29255,0.097868,-0.1321
17699,-0.025234,0.04395,0.045574,0.068635,-0.35491,0.064737,-0.13632
17700,-0.012892,0.056292,0.046223,0.047847,-0.4228,0.023812,-0.1282
17701,0.0039985,0.067661,0.042001,0.021213,-0.47996,-0.020687,-0.09929
17702,0.024786,0.07773,0.03583,-0.00087364,-0.51212,-0.059339,-0.056741
17703,0.049472,0.0852,0.031282,-0.010293,-0.51407,-0.087922,-0.014191
17704,0.070259,0.092996,0.023812,-0.0093186,-0.48516,-0.097666,0.011794
17705,0.081952,0.10209,0.015367,-0.010293,-0.4163,-0.077853,0.016016
17706,0.089423,0.11054,0.0088706,-0.018738,-0.31399,-0.018088,0.0059473
17707,0.090722,0.11703,0.0017248,-0.033354,-0.20128,0.079354,-0.0044465
17708,0.0865,0.11671,-0.0041217,-0.045372,-0.11163,0.18232,-0.0099683
17709,0.076106,0.10371,-0.0083442,-0.041799,-0.068109,0.24598,-0.01614
17710,0.057267,0.080003,-0.007045,-0.020687,-0.079802,0.24241,-0.028482
17711,0.026085,0.049796,0.0017248,0.009845,-0.13729,0.17095,-0.040825
17712,-0.012892,0.021538,0.012119,0.044275,-0.21167,0.057592,-0.046347
17713,-0.050569,0.00075039,0.019589,0.081952,-0.25098,-0.059989,-0.034978
17714,-0.071357,-0.011267,0.022512,0.1219,-0.22369,-0.14931,-0.0057458
17715,-0.068109,-0.0099683,0.027385,0.15958,-0.15288,-0.19998,0.036154
17716,-0.041799,0.0052977,0.038428,0.18881,-0.085973,-0.22239,0.083251
17717,-0.0021729,0.029658,0.063113,0.21512,-0.042774,-0.23831,0.12905
17718,0.037129,0.056942,0.094295,0.24501,-0.0089938,-0.26754,0.16738
17719,0.061489,0.082277,0.11833,0.26417,0.021863,-0.31594,0.18719
17720,0.065387,0.10144,0.12418,0.24728,0.029009,-0.36791,0.18362
17721,0.051745,0.10859,0.10729,0.17972,-0.015815,-0.39844,0.16283
17722,0.033881,0.097868,0.070584,0.074806,-0.11098,-0.38155,0.13295
17723,0.020564,0.06961,0.029009,-0.029782,-0.22661,-0.30262,0.10339
17724,0.011469,0.036804,-0.0028225,-0.097991,-0.31301,-0.16685,0.084226
17725,0.0049729,0.011144,-0.014191,-0.10741,-0.33543,0.00010078,0.080328
17726,-0.0015233,-0.0015233,-0.0044465,-0.068758,-0.28118,0.16608,0.082927
17727,-0.007045,-0.0041217,0.015367,-0.011592,-0.17887,0.2973,0.083901
17728,-0.010293,-0.0054209,0.033881,0.039402,-0.076879,0.3759,0.083901
17729,-0.0089938,-0.014191,0.04395,0.076755,-0.018738,0.40773,0.088124
17730,0.0026992,-0.029782,0.046873,0.10371,-0.016789,0.41456,0.10501
17731,0.026735,-0.038876,0.047523,0.12353,-0.063561,0.41488,0.13652
17732,0.057917,-0.029782,0.050771,0.1349,-0.14087,0.41358,0.17062
17733,0.0852,-0.0018481,0.057267,0.13295,-0.22532,0.40773,0.19434
17734,0.096893,0.03583,0.063438,0.11054,-0.29547,0.39604,0.20376
17735,0.092346,0.069934,0.065712,0.069285,-0.32373,0.38435,0.20213
17736,0.082277,0.089098,0.060515,0.02706,-0.28053,0.38337,0.19888
17737,0.080003,0.091696,0.050121,0.0056225,-0.15743,0.40319,0.20473
17738,0.088124,0.087149,0.038428,0.01829,0.016666,0.44379,0.22065
17739,0.099492,0.083901,0.029658,0.05207,0.19044,0.48276,0.23721
17740,0.10079,0.083576,0.025436,0.084226,0.32328,0.49543,0.24371
17741,0.0865,0.0852,0.024786,0.099167,0.39377,0.46328,0.23851
17742,0.055643,0.082277,0.023487,0.092996,0.39994,0.3798,0.22065
17743,0.017965,0.070909,0.015692,0.064737,0.35219,0.25702,0.19499
17744,-0.011592,0.053044,0.003024,0.024461,0.27456,0.1219,0.16575
17745,-0.020687,0.038103,-0.012892,-0.01549,0.19596,0.0036737,0.1336
17746,-0.012242,0.033556,-0.027183,-0.037902,0.13262,-0.078827,0.098517
17747,0.0020496,0.040377,-0.034654,-0.035303,0.085525,-0.1321,0.058566
17748,0.012768,0.051745,-0.030431,-0.014191,0.037778,-0.16847,0.013743
17749,0.015042,0.061489,-0.017114,0.012443,-0.016464,-0.20193,-0.031406
17750,0.012119,0.065062,-0.0031473,0.028359,-0.076554,-0.23571,-0.068109
17751,0.011144,0.057592,0.0065969,0.02641,-0.1256,-0.26429,-0.085324
17752,0.015367,0.042975,0.0065969,0.010819,-0.14444,-0.28605,-0.078827
17753,0.023162,0.02641,-0.0011985,-0.0083442,-0.12073,-0.29742,-0.05739
17754,0.033556,0.009845,-0.013866,-0.023285,-0.056416,-0.29093,-0.036927
17755,0.038103,-0.0021729,-0.022636,-0.030106,0.023162,-0.25325,-0.029782
17756,0.030957,-0.0060706,-0.025234,-0.025559,0.088448,-0.18017,-0.043099
17757,0.016341,-0.0028225,-0.022961,-0.010943,0.12255,-0.084349,-0.071682
17758,0.00075039,0.0043233,-0.021661,-0.00022403,0.12613,0.014717,-0.096042
17759,-0.0076946,0.010495,-0.024585,-0.0034721,0.11378,0.10501,-0.10091
17760,-0.0037969,0.013418,-0.033354,-0.018738,0.090397,0.18784,-0.081101
17761,0.010495,0.015692,-0.046996,-0.042449,0.061814,0.27521,-0.036927
17762,0.028034,0.019264,-0.05739,-0.06551,0.037778,0.37753,0.021863
17763,0.047847,0.031607,-0.055766,-0.080127,0.029658,0.48569,0.079029
17764,0.064413,0.055643,-0.042774,-0.080127,0.042651,0.57891,0.12548
17765,0.072858,0.085525,-0.02426,-0.065835,0.078704,0.62146,0.14951
17766,0.069285,0.10664,-0.0047713,-0.040825,0.12807,0.57891,0.14496
17767,0.051745,0.10924,0.011144,-0.018413,0.1781,0.43729,0.11703
17768,0.021538,0.094295,0.023162,-0.0041217,0.20668,0.21837,0.07708
17769,-0.016464,0.06961,0.029658,0.0065969,0.19499,-0.028482,0.036154
17770,-0.051544,0.044599,0.03453,0.01829,0.13944,-0.25098,0.0010752
17771,-0.071682,0.022837,0.038428,0.032906,0.053044,-0.41533,-0.019063
17772,-0.073306,0.0065969,0.04395,0.050121,-0.038227,-0.52154,-0.027183
17773,-0.059664,-0.0044465,0.052395,0.068635,-0.10546,-0.59105,-0.031081
17774,-0.043099,-0.014516,0.059541,0.083901,-0.14281,-0.64919,-0.038227
17775,-0.031406,-0.025884,0.059865,0.092021,-0.15905,-0.70278,-0.048945
17776,-0.026209,-0.037252,0.054344,0.097218,-0.1714,-0.73884,-0.053492
17777,-0.017114,-0.044723,0.049796,0.10664,-0.18407,-0.73884,-0.039526
17778,0.0010752,-0.046347,0.049796,0.1219,-0.19381,-0.70441,-0.0083442
17779,0.020888,-0.044723,0.054668,0.13684,-0.19413,-0.65536,0.024461
17780,0.033231,-0.041799,0.06019,0.14172,-0.18017,-0.61379,0.041351
17781,0.03453,-0.039526,0.057592,0.13035,-0.15191,-0.5865,0.03518
17782,0.02641,-0.040175,0.042975,0.10599,-0.11066,-0.56149,0.0075714
17783,0.010495,-0.037577,0.021213,0.078055,-0.063561,-0.50887,-0.030106
17784,-0.0063954,-0.034004,-0.0021729,0.05142,-0.026533,-0.40493,-0.064861
17785,-0.018088,-0.029132,-0.017114,0.03453,-0.013541,-0.25065,-0.092794
17786,-0.018738,-0.018413,-0.017764,0.031932,-0.022961,-0.070382,-0.11163
17787,-0.007045,0.0046481,-0.0021729,0.042001,-0.040175,0.098193,-0.1217
17788,0.016991,0.040052,0.027709,0.055968,-0.05804,0.22227,-0.1178
17789,0.044924,0.081303,0.067011,0.070909,-0.077203,0.29243,-0.098965
17790,0.063438,0.11736,0.10339,0.078379,-0.094093,0.31776,-0.073955
17791,0.063113,0.13749,0.1219,0.072533,-0.097341,0.31419,-0.060638
17792,0.043625,0.13652,0.11411,0.055318,-0.063886,0.28301,-0.071357
17793,0.016991,0.11833,0.083251,0.037778,0.036479,0.21642,-0.10546
17794,-0.0028225,0.087149,0.045249,0.025436,0.20116,0.12028,-0.14704
17795,-0.0080194,0.047847,0.0069217,0.0065969,0.39117,0.022512,-0.17562
17796,0.0026992,0.0085458,-0.028482,-0.031081,0.55487,-0.046996,-0.17659
17797,0.018615,-0.022961,-0.055766,-0.085324,0.64192,-0.070707,-0.14801
17798,0.028359,-0.044723,-0.067784,-0.13859,0.62828,-0.050244,-0.10026
17799,0.028034,-0.055766,-0.061613,-0.17172,0.52726,-0.0018481,-0.056091
17800,0.022837,-0.053492,-0.042449,-0.174,0.38662,0.055643,-0.033354
17801,0.022512,-0.038227,-0.01549,-0.14509,0.26417,0.097218,-0.039526
17802,0.03453,-0.013216,0.011794,-0.097341,0.19304,0.10631,-0.067134
17803,0.049472,0.015042,0.032582,-0.045697,0.17095,0.090072,-0.093119
17804,0.056617,0.038103,0.040377,-0.0037969,0.18264,0.082927,-0.097666
17805,0.055968,0.047523,0.033881,0.018615,0.2057,0.12743,-0.066485
17806,0.050771,0.046223,0.019264,0.020239,0.21642,0.23721,-0.0060706
17807,0.042326,0.03518,0.0056225,0.0078962,0.18784,0.37493,0.063113
17808,0.032582,0.016666,-0.0018481,-0.012892,0.10306,0.47432,0.11346
17809,0.022837,-0.00022403,-0.0028225,-0.028482,-0.038551,0.48244,0.1297
17810,0.016991,-0.0073698,-0.0041217,-0.033679,-0.21427,0.39994,0.11021
17811,0.012119,-0.0063954,-0.0093186,-0.033354,-0.38252,0.26027,0.068635
17812,0.0069217,-0.0057458,-0.019063,-0.033679,-0.50238,0.10242,0.021213
17813,-0.0018481,-0.0073698,-0.029782,-0.041475,-0.55142,-0.039526,-0.019388
17814,-0.013216,-0.008669,-0.039526,-0.056091,-0.53128,-0.14606,-0.047321
17815,-0.025884,-0.0050961,-0.045697,-0.070382,-0.46957,-0.20485,-0.06616
17816,-0.037902,0.0036737,-0.048945,-0.080776,-0.39844,-0.2081,-0.076554
17817,-0.047646,0.016341,-0.047646,-0.085648,-0.34712,-0.16198,-0.072331
17818,-0.046347,0.028684,-0.042774,-0.084674,-0.32795,-0.086298,-0.050894
17819,-0.033679,0.039078,-0.031406,-0.073631,-0.33543,-0.014516,-0.018413
17820,-0.013866,0.046873,-0.012242,-0.04992,-0.34322,0.03583,0.019264
17821,0.0052977,0.056617,0.012443,-0.017764,-0.32146,0.069934,0.054993
17822,0.014068,0.066686,0.030633,0.013418,-0.27631,0.096244,0.090072
17823,0.020888,0.069285,0.035505,0.033881,-0.24708,0.11638,0.11995
17824,0.032257,0.065387,0.028684,0.040052,-0.26007,0.11768,0.15049
17825,0.051745,0.064088,0.019264,0.036154,-0.30359,0.087149,0.18134
17826,0.077405,0.06831,0.010819,0.032582,-0.33543,0.023487,0.20798
17827,0.10339,0.075131,0.0036737,0.033556,-0.2932,-0.050569,0.22065
17828,0.1245,0.082277,-0.00054884,0.039078,-0.13534,-0.098965,0.22162
17829,0.13392,0.089098,0.0026992,0.048497,0.11638,-0.091495,0.21512
17830,0.13262,0.09462,0.014068,0.059216,0.38045,-0.0080194,0.2122
17831,0.12385,0.10112,0.035505,0.073832,0.56851,0.15146,0.22162
17832,0.11346,0.10859,0.062464,0.098517,0.63315,0.36518,0.24825
17833,0.10534,0.11573,0.085525,0.1349,0.58605,0.58865,0.29113
17834,0.10339,0.12158,0.097543,0.16998,0.49251,0.77184,0.3457
17835,0.10891,0.12223,0.099817,0.19174,0.44639,0.893,0.40221
17836,0.11963,0.11995,0.095269,0.19628,0.52239,0.96056,0.44769
17837,0.13035,0.11541,0.087474,0.18297,0.73417,0.98784,0.46782
17838,0.1336,0.10599,0.080653,0.15926,1.02,0.98037,0.44866
17839,0.12288,0.090397,0.071558,0.13457,1.2685,0.93685,0.38597
17840,0.097868,0.072858,0.057592,0.10859,1.387,0.85727,0.28561
17841,0.065062,0.059216,0.042326,0.082927,1.3532,0.75106,0.16413
17842,0.032582,0.048497,0.028684,0.061814,1.2123,0.63867,0.047198
17843,0.0049729,0.03583,0.01894,0.041027,1.0281,0.53181,-0.038551
17844,-0.013541,0.01894,0.0095202,0.019264,0.83778,0.42982,-0.077528
17845,-0.018738,0.0026992,-0.00054884,-0.0024977,0.63413,0.31322,-0.071682
17846,-0.010618,-0.0089938,-0.012242,-0.022311,0.40156,0.16283,-0.04115
17847,0.011144,-0.012567,-0.024909,-0.039851,0.13717,-0.038551,-0.0093186
17848,0.036479,-0.012242,-0.034978,-0.056091,-0.13957,-0.2854,-0.00087364
17849,0.056292,-0.0099683,-0.038227,-0.070058,-0.38804,-0.54265,-0.021337
17850,0.066362,-0.0063954,-0.035953,-0.079802,-0.56117,-0.74988,-0.059014
17851,0.065387,-0.00022403,-0.030431,-0.076229,-0.61996,-0.86421,-0.090845
17852,0.059541,0.0075714,-0.019712,-0.052843,-0.56182,-0.88143,-0.09929
17853,0.053369,0.013418,-0.0083442,-0.0099683,-0.42735,-0.8379,-0.085324
17854,0.048822,0.015367,0.0062721,0.040702,-0.28995,-0.78269,-0.059989
17855,0.042975,0.019264,0.022188,0.084226,-0.20323,-0.73949,-0.035303
17856,0.037129,0.027709,0.036154,0.11183,-0.18731,-0.70148,-0.01614
17857,0.03453,0.039402,0.047523,0.12158,-0.23831,-0.64627,-0.0060706
17858,0.035505,0.050446,0.057592,0.11671,-0.34452,-0.56929,-0.0099683
17859,0.040052,0.062139,0.073182,0.10047,-0.49945,-0.48354,-0.029132
17860,0.044275,0.07773,0.094945,0.07708,-0.68752,-0.41176,-0.063561
17861,0.041027,0.093645,0.11703,0.054668,-0.88435,-0.36823,-0.10644
17862,0.029333,0.10209,0.13457,0.048172,-1.0568,-0.34549,-0.14411
17863,0.01894,0.096893,0.14626,0.06019,-1.1718,-0.31496,-0.16068
17864,0.017965,0.07708,0.15406,0.091372,-1.2007,-0.24675,-0.14671
17865,0.019589,0.047523,0.15633,0.14009,-1.1325,-0.12885,-0.11033
17866,0.010495,0.009845,0.15211,0.19141,-0.9688,0.028034,-0.069408
17867,-0.019712,-0.034004,0.13814,0.21772,-0.72195,0.18946,-0.044723
17868,-0.068109,-0.079477,0.10761,0.19174,-0.41435,0.32134,-0.04862
17869,-0.1191,-0.11975,0.059216,0.11054,-0.075255,0.40026,-0.075255
17870,-0.15256,-0.14606,0.0036737,-0.0028225,0.25118,0.42462,-0.10611
17871,-0.15938,-0.15158,-0.043748,-0.10968,0.50128,0.39799,-0.1256
17872,-0.14184,-0.13469,-0.072656,-0.17757,0.63088,0.32231,-0.13047
17873,-0.10903,-0.10416,-0.079477,-0.19608,0.64907,0.20928,-0.1269
17874,-0.074605,-0.070058,-0.068109,-0.17367,0.62698,0.092996,-0.11423
17875,-0.041475,-0.0405,-0.044723,-0.13145,0.64354,0.010495,-0.086298
17876,-0.0099683,-0.017114,-0.014191,-0.090521,0.73157,-0.018088,-0.041475
17877,0.01894,-0.0021729,0.009845,-0.063886,0.84168,-0.0037969,0.0085458
17878,0.037454,-0.00087364,0.019264,-0.055116,0.89137,0.016016,0.050771
17879,0.041351,-0.015815,0.014717,-0.053817,0.81732,0.0088706,0.072533
17880,0.030308,-0.039851,0.0020496,-0.04992,0.61788,-0.035953,0.071883
17881,0.008221,-0.062262,-0.011592,-0.028482,0.34829,-0.10416,0.05142
17882,-0.022961,-0.075255,-0.016464,0.0075714,0.082602,-0.1701,0.022837
17883,-0.056741,-0.077853,-0.0063954,0.044599,-0.10709,-0.21037,0.0020496
17884,-0.088572,-0.06616,0.017316,0.067661,-0.18439,-0.21622,-0.0024977
17885,-0.10709,-0.035953,0.047847,0.075781,-0.1649,-0.19348,0.012119
17886,-0.10676,0.014392,0.070259,0.073182,-0.09182,-0.15581,0.036154
17887,-0.085324,0.074482,0.076106,0.063113,-0.022636,-0.12073,0.058241
17888,-0.050894,0.12548,0.061814,0.053044,-0.0054209,-0.096367,0.067661
17889,-0.014516,0.14951,0.031932,0.046873,-0.059664,-0.086623,0.062789
17890,0.013743,0.14172,-0.0057458,0.039727,-0.1688,-0.081426,0.053369
17891,0.029333,0.11086,-0.035303,0.030633,-0.29223,-0.062262,0.05142
17892,0.031607,0.072858,-0.045697,0.028684,-0.38934,-0.017439,0.058241
17893,0.024786,0.039727,-0.042774,0.036479,-0.44261,0.055318,0.062464
17894,0.013743,0.017316,-0.034004,0.053369,-0.45268,0.14724,0.051096
17895,-0.0057458,0.00075039,-0.020687,0.075781,-0.44164,0.23981,0.021538
17896,-0.029132,-0.020687,-0.0054209,0.099167,-0.42767,0.31224,-0.016789
17897,-0.050894,-0.050244,0.0091954,0.12385,-0.41435,0.35057,-0.048296
17898,-0.063561,-0.077203,0.020564,0.14561,-0.39389,0.34732,-0.058689
17899,-0.066485,-0.087272,0.029009,0.15731,-0.35979,0.30997,-0.046996
17900,-0.061613,-0.076229,0.034206,0.15438,-0.31756,0.24533,-0.028807
17901,-0.052518,-0.047646,0.037778,0.14042,-0.27599,0.169,-0.017764
17902,-0.037577,-0.007045,0.043625,0.1219,-0.23571,0.10371,-0.015165
17903,-0.019063,0.036154,0.049147,0.10436,-0.19673,0.072533,-0.016464
17904,0.0065969,0.069285,0.05142,0.094945,-0.15905,0.078379,-0.01484
17905,0.040702,0.084226,0.045899,0.091372,-0.13664,0.097218,-0.014516
17906,0.077405,0.082277,0.029658,0.091696,-0.15126,0.10177,-0.015815
17907,0.10729,0.073507,0.0072465,0.093645,-0.21395,0.074806,-0.020687
17908,0.12515,0.069285,-0.011917,0.095919,-0.30782,0.019589,-0.027508
17909,0.131,0.072208,-0.022311,0.098842,-0.38869,-0.050569,-0.031081
17910,0.1245,0.081952,-0.023285,0.092671,-0.41403,-0.1217,-0.027183
17911,0.11021,0.092671,-0.020362,0.078055,-0.37083,-0.19056,-0.015815
17912,0.091047,0.094295,-0.015165,0.062139,-0.27761,-0.25292,-0.0037969
17913,0.070909,0.082927,-0.012567,0.051745,-0.1714,-0.30294,0.0065969
17914,0.049472,0.060515,-0.015815,0.047523,-0.086623,-0.32763,0.012768
17915,0.030633,0.027385,-0.026209,0.039727,-0.034978,-0.32016,0.015042
17916,0.016991,-0.012242,-0.037577,0.023812,-0.00087364,-0.28248,0.015367
17917,0.0059473,-0.046996,-0.039851,0.0043233,0.032906,-0.21882,0.017316
17918,0.00010078,-0.065186,-0.032705,-0.013216,0.083251,-0.13567,0.025111
17919,0.00075039,-0.063886,-0.02361,-0.026533,0.15438,-0.04992,0.033231
17920,0.0095202,-0.048296,-0.021012,-0.030756,0.23721,0.012119,0.038428
17921,0.021213,-0.027183,-0.024585,-0.022636,0.31322,0.02706,0.040052
17922,0.029658,-0.0083442,-0.027183,-0.010293,0.3733,-0.017439,0.038753
17923,0.028684,0.0010752,-0.027183,-0.0028225,0.41196,-0.11553,0.038428
17924,0.017965,-0.00054884,-0.025884,-0.0018481,0.4178,-0.2487,0.038753
17925,0.0026992,-0.007045,-0.027508,-0.008669,0.37915,-0.39324,0.036479
17926,-0.01484,-0.0060706,-0.029457,-0.021661,0.29892,-0.52316,0.031932
17927,-0.025884,0.010819,-0.026858,-0.034329,0.19856,-0.61508,0.02641
17928,-0.023285,0.045249,-0.014516,-0.0405,0.10079,-0.65926,0.022512
17929,-0.0044465,0.089098,0.0033489,-0.046347,0.026085,-0.65601,0.01829
17930,0.025436,0.12807,0.021863,-0.05739,-0.011917,-0.60567,0.010819
17931,0.057592,0.15146,0.034855,-0.070058,-0.012892,-0.51472,0.0010752
17932,0.083576,0.15633,0.042001,-0.081101,0.014392,-0.40071,-0.0047713
17933,0.093645,0.14659,0.044599,-0.088896,0.051096,-0.28898,-0.007045
17934,0.087149,0.1219,0.041027,-0.097666,0.082927,-0.20388,-0.0015233
17935,0.069934,0.083251,0.029333,-0.11261,0.10047,-0.15548,0.0085458
17936,0.053694,0.040702,0.009845,-0.1334,0.10209,-0.14184,0.016341
17937,0.045899,0.003024,-0.0083442,-0.15581,0.0852,-0.14184,0.016991
17938,0.041676,-0.022636,-0.017764,-0.1636,0.057592,-0.12657,0.008221
17939,0.035505,-0.030756,-0.013216,-0.13729,0.0433,-0.070707,-0.011592
17940,0.027709,-0.022961,0.0062721,-0.071032,0.074482,0.021538,-0.038551
17941,0.01829,-0.0054209,0.033231,0.022188,0.15536,0.12807,-0.06616
17942,0.0085458,0.01764,0.059865,0.10924,0.25313,0.22422,-0.087272
17943,0.00010078,0.0433,0.079029,0.16543,0.31841,0.29697,-0.097991
17944,-0.00054884,0.073507,0.092346,0.18946,0.30997,0.34082,-0.096692
17945,0.014068,0.10924,0.10794,0.19791,0.20311,0.34505,-0.085648
17946,0.044275,0.14464,0.13035,0.20668,0.0075714,0.3051,-0.065186
17947,0.081627,0.16998,0.15601,0.22357,-0.22986,0.23234,-0.034978
17948,0.11963,0.17907,0.17095,0.24273,-0.43806,0.16315,0.0043233
17949,0.15276,0.169,0.1664,0.25085,-0.56409,0.14204,0.05272
17950,0.17355,0.13944,0.14009,0.23526,-0.58325,0.19141,0.098842
17951,0.1742,0.093645,0.10079,0.19986,-0.50887,0.30932,0.1336
17952,0.15179,0.046223,0.065062,0.16121,-0.3809,0.47497,0.15991
17953,0.11638,0.011469,0.043625,0.13067,-0.25065,0.64777,0.18816
17954,0.081627,-0.0050961,0.042001,0.11054,-0.14834,0.78419,0.21447
17955,0.053694,-0.0041217,0.05207,0.094295,-0.084674,0.86279,0.23526
17956,0.037454,0.0062721,0.063438,0.076431,-0.046022,0.89397,0.2541
17957,0.037778,0.020239,0.071883,0.059541,-0.0060706,0.90209,0.27749
17958,0.056292,0.03518,0.076431,0.05207,0.055643,0.893,0.30899
17959,0.087474,0.049147,0.078379,0.050771,0.13392,0.84882,0.34082
17960,0.12028,0.059865,0.078055,0.051745,0.19336,0.74326,0.35869
17961,0.13749,0.067986,0.071883,0.044275,0.19271,0.56104,0.3405
17962,0.12678,0.067661,0.054344,0.023162,0.11606,0.31484,0.26904
17963,0.091047,0.057917,0.028684,-0.016464,-0.0083442,0.041027,0.15016
17964,0.039402,0.043625,-0.00022403,-0.064536,-0.11488,-0.21557,0.015692
17965,-0.012242,0.028359,-0.02426,-0.10546,-0.13697,-0.40818,-0.098641
17966,-0.050894,0.014068,-0.036602,-0.11845,-0.034654,-0.4962,-0.17042
17967,-0.070382,0.0046481,-0.034004,-0.099615,0.19823,-0.4569,-0.19511
17968,-0.06681,-0.0015233,-0.018413,-0.060638,0.53343,-0.29677,-0.18049
17969,-0.045372,-0.0050961,0.0039985,-0.01549,0.89657,-0.051219,-0.14249
17970,-0.016464,-0.0067202,0.025436,0.027385,1.185,0.2187,-0.10449
17971,0.0091954,-0.0067202,0.041676,0.056942,1.324,0.44931,-0.078178
17972,0.026735,-0.0060706,0.048172,0.067986,1.301,0.57793,-0.067459
17973,0.03583,-0.007045,0.04395,0.06084,1.1704,0.57404,-0.072006
17974,0.036804,-0.0076946,0.033556,0.04395,1.0164,0.46035,-0.079802
17975,0.033231,-0.0054209,0.023487,0.026735,0.90112,0.30347,-0.078178
17976,0.028359,0.00010078,0.014068,0.015692,0.82966,0.17322,-0.05739
17977,0.024786,0.0088706,0.0056225,0.015692,0.75658,0.10047,-0.018088
17978,0.023162,0.016991,-0.00087364,0.024137,0.62471,0.074157,0.024461
17979,0.027709,0.022837,-0.0024977,0.039078,0.41098,0.070909,0.057267
17980,0.033556,0.025436,-0.00087364,0.056617,0.14334,0.083251,0.081627
17981,0.03583,0.029009,0.0036737,0.071883,-0.11878,0.13555,0.10794
17982,0.032257,0.036154,0.0095202,0.078055,-0.31561,0.2489,0.13684
17983,0.028034,0.046548,0.011469,0.06831,-0.41793,0.40156,0.15926
17984,0.025761,0.055968,0.0036737,0.041676,-0.43514,0.54513,0.16543
17985,0.020239,0.056942,-0.013866,0.0065969,-0.39032,0.64939,0.15146
17986,0.0056225,0.050121,-0.037252,-0.024585,-0.31789,0.71078,0.12678
17987,-0.016789,0.037129,-0.059664,-0.047646,-0.25098,0.73157,0.10047
17988,-0.038227,0.022512,-0.073955,-0.065186,-0.21037,0.71045,0.074806
17989,-0.055766,0.0078962,-0.075904,-0.083375,-0.20908,0.6338,0.044275
17990,-0.071357,-0.0057458,-0.070382,-0.10676,-0.23798,0.49803,0.0020496
17991,-0.081101,-0.013541,-0.063561,-0.12852,-0.27534,0.31646,-0.047971
17992,-0.080776,-0.008669,-0.058365,-0.13827,-0.29223,0.11606,-0.09117
17993,-0.067459,0.0075714,-0.053168,-0.13372,-0.25845,-0.07428,-0.11326
17994,-0.044398,0.027709,-0.04862,-0.1256,-0.15776,-0.23896,-0.11001
17995,-0.017114,0.044275,-0.045697,-0.12722,0.0052977,-0.38155,-0.091495
17996,0.0095202,0.056617,-0.043423,-0.13794,0.19401,-0.52122,-0.070382
17997,0.029658,0.06831,-0.04115,-0.15938,0.35414,-0.67582,-0.056416
17998,0.038753,0.079029,-0.044073,-0.18926,0.43794,-0.85772,-0.058689
17999,0.037454,0.084876,-0.053168,-0.2172,0.4308,-1.0607,-0.077853
18000,0.025111,0.081627,-0.067134,-0.22142,0.34505,-1.2559,-0.10416
18001,0.0088706,0.067986,-0.077528,-0.18439,0.21382,-1.3975,-0.12592
18002,-0.0054209,0.045249,-0.080127,-0.09994,0.078055,-1.4524,-0.13567
18003,-0.019712,0.01894,-0.073955,0.025436,-0.033354,-1.407,-0.13892
18004,-0.033679,-0.0015233,-0.058365,0.169,-0.11066,-1.2689,-0.14249
18005,-0.048296,-0.013216,-0.039526,0.2973,-0.15905,-1.062,-0.14379
18006,-0.062912,-0.016464,-0.023285,0.37428,-0.20355,-0.81906,-0.14574
18007,-0.078503,-0.018088,-0.018088,0.37948,-0.27111,-0.5878,-0.14444
18008,-0.095393,-0.023935,-0.028482,0.31484,-0.36953,-0.41111,-0.14184
18009,-0.10838,-0.034654,-0.046022,0.20798,-0.48159,-0.30522,-0.13827
18010,-0.11228,-0.044073,-0.062912,0.098193,-0.57676,-0.25747,-0.1308
18011,-0.10319,-0.044398,-0.067784,0.015692,-0.6271,-0.23636,-0.11163
18012,-0.082076,-0.034329,-0.056091,-0.017114,-0.61898,-0.20745,-0.076229
18013,-0.057065,-0.015165,-0.025559,0.0065969,-0.56019,-0.1623,-0.023935
18014,-0.03238,0.0046481,0.01829,0.072533,-0.47217,-0.11261,0.03453
18015,-0.011592,0.01894,0.06961,0.14561,-0.37798,-0.079152,0.089748
18016,0.01017,0.027709,0.11573,0.18816,-0.28768,-0.072981,0.13814
18017,0.037778,0.039078,0.14886,0.18687,-0.19641,-0.087922,0.18427
18018,0.071558,0.06084,0.17225,0.1638,-0.098316,-0.10741,0.23299
18019,0.11054,0.096893,0.19499,0.16023,-0.0050961,-0.10903,0.27976
18020,0.15114,0.14464,0.22292,0.19921,0.078704,-0.068758,0.32004
18021,0.18751,0.19693,0.2515,0.2515,0.16023,0.025436,0.35317
18022,0.21512,0.24111,0.27034,0.26774,0.22844,0.15763,0.37493
18023,0.22941,0.26417,0.26352,0.2122,0.24533,0.28853,0.37883
18024,0.22129,0.25637,0.22357,0.093321,0.1651,0.37753,0.36096
18025,0.18816,0.2161,0.15633,-0.033354,-0.022636,0.40838,0.32523
18026,0.13912,0.15179,0.078055,-0.095393,-0.26559,0.40221,0.27879
18027,0.087799,0.078055,0.0069217,-0.064861,-0.46632,0.39182,0.22844
18028,0.048172,0.011794,-0.041799,0.021213,-0.54623,0.40189,0.18069
18029,0.02706,-0.032055,-0.061288,0.10826,-0.49003,0.43697,0.14009
18030,0.026735,-0.052843,-0.055766,0.15763,-0.35979,0.48601,0.11443
18031,0.036804,-0.059014,-0.036927,0.15179,-0.25487,0.53246,0.10664
18032,0.042326,-0.059339,-0.015165,0.10047,-0.24513,0.56721,0.11216
18033,0.031932,-0.060313,0.0023744,0.026085,-0.34582,0.58475,0.11866
18034,0.0033489,-0.064861,0.008221,-0.046996,-0.51927,0.56364,0.11313
18035,-0.042449,-0.064536,0.0033489,-0.10514,-0.70213,0.48666,0.091696
18036,-0.097017,-0.057065,-0.0028225,-0.14022,-0.83823,0.35187,0.057592
18037,-0.14087,-0.043748,-0.007045,-0.15418,-0.89377,0.1781,0.023487
18038,-0.1649,-0.030431,-0.0050961,-0.15321,-0.87006,-0.008669,0.0072465
18039,-0.16782,-0.025884,0.0056225,-0.14574,-0.79633,-0.18601,0.013093
18040,-0.15029,-0.03238,0.021213,-0.13762,-0.70051,-0.3338,0.031282
18041,-0.11423,-0.044073,0.035505,-0.12885,-0.59852,-0.44261,0.048497
18042,-0.071032,-0.055766,0.044924,-0.11488,-0.48289,-0.5014,0.05207
18043,-0.028482,-0.062587,0.047847,-0.090845,-0.33478,-0.4975,0.046548
18044,0.0056225,-0.064536,0.045899,-0.062912,-0.13827,-0.41143,0.042975
18045,0.026735,-0.06616,0.037778,-0.038876,0.095594,-0.24253,0.037778
18046,0.029658,-0.065186,0.02641,-0.020037,0.31386,-0.025234,0.019264
18047,0.01894,-0.059014,0.018615,-0.0083442,0.45743,0.17907,-0.024909
18048,0.0026992,-0.04927,0.01894,-0.0037969,0.51947,0.31841,-0.090521
18049,-0.013866,-0.038876,0.024786,-0.0018481,0.5474,0.35869,-0.16977
18050,-0.026858,-0.03238,0.029333,0.0010752,0.59352,0.29503,-0.26202
18051,-0.034329,-0.034329,0.025436,0.0023744,0.66791,0.15471,-0.35719
18052,-0.030431,-0.039201,0.015042,-0.0044465,0.72929,-0.0050961,-0.43969
18053,-0.01484,-0.036927,0.0062721,-0.014191,0.73157,-0.12203,-0.48679
18054,0.0075714,-0.021986,0.00010078,-0.016789,0.66238,-0.15613,-0.48386
18055,0.029333,-0.00087364,-0.0037969,-0.0089938,0.54968,-0.096692,-0.43059
18056,0.039402,0.015692,-0.008669,0.011144,0.43957,0.031607,-0.34322
18057,0.038103,0.020888,-0.01549,0.034206,0.37233,0.18557,-0.23798
18058,0.030308,0.014392,-0.026533,0.03518,0.36941,0.32296,-0.13437
18059,0.025111,-0.00087364,-0.0405,0.00010078,0.43859,0.42073,-0.050244
18060,0.032906,-0.01549,-0.055116,-0.056741,0.56234,0.48829,0.0075714
18061,0.053369,-0.020687,-0.063237,-0.11066,0.69162,0.54643,0.037454
18062,0.076755,-0.01614,-0.059014,-0.13794,0.77314,0.60619,0.044275
18063,0.093645,-0.0024977,-0.041475,-0.12625,0.77509,0.66368,0.044924
18064,0.092346,0.021538,-0.017114,-0.076554,0.69519,0.69811,0.058241
18065,0.072858,0.051096,0.0059473,-0.0063954,0.56007,0.6848,0.081627
18066,0.042651,0.07708,0.020888,0.066362,0.41326,0.60814,0.096244
18067,0.014717,0.09397,0.02641,0.12223,0.28885,0.47464,0.0865
18068,-0.0047713,0.096893,0.021538,0.14919,0.19434,0.30542,0.046873
18069,-0.013216,0.0865,0.012443,0.13782,0.11313,0.11443,-0.023285
18070,-0.011267,0.067336,0.0039985,0.092346,0.029009,-0.087597,-0.11001
18071,-0.0034721,0.044275,-0.0024977,0.031932,-0.070058,-0.28995,-0.19089
18072,0.0039985,0.023812,-0.008669,-0.021661,-0.18114,-0.47347,-0.23928
18073,0.01017,0.0075714,-0.01549,-0.054467,-0.28833,-0.62418,-0.23896
18074,0.016991,-0.00054884,-0.019712,-0.063886,-0.36921,-0.74078,-0.19316
18075,0.02641,0.003024,-0.021012,-0.053817,-0.40883,-0.83206,-0.11943
18076,0.039402,0.021538,-0.018413,-0.032055,-0.40916,-0.89994,-0.04115
18077,0.051096,0.048497,-0.010943,-0.0067202,-0.39064,-0.93827,0.019264
18078,0.057592,0.074806,0.00010078,0.01764,-0.37635,-0.93989,0.049472
18079,0.057267,0.089098,0.009845,0.045249,-0.38545,-0.90709,0.048497
18080,0.054668,0.085525,0.017316,0.080328,-0.41468,-0.84862,0.030957
18081,0.055318,0.062464,0.023162,0.11931,-0.43806,-0.76969,0.01829
18082,0.060515,0.029983,0.028684,0.15179,-0.42475,-0.66381,0.022837
18083,0.070584,0.0020496,0.037454,0.17257,-0.35784,-0.52316,0.044924
18084,0.080003,-0.012567,0.048497,0.18199,-0.23441,-0.34257,0.077405
18085,0.084876,-0.010943,0.056292,0.18459,-0.061613,-0.12625,0.10924
18086,0.088448,0.0014,0.057267,0.18427,0.14139,0.096893,0.13295
18087,0.092021,0.019914,0.053044,0.17842,0.3353,0.29762,0.15146
18088,0.098842,0.037454,0.045574,0.16543,0.47399,0.4597,0.17192
18089,0.10501,0.049796,0.039727,0.14756,0.53214,0.58963,0.19986
18090,0.10989,0.053369,0.03518,0.13392,0.51719,0.68804,0.23494
18091,0.11118,0.05272,0.032257,0.1297,0.44509,0.74391,0.27002
18092,0.11443,0.056292,0.029009,0.12807,0.3353,0.74066,0.29633
18093,0.12125,0.06961,0.027385,0.12288,0.2096,0.67862,0.30445
18094,0.12645,0.087799,0.025761,0.11248,0.092996,0.57436,0.28918
18095,0.12028,0.10242,0.023487,0.096569,0.0088706,0.46035,0.2502
18096,0.097543,0.10404,0.016666,0.072533,-0.02361,0.36713,0.19239
18097,0.057917,0.087149,0.0026992,0.039402,-0.014191,0.31029,0.13522
18098,0.013418,0.058566,-0.014191,0.0039985,0.0072465,0.29113,0.092021
18099,-0.019388,0.029658,-0.025884,-0.023935,0.008221,0.29827,0.072533
18100,-0.027508,0.018615,-0.025234,-0.039526,-0.021012,0.31646,0.080328
18101,-0.0057458,0.029983,-0.011592,-0.043099,-0.060313,0.33043,0.11086
18102,0.03518,0.06084,0.011469,-0.034654,-0.081101,0.32751,0.14919
18103,0.079679,0.10144,0.03518,-0.01549,-0.064536,0.3012,0.18102
18104,0.10989,0.13555,0.05272,0.012119,-0.0076946,0.25572,0.19628
18105,0.11638,0.14984,0.066686,0.045574,0.07773,0.2044,0.19011
18106,0.10274,0.14204,0.080003,0.072533,0.17387,0.16283,0.16705
18107,0.079029,0.11801,0.090072,0.084876,0.26255,0.13555,0.13457
18108,0.05142,0.084551,0.094295,0.084551,0.33887,0.11671,0.099167
18109,0.025761,0.044599,0.089423,0.082602,0.40156,0.095594,0.06831
18110,0.011144,0.0023744,0.075131,0.085525,0.43957,0.051096,0.044924
18111,0.0065969,-0.033679,0.057592,0.090397,0.43827,-0.032055,0.026735
18112,0.0043233,-0.054792,0.041027,0.089748,0.38922,-0.14899,0.0075714
18113,0.00010078,-0.059339,0.030308,0.079354,0.30087,-0.28183,-0.018088
18114,-0.0067202,-0.046347,0.026735,0.063438,0.19401,-0.40526,-0.042124
18115,-0.01549,-0.02426,0.028034,0.045249,0.089748,-0.48516,-0.052193
18116,-0.022636,-0.00022403,0.031607,0.032906,-0.00054884,-0.49685,-0.04115
18117,-0.026209,0.015692,0.038753,0.029009,-0.077203,-0.42475,-0.008669
18118,-0.022961,0.020239,0.051745,0.033881,-0.14281,-0.28248,0.037778
18119,-0.011917,0.019264,0.063438,0.042975,-0.19933,-0.10091,0.090072
18120,0.008221,0.018615,0.069285,0.049147,-0.2448,0.086175,0.13847
18121,0.032906,0.019264,0.06831,0.04395,-0.27793,0.2528,0.17257
18122,0.05272,0.022512,0.061814,0.023162,-0.30424,0.40514,0.18914
18123,0.062789,0.029983,0.052395,-0.0057458,-0.32731,0.56592,0.19434
18124,0.061489,0.039727,0.042326,-0.031081,-0.33867,0.73741,0.19141
18125,0.047198,0.047523,0.036154,-0.043748,-0.33543,0.8891,0.18492
18126,0.019589,0.050121,0.036479,-0.041475,-0.32276,0.97257,0.17192
18127,-0.011592,0.048172,0.040702,-0.029782,-0.31269,0.94984,0.14821
18128,-0.039851,0.038753,0.045899,-0.01549,-0.31951,0.81309,0.11833
18129,-0.056091,0.020564,0.049147,0.00042559,-0.34679,0.59612,0.089748
18130,-0.061288,-0.0018481,0.047198,0.024786,-0.37603,0.3444,0.066037
18131,-0.061288,-0.017764,0.041027,0.049472,-0.36791,0.10112,0.039078
18132,-0.064861,-0.019063,0.033881,0.067661,-0.28313,-0.10514,-0.0018481
18133,-0.072656,-0.0083442,0.029333,0.071883,-0.11845,-0.26364,-0.061613
18134,-0.076879,0.0091954,0.027709,0.057267,0.090722,-0.37473,-0.13047
18135,-0.076554,0.025761,0.02641,0.02641,0.28658,-0.43904,-0.18342
18136,-0.069408,0.038753,0.023162,-0.0060706,0.41456,-0.46405,-0.2016
18137,-0.059014,0.048172,0.023487,-0.028157,0.45191,-0.46925,-0.18796
18138,-0.044073,0.055968,0.030308,-0.034654,0.41163,-0.47932,-0.16263
18139,-0.029132,0.058891,0.037778,-0.03173,0.32166,-0.51569,-0.14444
18140,-0.020037,0.052395,0.038753,-0.029132,0.21155,-0.58358,-0.14314
18141,-0.020362,0.029009,0.029009,-0.025234,0.089748,-0.66998,-0.16035
18142,-0.030431,-0.0034721,0.012443,-0.021337,-0.04115,-0.75962,-0.19056
18143,-0.0405,-0.03173,-0.0099683,-0.020362,-0.1714,-0.83433,-0.21817
18144,-0.042774,-0.046996,-0.034978,-0.027183,-0.28086,-0.88403,-0.23409
18145,-0.034329,-0.048945,-0.060638,-0.042449,-0.34387,-0.90319,-0.23733
18146,-0.020037,-0.043423,-0.080451,-0.059014,-0.34517,-0.88565,-0.22856
18147,-0.0083442,-0.034654,-0.087272,-0.068109,-0.2906,-0.82329,-0.21297
18148,-0.0047713,-0.029132,-0.080776,-0.067459,-0.20031,-0.70863,-0.19381
18149,-0.0067202,-0.029132,-0.06551,-0.055441,-0.098641,-0.55077,-0.17205
18150,-0.0093186,-0.030106,-0.046022,-0.035953,-0.010943,-0.37927,-0.14639
18151,-0.0073698,-0.028157,-0.028157,-0.01484,0.049147,-0.23409,-0.12365
18152,-0.00087364,-0.020687,-0.020037,0.0033489,0.085525,-0.13957,-0.11488
18153,0.0039985,-0.0093186,-0.022636,0.016991,0.11021,-0.092145,-0.12365
18154,0.0043233,-0.0015233,-0.029132,0.023812,0.11703,-0.077203,-0.14249
18155,-0.0018481,0.0023744,-0.030431,0.021863,0.085525,-0.079802,-0.16165
18156,-0.008669,0.0043233,-0.021012,0.014392,0.0095202,-0.09929,-0.1701
18157,-0.010943,0.0075714,-0.0076946,0.0095202,-0.10319,-0.13599,-0.16555
18158,-0.0047713,0.016666,0.003024,0.0043233,-0.23668,-0.17854,-0.14736
18159,0.0078962,0.032582,0.008221,0.003024,-0.37473,-0.19641,-0.11033
18160,0.02641,0.053369,0.01017,0.0075714,-0.4975,-0.15905,-0.047321
18161,0.051745,0.073182,0.014068,0.025111,-0.57773,-0.056741,0.039402
18162,0.081303,0.088124,0.01894,0.053369,-0.57676,0.087149,0.14042
18163,0.10696,0.097543,0.022837,0.080653,-0.46307,0.24241,0.23786
18164,0.11866,0.10177,0.022837,0.099167,-0.24545,0.38987,0.31127
18165,0.11151,0.098193,0.022512,0.10826,0.031932,0.52174,0.34894
18166,0.091372,0.088448,0.023487,0.10534,0.29633,0.62925,0.34992
18167,0.065712,0.078704,0.026085,0.090072,0.49608,0.70071,0.31841
18168,0.042651,0.074482,0.026735,0.064737,0.62438,0.72702,0.26677
18169,0.026085,0.080003,0.025111,0.032582,0.72182,0.70948,0.20473
18170,0.019914,0.095919,0.024461,-0.0015233,0.83193,0.6692,0.14561
18171,0.02641,0.11573,0.027385,-0.031406,0.96348,0.626,0.10144
18172,0.037778,0.12807,0.034206,-0.04115,1.0759,0.58346,0.080978
18173,0.043625,0.12353,0.045249,-0.025884,1.1187,0.51914,0.07708
18174,0.041351,0.10664,0.055318,0.0065969,1.0551,0.41066,0.076431
18175,0.037454,0.084876,0.063113,0.044924,0.8839,0.26092,0.061165
18176,0.037129,0.067011,0.070584,0.0865,0.64484,0.098842,0.021863
18177,0.047847,0.057592,0.080003,0.13295,0.39831,-0.044723,-0.038876
18178,0.071558,0.058566,0.092671,0.18459,0.20246,-0.14671,-0.10546
18179,0.10112,0.062139,0.10469,0.23981,0.074482,-0.19998,-0.15938
18180,0.11963,0.057592,0.11183,0.28723,-0.0060706,-0.20908,-0.19511
18181,0.11248,0.038753,0.10501,0.30185,-0.084024,-0.19089,-0.21849
18182,0.079679,0.0069217,0.079354,0.25702,-0.20096,-0.15808,-0.23506
18183,0.032257,-0.029457,0.039727,0.15211,-0.37018,-0.11683,-0.23928
18184,-0.008669,-0.059664,0.00075039,0.024786,-0.57091,-0.072981,-0.21557
18185,-0.025559,-0.072331,-0.018738,-0.072656,-0.75313,-0.03238,-0.15451
18186,-0.012892,-0.057715,-0.0073698,-0.11033,-0.87168,0.0088706,-0.066485
18187,0.024461,-0.013866,0.030633,-0.088572,-0.89604,0.058566,0.019264
18188,0.06961,0.048172,0.079679,-0.032055,-0.83011,0.10761,0.080978
18189,0.10664,0.10826,0.12255,0.030308,-0.70895,0.14042,0.11021
18190,0.1206,0.14204,0.14496,0.076106,-0.58618,0.14237,0.11248
18191,0.10501,0.13132,0.13749,0.093321,-0.51245,0.10664,0.09397
18192,0.067986,0.076106,0.10209,0.0852,-0.50757,0.036479,0.064413
18193,0.023812,0.00075039,0.053694,0.058241,-0.55077,-0.053168,0.03453
18194,-0.008669,-0.065835,0.009845,0.019589,-0.60079,-0.13859,0.016666
18195,-0.022961,-0.10189,-0.01484,-0.019063,-0.60339,-0.18699,0.016666
18196,-0.015815,-0.095068,-0.015165,-0.044398,-0.49978,-0.17205,0.034855
18197,0.0075714,-0.055766,0.0026992,-0.045372,-0.2578,-0.078827,0.066362
18198,0.037129,-0.0073698,0.027385,-0.024585,0.098193,0.084551,0.10274
18199,0.057592,0.032906,0.044275,-0.00022403,0.49056,0.28366,0.13067
18200,0.065062,0.057917,0.0433,0.0033489,0.80952,0.46782,0.13912
18201,0.062464,0.064737,0.023162,-0.017764,0.96445,0.5984,0.13555
18202,0.057267,0.058891,-0.0067202,-0.053168,0.9258,0.65686,0.13425
18203,0.052395,0.053369,-0.030431,-0.081101,0.73806,0.64387,0.14724
18204,0.05207,0.054344,-0.039526,-0.085648,0.48991,0.57793,0.1742
18205,0.056292,0.064413,-0.035953,-0.059339,0.25702,0.48082,0.20505
18206,0.06084,0.08585,-0.024585,-0.013541,0.079029,0.37558,0.22877
18207,0.058891,0.11183,-0.0076946,0.032582,-0.041799,0.26839,0.23526
18208,0.049147,0.13132,0.011794,0.066037,-0.13112,0.14756,0.22259
18209,0.031607,0.13717,0.030633,0.080978,-0.21102,0.0059473,0.19856
18210,0.010495,0.12937,0.040377,0.07773,-0.2867,-0.14606,0.16998
18211,-0.008669,0.10534,0.036479,0.056617,-0.34907,-0.28865,0.14204
18212,-0.015815,0.069285,0.019264,0.023162,-0.38902,-0.40623,0.11573
18213,-0.012567,0.027385,-0.0047713,-0.0096434,-0.40461,-0.49458,0.089423
18214,-0.0067202,-0.012242,-0.026533,-0.034329,-0.40396,-0.54947,0.062139
18215,-0.0073698,-0.044073,-0.0405,-0.043748,-0.39292,-0.57059,0.038753
18216,-0.013541,-0.064211,-0.046996,-0.046347,-0.36791,-0.56734,0.01829
18217,-0.021661,-0.069733,-0.04862,-0.050244,-0.31659,-0.55435,0.0010752
18218,-0.028157,-0.063237,-0.046996,-0.053817,-0.21785,-0.5446,-0.018738
18219,-0.036927,-0.056741,-0.045047,-0.052518,-0.060313,-0.53616,-0.044723
18220,-0.051219,-0.062262,-0.044398,-0.045047,0.14724,-0.51309,-0.079802
18221,-0.07493,-0.076229,-0.04862,-0.034329,0.36811,-0.45593,-0.11683
18222,-0.10286,-0.092794,-0.060638,-0.025234,0.55422,-0.35524,-0.14444
18223,-0.12657,-0.10903,-0.0824,-0.021986,0.67505,-0.22044,-0.15061
18224,-0.13664,-0.11943,-0.10774,-0.026533,0.7241,-0.075904,-0.13242
18225,-0.1295,-0.11715,-0.12852,-0.039526,0.7176,0.059541,-0.093769
18226,-0.10384,-0.096042,-0.13275,-0.054142,0.68025,0.18394,-0.04862
18227,-0.068758,-0.059989,-0.11683,-0.067784,0.62665,0.30899,-0.0063954
18228,-0.03173,-0.013216,-0.08305,-0.072331,0.56169,0.43859,0.023487
18229,0.003024,0.036804,-0.039851,-0.064211,0.48536,0.56332,0.041027
18230,0.031607,0.083901,0.0017248,-0.040825,0.39572,0.65978,0.048497
18231,0.049472,0.11541,0.03583,-0.0067202,0.2934,0.69876,0.054019
18232,0.050771,0.12418,0.06019,0.024786,0.17939,0.65621,0.056942
18233,0.037454,0.10761,0.073182,0.04395,0.062789,0.53116,0.056942
18234,0.023162,0.073507,0.073832,0.049472,-0.041475,0.35414,0.056617
18235,0.016341,0.034855,0.061489,0.052395,-0.1256,0.169,0.065062
18236,0.01829,-0.00087364,0.038103,0.059865,-0.19056,0.020564,0.084551
18237,0.023812,-0.028157,0.009845,0.071883,-0.23409,-0.069408,0.11378
18238,0.02706,-0.04862,-0.013866,0.083576,-0.25065,-0.095717,0.14561
18239,0.024137,-0.062587,-0.021986,0.095594,-0.24286,-0.070707,0.17452
18240,0.014717,-0.065186,-0.0083442,0.10989,-0.22434,-0.021986,0.19531
18241,0.0059473,-0.053168,0.01894,0.12418,-0.2172,0.015367,0.20181
18242,0.0043233,-0.029782,0.048822,0.13555,-0.23928,0.011144,0.19141
18243,0.012768,0.0033489,0.071883,0.14107,-0.29288,-0.055441,0.16413
18244,0.029658,0.0433,0.082602,0.14139,-0.36726,-0.19413,0.12255
18245,0.047523,0.082602,0.081627,0.14074,-0.44099,-0.38837,0.074482
18246,0.057267,0.11541,0.074806,0.13295,-0.49685,-0.60209,0.027385
18247,0.055318,0.1362,0.06831,0.11768,-0.53421,-0.78983,-0.013541
18248,0.046223,0.14561,0.064088,0.10404,-0.55954,-0.91748,-0.042449
18249,0.036804,0.14172,0.064737,0.097543,-0.57481,-0.96555,-0.059339
18250,0.030633,0.12548,0.071558,0.10014,-0.57773,-0.93632,-0.067134
18251,0.030633,0.099817,0.080978,0.10891,-0.56214,-0.84212,-0.065835
18252,0.036479,0.068635,0.085525,0.12093,-0.5118,-0.69824,-0.059989
18253,0.0433,0.036154,0.080328,0.12353,-0.41273,-0.51959,-0.050569
18254,0.044599,0.0065969,0.065387,0.11118,-0.26916,-0.32406,-0.039526
18255,0.038428,-0.019712,0.039727,0.078055,-0.10806,-0.14314,-0.03173
18256,0.023487,-0.044073,0.0056225,0.023812,0.022512,-0.008669,-0.030106
18257,0.0020496,-0.062912,-0.028482,-0.045047,0.065712,0.057917,-0.041475
18258,-0.018738,-0.073306,-0.057065,-0.11001,-0.015165,0.068635,-0.072656
18259,-0.033679,-0.076229,-0.070707,-0.15418,-0.19478,0.062789,-0.11358
18260,-0.038876,-0.070058,-0.069083,-0.17107,-0.39811,0.078055,-0.14736
18261,-0.033354,-0.05739,-0.051544,-0.16393,-0.5537,0.12872,-0.1597
18262,-0.017114,-0.036602,-0.025559,-0.13469,-0.63197,0.20311,-0.14639
18263,0.0059473,-0.0067202,0.0065969,-0.086948,-0.63652,0.27911,-0.11423
18264,0.029333,0.030957,0.041027,-0.03303,-0.57221,0.34764,-0.072981
18265,0.05272,0.072533,0.074157,0.01829,-0.44976,0.4152,-0.024585
18266,0.076431,0.10859,0.10014,0.064737,-0.27144,0.49088,0.030633
18267,0.10177,0.13197,0.11216,0.10631,-0.017764,0.57306,0.09397
18268,0.1232,0.13977,0.10956,0.14074,0.33823,0.65361,0.16283
18269,0.14074,0.1349,0.094945,0.1664,0.79328,0.72832,0.22649
18270,0.15114,0.12223,0.078379,0.18199,1.2915,0.79361,0.27911
18271,0.15471,0.11183,0.063763,0.19239,1.7274,0.8381,0.31516
18272,0.15568,0.11378,0.057917,0.19628,2.01,0.86117,0.33952
18273,0.1625,0.1336,0.063763,0.19661,2.1052,0.87741,0.35512
18274,0.18069,0.16965,0.078379,0.19304,2.0431,0.89527,0.35284
18275,0.20603,0.2148,0.09397,0.18751,1.8817,0.88877,0.31224
18276,0.22389,0.25475,0.10177,0.18784,1.6787,0.81439,0.2148
18277,0.22454,0.27976,0.10274,0.18979,1.4692,0.63965,0.067986
18278,0.2044,0.28593,0.10209,0.18362,1.2513,0.36811,-0.094743
18279,0.16705,0.26839,0.10274,0.16185,1.0028,0.034206,-0.23506
18280,0.11573,0.21837,0.10339,0.13067,0.715,-0.2958,-0.32601
18281,0.064737,0.13717,0.10079,0.10209,0.40643,-0.54752,-0.35686
18282,0.026085,0.040052,0.095919,0.084226,0.11866,-0.6781,-0.33802
18283,0.008221,-0.055116,0.0865,0.073507,-0.10838,-0.69304,-0.27988
18284,0.0052977,-0.13502,0.072208,0.066362,-0.26657,-0.62515,-0.19446
18285,0.01017,-0.19251,0.05207,0.06084,-0.37505,-0.51309,-0.097666
18286,0.01894,-0.22012,0.02706,0.047198,-0.45528,-0.38642,-0.0044465
18287,0.030633,-0.21817,0.0059473,0.025436,-0.51992,-0.27306,0.074157
18288,0.044924,-0.19024,-0.0024977,0.0075714,-0.57124,-0.18114,0.13587
18289,0.057917,-0.14314,0.0010752,0.0049729,-0.61476,-0.10416,0.18232
18290,0.058566,-0.086623,0.0043233,0.0091954,-0.65958,-0.030756,0.207
18291,0.038753,-0.038876,-0.0041217,0.00010078,-0.71448,0.048172,0.20083
18292,-0.0011985,-0.010293,-0.020687,-0.035303,-0.77554,0.14626,0.16998
18293,-0.046347,0.0014,-0.039851,-0.0837,-0.81971,0.28106,0.13392
18294,-0.080451,0.0049729,-0.050244,-0.12333,-0.81257,0.45418,0.11638
18295,-0.087597,0.01017,-0.043099,-0.13177,-0.73202,0.63672,0.13197
18296,-0.067459,0.021863,-0.019712,-0.10189,-0.5839,0.77704,0.17127
18297,-0.030756,0.04395,0.0091954,-0.044398,-0.39584,0.83193,0.21058
18298,0.0049729,0.072533,0.033556,0.021863,-0.20778,0.78191,0.2187
18299,0.029658,0.098842,0.042326,0.072858,-0.059989,0.64712,0.18329
18300,0.037778,0.11606,0.033881,0.096244,0.011794,0.47075,0.11638
18301,0.031607,0.11703,0.014717,0.096244,-0.013216,0.30412,0.041676
18302,0.014392,0.10469,-0.0076946,0.081627,-0.1282,0.18037,-0.017114
18303,-0.0083442,0.081303,-0.024585,0.059541,-0.28865,0.10469,-0.052518
18304,-0.03173,0.051096,-0.036278,0.032582,-0.42345,0.052395,-0.074605
18305,-0.055116,0.01764,-0.042774,0.0033489,-0.47509,-0.012892,-0.10124
18306,-0.080127,-0.017114,-0.047321,-0.022636,-0.42117,-0.11001,-0.14639
18307,-0.10611,-0.04927,-0.051219,-0.043099,-0.28508,-0.22304,-0.20843
18308,-0.13015,-0.078503,-0.056091,-0.05804,-0.11326,-0.31496,-0.27404
18309,-0.14801,-0.098965,-0.062587,-0.069408,0.062464,-0.35232,-0.32308
18310,-0.15646,-0.10936,-0.06681,-0.070707,0.23948,-0.30814,-0.33932
18311,-0.15353,-0.10774,-0.064536,-0.059989,0.41618,-0.16912,-0.30977
18312,-0.13989,-0.097666,-0.054142,-0.042449,0.57014,0.05272,-0.23636
18313,-0.11975,-0.0824,-0.043748,-0.030431,0.66141,0.30704,-0.13599
18314,-0.10059,-0.064211,-0.039526,-0.03173,0.65719,0.51947,-0.038227
18315,-0.086298,-0.044398,-0.041799,-0.046671,0.55552,0.62828,0.034206
18316,-0.072331,-0.025559,-0.04862,-0.071357,0.3876,0.60684,0.073832
18317,-0.054792,-0.010943,-0.051868,-0.093119,0.19693,0.47432,0.082277
18318,-0.03238,-0.0021729,-0.047971,-0.098316,0.032906,0.27976,0.073507
18319,-0.011592,-0.00087364,-0.036927,-0.085324,-0.069408,0.06961,0.060515
18320,0.0036737,-0.0015233,-0.022961,-0.06551,-0.10936,-0.13372,0.051096
18321,0.017316,0.0033489,-0.011917,-0.04927,-0.11813,-0.33478,0.042651
18322,0.028034,0.016666,-0.0041217,-0.042774,-0.13762,-0.54265,0.031282
18323,0.034855,0.040702,-0.00054884,-0.041799,-0.19608,-0.7632,0.016341
18324,0.036804,0.06961,0.0017248,-0.040825,-0.29775,-0.98764,0.0036737
18325,0.038103,0.099492,0.0065969,-0.037902,-0.41728,-1.1952,-0.010293
18326,0.040702,0.12158,0.014068,-0.033679,-0.51829,-1.3566,-0.031081
18327,0.041027,0.13067,0.021213,-0.027508,-0.57708,-1.443,-0.06681
18328,0.032582,0.1258,0.022837,-0.020362,-0.60794,-1.445,-0.11748
18329,0.011469,0.10859,0.022837,-0.017764,-0.65439,-1.3784,-0.16847
18330,-0.019712,0.081303,0.021863,-0.025559,-0.74923,-1.2653,-0.2042
18331,-0.050894,0.045249,0.020564,-0.037577,-0.88532,-1.1224,-0.22207
18332,-0.071682,-0.0021729,0.020564,-0.043099,-1.0175,-0.96035,-0.22661
18333,-0.078827,-0.054792,0.020239,-0.039526,-1.0773,-0.78074,-0.21525
18334,-0.07493,-0.10059,0.01764,-0.024909,-0.98277,-0.58358,-0.18569
18335,-0.062587,-0.12657,0.0085458,-0.0044465,-0.70603,-0.37343,-0.14119
18336,-0.044723,-0.12917,-0.0018481,0.017316,-0.32113,-0.15938,-0.090845
18337,-0.025234,-0.10968,-0.0073698,0.033556,0.024137,0.049796,-0.043423
18338,-0.0050961,-0.07428,-0.0060706,0.038753,0.20343,0.24111,-0.0018481
18339,0.014717,-0.037252,0.00010078,0.031932,0.18719,0.40514,0.033231
18340,0.031932,-0.0073698,0.0085458,0.016991,0.062464,0.5448,0.062464
18341,0.048172,0.015042,0.016016,-0.00054884,-0.031406,0.66433,0.091372
18342,0.066362,0.032906,0.023487,-0.022961,-0.01549,0.75463,0.11995
18343,0.086175,0.048172,0.029983,-0.058365,0.089423,0.79036,0.13977
18344,0.098842,0.062789,0.034855,-0.10644,0.21512,0.74359,0.14756
18345,0.10014,0.070259,0.036154,-0.14866,0.2973,0.61496,0.14561
18346,0.0865,0.067336,0.033556,-0.15516,0.30477,0.44639,0.13879
18347,0.061165,0.057592,0.030633,-0.10611,0.24728,0.31451,0.1349
18348,0.03583,0.048172,0.033231,-0.0054209,0.1651,0.27359,0.13879
18349,0.020239,0.050446,0.039078,0.11671,0.11833,0.32263,0.14659
18350,0.022512,0.063763,0.048822,0.22389,0.16153,0.43112,0.15666
18351,0.040052,0.079354,0.056617,0.28983,0.30997,0.56786,0.1729
18352,0.063763,0.090072,0.063763,0.30607,0.52174,0.70428,0.20018
18353,0.083251,0.094295,0.069285,0.28756,0.70818,0.81439,0.23331
18354,0.089748,0.095594,0.073507,0.24695,0.78873,0.87318,0.25897
18355,0.080978,0.093321,0.076106,0.19953,0.72734,0.86149,0.26969
18356,0.060515,0.091372,0.075781,0.15698,0.5552,0.78419,0.26807
18357,0.045249,0.093321,0.079679,0.13392,0.36648,0.66336,0.26807
18358,0.046873,0.098842,0.091047,0.14009,0.25897,0.52337,0.27944
18359,0.066037,0.10761,0.10566,0.17095,0.26514,0.36291,0.28853
18360,0.091372,0.11476,0.11833,0.20668,0.32848,0.16413,0.26677
18361,0.10631,0.11573,0.12353,0.22747,0.35869,-0.087597,0.20083
18362,0.10534,0.11021,0.12418,0.22584,0.30997,-0.37473,0.099817
18363,0.088448,0.10209,0.12288,0.20798,0.21252,-0.64724,-0.0024977
18364,0.065387,0.098842,0.11833,0.18329,0.13749,-0.84635,-0.076879
18365,0.048822,0.10144,0.11378,0.15861,0.13522,-0.94379,-0.12073
18366,0.040702,0.10761,0.11021,0.13522,0.20181,-0.95516,-0.14736
18367,0.037778,0.11118,0.10436,0.11086,0.29892,-0.91586,-0.17172
18368,0.034206,0.10859,0.092021,0.081952,0.38045,-0.84895,-0.2029
18369,0.030957,0.095594,0.069934,0.05142,0.41748,-0.76709,-0.22889
18370,0.034855,0.071234,0.045899,0.023812,0.40611,-0.67485,-0.23506
18371,0.044599,0.040052,0.028359,0.0043233,0.35544,-0.56799,-0.21167
18372,0.059216,0.014717,0.016991,-0.0054209,0.27944,-0.44391,-0.1649
18373,0.073507,0.00042559,0.0085458,-0.010618,0.19628,-0.30587,-0.11196
18374,0.080003,0.00075039,-0.00054884,-0.017114,0.11995,-0.1701,-0.06616
18375,0.075781,0.011469,-0.010293,-0.028482,0.057917,-0.054467,-0.035628
18376,0.066362,0.026735,-0.018088,-0.04115,0.0085458,0.035505,-0.018738
18377,0.058891,0.040377,-0.022636,-0.047321,-0.027183,0.10924,-0.0093186
18378,0.054344,0.047198,-0.023935,-0.044073,-0.04862,0.17387,0.0014
18379,0.048822,0.046548,-0.021986,-0.036278,-0.061937,0.22422,0.016341
18380,0.038753,0.041676,-0.025234,-0.031081,-0.072981,0.24468,0.029658
18381,0.023487,0.03583,-0.037902,-0.029457,-0.088247,0.22779,0.034206
18382,0.0056225,0.026735,-0.055766,-0.03303,-0.10968,0.18362,0.033231
18383,-0.008669,0.016666,-0.068758,-0.037902,-0.13794,0.13555,0.038103
18384,-0.01614,0.012119,-0.073955,-0.040825,-0.16815,0.10144,0.049796
18385,-0.011267,0.017316,-0.067459,-0.038876,-0.19641,0.089748,0.067336
18386,0.0075714,0.033231,-0.047321,-0.029132,-0.21525,0.091372,0.089098
18387,0.033881,0.054344,-0.017439,-0.0089938,-0.21265,0.088773,0.11086
18388,0.061165,0.072208,0.0085458,0.01894,-0.18342,0.064088,0.12678
18389,0.082602,0.079679,0.023487,0.047523,-0.13859,0.012119,0.13977
18390,0.096244,0.076431,0.025761,0.068635,-0.096692,-0.058689,0.15601
18391,0.10014,0.064737,0.024137,0.074482,-0.072981,-0.12625,0.16965
18392,0.091372,0.048497,0.024786,0.071883,-0.061613,-0.17205,0.16965
18393,0.069934,0.031932,0.031607,0.067661,-0.046671,-0.18342,0.15146
18394,0.039402,0.014392,0.040377,0.062464,-0.021012,-0.15191,0.11313
18395,0.0017248,-0.0041217,0.036804,0.040702,-0.0031473,-0.081101,0.050771
18396,-0.040825,-0.025234,0.011144,-0.012892,-0.016464,0.011469,-0.031081
18397,-0.08305,-0.047971,-0.028807,-0.09929,-0.063886,0.11021,-0.12333
18398,-0.11845,-0.064861,-0.070058,-0.19738,-0.1269,0.2083,-0.20713
18399,-0.14119,-0.069408,-0.097341,-0.27728,-0.18114,0.3038,-0.2591
18400,-0.14411,-0.062912,-0.10351,-0.31334,-0.22077,0.39149,-0.26657
18401,-0.12495,-0.051868,-0.093444,-0.29482,-0.25617,0.45093,-0.23701
18402,-0.094093,-0.045047,-0.077528,-0.23441,-0.29223,0.46263,-0.19641
18403,-0.060638,-0.045697,-0.061937,-0.15613,-0.33218,0.41943,-0.16133
18404,-0.034004,-0.05739,-0.052518,-0.077853,-0.37018,0.33498,-0.13599
18405,-0.019063,-0.075255,-0.045047,-0.012567,-0.40428,0.23006,-0.11748
18406,-0.015165,-0.086948,-0.034978,0.029983,-0.43254,0.12385,-0.098641
18407,-0.01549,-0.085648,-0.021337,0.047523,-0.45723,0.025761,-0.076229
18408,-0.01549,-0.067784,-0.0041217,0.051096,-0.47379,-0.058689,-0.050244
18409,-0.008669,-0.034329,0.015042,0.049147,-0.47672,-0.12592,-0.020037
18410,0.0049729,0.010819,0.03453,0.046873,-0.4621,-0.174,0.013743
18411,0.021863,0.070584,0.049472,0.042326,-0.4254,-0.20388,0.048822
18412,0.038753,0.13684,0.061489,0.033556,-0.36109,-0.22369,0.081303
18413,0.052395,0.18459,0.065387,0.019589,-0.26039,-0.23928,0.10371
18414,0.063113,0.19011,0.057267,0.00075039,-0.1178,-0.24123,0.11833
18415,0.066362,0.14691,0.038753,-0.011917,0.058241,-0.20713,0.13132
18416,0.057267,0.066037,0.017316,-0.010293,0.23136,-0.11943,0.14789
18417,0.040702,-0.02361,0.0049729,0.012443,0.36194,0.033231,0.17322
18418,0.030308,-0.094743,0.0072465,0.051745,0.4282,0.2489,0.20635
18419,0.02641,-0.12982,0.019589,0.090722,0.41943,0.5055,0.23591
18420,0.024461,-0.1269,0.034855,0.11054,0.33595,0.76275,0.24566
18421,0.023487,-0.10059,0.045574,0.10826,0.19466,0.9651,0.23234
18422,0.021863,-0.068434,0.044924,0.095919,0.025111,1.0619,0.20181
18423,0.023162,-0.039526,0.037129,0.087474,-0.14639,1.032,0.1677
18424,0.030633,-0.014191,0.032582,0.091047,-0.29385,0.8891,0.14367
18425,0.044275,0.0095202,0.03583,0.10664,-0.40428,0.67245,0.1336
18426,0.065712,0.030633,0.047198,0.13327,-0.4699,0.43307,0.14009
18427,0.090722,0.045249,0.060515,0.16608,-0.47737,0.22584,0.16185
18428,0.11411,0.05142,0.072208,0.18622,-0.42962,0.078704,0.19239
18429,0.13197,0.049472,0.078704,0.18264,-0.33997,-0.028482,0.22032
18430,0.14464,0.042651,0.080978,0.1651,-0.22726,-0.13632,0.23721
18431,0.15179,0.033556,0.077405,0.14626,-0.11001,-0.26916,0.23754
18432,0.14821,0.023812,0.06831,0.1284,0.00042559,-0.41728,0.21772
18433,0.13262,0.017316,0.056617,0.10826,0.11833,-0.54558,0.18362
18434,0.10729,0.016666,0.047198,0.0852,0.25897,-0.6245,0.14334
18435,0.078055,0.019914,0.041351,0.060515,0.40351,-0.64269,0.10079
18436,0.048822,0.020564,0.036804,0.03453,0.52174,-0.60014,0.054344
18437,0.023162,0.016016,0.033556,0.0091954,0.58963,-0.49718,0.0072465
18438,0.0039985,0.0088706,0.033231,-0.017764,0.60652,-0.3351,-0.030756
18439,-0.0099683,0.0017248,0.036479,-0.049595,0.59158,-0.12268,-0.053817
18440,-0.017764,-0.0031473,0.037778,-0.078827,0.56169,0.10599,-0.059339
18441,-0.020037,-0.0034721,0.036479,-0.098965,0.53246,0.2999,-0.054142
18442,-0.016789,-0.00022403,0.030633,-0.10968,0.50648,0.40838,-0.04862
18443,-0.010293,0.0088706,0.020888,-0.11066,0.47659,0.40286,-0.057715
18444,-0.0067202,0.019914,0.0085458,-0.098316,0.4269,0.29535,-0.089221
18445,-0.0096434,0.027385,-0.0018481,-0.067459,0.34764,0.12645,-0.13892
18446,-0.018413,0.028034,-0.0034721,-0.022311,0.23656,-0.04862,-0.19056
18447,-0.030756,0.02641,0.0039985,0.024786,0.10696,-0.17465,-0.22077
18448,-0.038876,0.02706,0.017316,0.067011,-0.011592,-0.20453,-0.21102
18449,-0.034329,0.033556,0.030957,0.10371,-0.090845,-0.11131,-0.15646
18450,-0.015815,0.04395,0.041676,0.13749,-0.12333,0.086175,-0.070382
18451,0.008221,0.054344,0.048497,0.1651,-0.11813,0.31906,0.01829
18452,0.027385,0.062464,0.049796,0.18751,-0.086623,0.50355,0.084876
18453,0.031932,0.069934,0.046223,0.20051,-0.030431,0.57988,0.11151
18454,0.019264,0.073182,0.036804,0.19661,0.048822,0.53993,0.092996
18455,-0.00022403,0.070259,0.021538,0.1651,0.14691,0.41261,0.042326
18456,-0.020037,0.06084,0.0033489,0.097868,0.26319,0.24566,-0.020362
18457,-0.037252,0.045899,-0.018413,-0.0024977,0.40254,0.087474,-0.072981
18458,-0.049595,0.03583,-0.037577,-0.11293,0.56169,-0.021012,-0.10156
18459,-0.052518,0.034855,-0.046347,-0.20193,0.71338,-0.059664,-0.094743
18460,-0.044073,0.04395,-0.040175,-0.23214,0.81927,-0.034329,-0.052843
18461,-0.027508,0.055968,-0.019063,-0.18731,0.85369,0.013743,0.008221
18462,-0.010293,0.065387,0.014068,-0.084999,0.8092,0.046873,0.065712
18463,0.0085458,0.075456,0.052395,0.041676,0.69616,0.054344,0.10826
18464,0.02641,0.087474,0.089098,0.15601,0.54091,0.046548,0.14042
18465,0.048497,0.098842,0.11606,0.24111,0.36843,0.040377,0.169
18466,0.074157,0.10826,0.13165,0.29957,0.19336,0.039078,0.19758
18467,0.10144,0.11313,0.1336,0.32458,0.022512,0.029009,0.22324
18468,0.1245,0.11411,0.11541,0.29957,-0.14119,-0.0060706,0.23494
18469,0.1336,0.10826,0.080328,0.22649,-0.2867,-0.073631,0.22617
18470,0.12353,0.091047,0.033881,0.12775,-0.39357,-0.15548,0.20018
18471,0.096893,0.064737,-0.0093186,0.033881,-0.44586,-0.21037,0.16803
18472,0.064413,0.035505,-0.034004,-0.030756,-0.46372,-0.21395,0.14399
18473,0.038103,0.015367,-0.037577,-0.054142,-0.48191,-0.18049,0.1336
18474,0.022837,0.013093,-0.023285,-0.043099,-0.51797,-0.15808,0.12515
18475,0.017316,0.025111,-0.0018481,-0.016464,-0.55922,-0.18634,0.10469
18476,0.015367,0.039402,0.015692,0.0075714,-0.57806,-0.26429,0.066686
18477,0.013093,0.047847,0.027385,0.028684,-0.54265,-0.35004,0.022188
18478,0.012443,0.049472,0.03453,0.046223,-0.44229,-0.38804,-0.0076946
18479,0.01764,0.043625,0.038103,0.063763,-0.27793,-0.33575,-0.0047713
18480,0.034855,0.036804,0.042326,0.082602,-0.055116,-0.18666,0.037129
18481,0.063438,0.034206,0.046873,0.099817,0.19044,0.013743,0.10339
18482,0.089098,0.039078,0.049147,0.10826,0.39799,0.19401,0.169
18483,0.10501,0.048172,0.047523,0.10469,0.51265,0.30087,0.21837
18484,0.10826,0.053044,0.042001,0.085525,0.52402,0.32978,0.24338
18485,0.099492,0.049796,0.038103,0.055968,0.4597,0.31581,0.24306
18486,0.084551,0.042326,0.032582,0.028684,0.35966,0.29308,0.22194
18487,0.061814,0.039402,0.027385,0.016341,0.25475,0.26417,0.18427
18488,0.033556,0.047847,0.022837,0.016016,0.15796,0.20343,0.12807
18489,0.0039985,0.057592,0.019264,0.020564,0.067986,0.089423,0.054019
18490,-0.020687,0.059216,0.017316,0.023162,-0.021012,-0.082725,-0.035303
18491,-0.039526,0.049472,0.015692,0.016991,-0.11131,-0.28476,-0.13145
18492,-0.053817,0.033231,0.011469,-0.0054209,-0.19121,-0.47282,-0.212
18493,-0.066485,0.013418,0.0023744,-0.042449,-0.24675,-0.61866,-0.26299
18494,-0.076879,-0.010293,-0.012567,-0.087272,-0.26981,-0.71772,-0.27923
18495,-0.08305,-0.033679,-0.027833,-0.1256,-0.26624,-0.77521,-0.27176
18496,-0.080776,-0.047971,-0.040175,-0.13534,-0.25845,-0.80899,-0.26657
18497,-0.073955,-0.052518,-0.044723,-0.10449,-0.27339,-0.84407,-0.288
18498,-0.06616,-0.050894,-0.044398,-0.050244,-0.32568,-0.89442,-0.34712
18499,-0.061937,-0.044073,-0.039201,-0.0044465,-0.40526,-0.95873,-0.42637
18500,-0.059339,-0.030431,-0.029782,0.015692,-0.48159,-1.0256,-0.48744
18501,-0.054142,-0.010943,-0.019388,0.014717,-0.51927,-1.0773,-0.49393
18502,-0.044073,0.011144,-0.010943,0.0059473,-0.49328,-1.0919,-0.43189
18503,-0.030756,0.031607,-0.0067202,0.0052977,-0.39551,-1.0536,-0.31918
18504,-0.016789,0.044599,-0.0063954,0.01829,-0.25,-0.96393,-0.19154
18505,-0.0063954,0.045574,-0.0080194,0.036479,-0.10644,-0.84083,-0.082076
18506,0.00010078,0.037778,-0.010943,0.042975,-0.019063,-0.70246,-0.0044465
18507,0.0091954,0.026085,-0.0099683,0.033231,-0.01614,-0.54298,0.035505
18508,0.028359,0.021538,-0.0028225,0.01829,-0.076879,-0.34484,0.044275
18509,0.056942,0.033231,0.013743,0.011144,-0.15516,-0.096042,0.036479
18510,0.086824,0.058241,0.038103,0.012768,-0.20615,0.20668,0.027709
18511,0.10436,0.087799,0.058566,0.013418,-0.22304,0.5513,0.024137
18512,0.099492,0.10599,0.063113,0.0023744,-0.22077,0.90372,0.01764
18513,0.073507,0.10599,0.044599,-0.023285,-0.19543,1.2162,-0.00087364
18514,0.042651,0.087474,0.0065969,-0.058689,-0.11553,1.4445,-0.030431
18515,0.019264,0.055968,-0.0405,-0.096042,0.046873,1.5494,-0.068434
18516,0.0020496,0.019264,-0.081101,-0.1269,0.27229,1.4906,-0.11098
18517,-0.0076946,-0.010618,-0.094743,-0.14152,0.50193,1.263,-0.15256
18518,-0.010618,-0.024909,-0.074605,-0.13664,0.6809,0.90729,-0.19056
18519,-0.007045,-0.020037,-0.028807,-0.11131,0.78159,0.49933,-0.22564
18520,0.0010752,0.003024,0.024786,-0.071357,0.8066,0.11183,-0.25422
18521,0.0052977,0.03453,0.071883,-0.029457,0.753,-0.22694,-0.27404
18522,-0.0021729,0.063763,0.10144,0.0026992,0.61074,-0.51147,-0.27826
18523,-0.019063,0.081952,0.11346,0.027385,0.38597,-0.73559,-0.26299
18524,-0.034978,0.087799,0.11638,0.058241,0.12872,-0.87915,-0.22239
18525,-0.041799,0.079029,0.11801,0.093645,-0.080776,-0.91423,-0.15288
18526,-0.040825,0.054993,0.11378,0.10534,-0.17984,-0.81257,-0.053817
18527,-0.03238,0.0095202,0.092021,0.062464,-0.16035,-0.55662,0.064413
18528,-0.021012,-0.052518,0.048172,-0.035953,-0.063886,-0.16035,0.18459
18529,-0.011592,-0.11715,-0.013866,-0.13989,0.041027,0.3012,0.28398
18530,-0.012892,-0.16945,-0.077853,-0.17335,0.089423,0.71435,0.34505
18531,-0.023285,-0.20225,-0.12105,-0.084024,0.048822,0.97452,0.36389
18532,-0.030756,-0.20778,-0.12495,0.11346,-0.06551,1.0372,0.35414
18533,-0.024909,-0.17075,-0.088572,0.34277,-0.20583,0.93944,0.3366
18534,-0.0015233,-0.09182,-0.025884,0.51752,-0.31366,0.77801,0.32848
18535,0.041027,0.011144,0.037778,0.5854,-0.33932,0.66011,0.34212
18536,0.096569,0.10501,0.079679,0.53961,-0.28638,0.64127,0.37103
18537,0.14821,0.16478,0.092346,0.4191,-0.22272,0.71208,0.39214
18538,0.18297,0.18037,0.083251,0.28203,-0.22304,0.82641,0.38467
18539,0.19499,0.16445,0.067011,0.17452,-0.31724,0.93782,0.34472
18540,0.19011,0.13879,0.056942,0.11736,-0.47379,1.0135,0.28983
18541,0.17777,0.12255,0.057592,0.10696,-0.61768,1.0242,0.24338
18542,0.1664,0.12125,0.067011,0.11963,-0.68329,0.94789,0.21512
18543,0.15536,0.12905,0.07708,0.13197,-0.64204,0.78061,0.20051
18544,0.14204,0.13522,0.081303,0.12515,-0.5053,0.55,0.18394
18545,0.12158,0.12775,0.07773,0.093645,-0.32146,0.29697,0.15471
18546,0.09397,0.10729,0.066037,0.041351,-0.15451,0.058241,0.11054
18547,0.06019,0.080978,0.050121,-0.017764,-0.048296,-0.14476,0.059865
18548,0.026085,0.05272,0.028684,-0.067459,-0.0021729,-0.30424,0.015042
18549,0.0014,0.026735,0.0085458,-0.097666,0.019264,-0.41046,-0.016464
18550,-0.0073698,0.0075714,-0.0060706,-0.10644,0.070909,-0.45138,-0.032055
18551,-0.00022403,-0.0037969,-0.010618,-0.097991,0.19401,-0.41305,-0.027508
18552,0.014392,-0.0093186,-0.0047713,-0.085973,0.39507,-0.28995,-0.0083442
18553,0.027385,-0.010943,0.003024,-0.078178,0.62633,-0.10124,0.018615
18554,0.028684,-0.011917,0.0036737,-0.079802,0.80465,0.10242,0.042001
18555,0.012768,-0.018088,-0.0096434,-0.09117,0.85987,0.26222,0.052395
18556,-0.017114,-0.03173,-0.03303,-0.10838,0.77542,0.34017,0.044599
18557,-0.052193,-0.052843,-0.059339,-0.12657,0.5984,0.34017,0.025436
18558,-0.081751,-0.078503,-0.077203,-0.13177,0.40416,0.30282,0.010495
18559,-0.097991,-0.098965,-0.085324,-0.11975,0.24858,0.27067,0.0065969
18560,-0.10416,-0.10611,-0.084999,-0.088896,0.15341,0.26222,0.0085458
18561,-0.10124,-0.088247,-0.07493,-0.050569,0.097868,0.2619,0.011469
18562,-0.090845,-0.046347,-0.055766,-0.022311,0.050121,0.22519,0.0088706
18563,-0.074605,0.008221,-0.033354,-0.0096434,-0.0099683,0.11638,-0.0050961
18564,-0.055116,0.051745,-0.01614,-0.013541,-0.068434,-0.063237,-0.033679
18565,-0.035953,0.06896,-0.007045,-0.023285,-0.092469,-0.27209,-0.071682
18566,-0.013541,0.058566,-0.0041217,-0.02426,-0.068109,-0.45203,-0.10514
18567,0.014717,0.034855,-0.0054209,-0.017114,-0.021337,-0.55792,-0.12138
18568,0.042651,0.014068,-0.0076946,-0.0060706,-0.0015233,-0.57838,-0.11326
18569,0.058891,0.011144,-0.007045,0.0036737,-0.052193,-0.53583,-0.083375
18570,0.058241,0.02641,0.0017248,0.015367,-0.18407,-0.46892,-0.042449
18571,0.04395,0.051096,0.016991,0.029333,-0.36401,-0.40948,-0.0060706
18572,0.021538,0.072858,0.03518,0.039402,-0.53323,-0.37018,0.015692
18573,-0.0015233,0.083251,0.048497,0.03453,-0.62743,-0.34387,0.01764
18574,-0.020037,0.084551,0.054993,0.016341,-0.61054,-0.31431,-0.00022403
18575,-0.03173,0.080653,0.054344,-0.0089938,-0.49783,-0.26657,-0.023285
18576,-0.034329,0.073182,0.050771,-0.031406,-0.339,-0.18829,-0.035953
18577,-0.024585,0.064088,0.047198,-0.039851,-0.18699,-0.079477,-0.030106
18578,-0.010943,0.054344,0.046873,-0.038551,-0.07428,0.038103,-0.012892
18579,0.0033489,0.044599,0.05142,-0.033354,-0.014191,0.13002,0.0049729
18580,0.012119,0.032582,0.057917,-0.03173,-0.0060706,0.1638,0.014392
18581,0.013418,0.016666,0.062464,-0.035953,-0.030106,0.13295,0.010495
18582,0.014392,-0.0015233,0.061814,-0.0405,-0.042774,0.051745,-0.0021729
18583,0.016016,-0.013216,0.054993,-0.041475,-0.0015233,-0.056091,-0.013866
18584,0.018615,-0.016789,0.048172,-0.033354,0.11898,-0.15905,-0.022961
18585,0.024137,-0.013541,0.048497,-0.011592,0.31419,-0.23149,-0.022961
18586,0.030308,-0.0054209,0.055643,0.017965,0.53214,-0.27176,-0.0099683
18587,0.029333,0.0043233,0.066037,0.049472,0.69194,-0.28865,0.010819
18588,0.016341,0.011144,0.075456,0.078055,0.72475,-0.30587,0.034206
18589,-0.00022403,0.015042,0.086175,0.096569,0.61399,-0.34809,0.05272
18590,-0.013866,0.01829,0.099167,0.10469,0.40026,-0.40981,0.064413
18591,-0.013866,0.028034,0.11054,0.11021,0.15796,-0.46275,0.070259
18592,0.0020496,0.047523,0.11931,0.12353,-0.043099,-0.47152,0.074806
18593,0.029333,0.072858,0.12093,0.14204,-0.16945,-0.4202,0.079029
18594,0.057592,0.090072,0.10989,0.14691,-0.23798,-0.31561,0.07773
18595,0.079029,0.091047,0.083901,0.1206,-0.28086,-0.18049,0.070259
18596,0.08585,0.078704,0.048497,0.063438,-0.31789,-0.042449,0.054019
18597,0.079679,0.063763,0.015367,-0.010943,-0.3429,0.072533,0.031282
18598,0.069934,0.056617,-0.007045,-0.078178,-0.3416,0.14172,0.0043233
18599,0.066037,0.060515,-0.013866,-0.11651,-0.301,0.14756,-0.021986
18600,0.06831,0.072533,-0.0096434,-0.1217,-0.22304,0.087474,-0.044398
18601,0.075131,0.084551,0.00042559,-0.10319,-0.11943,-0.019712,-0.05739
18602,0.084551,0.088773,0.014068,-0.072656,-0.013216,-0.13957,-0.051868
18603,0.095919,0.081303,0.02641,-0.036927,0.072533,-0.23149,-0.031081
18604,0.10469,0.067336,0.032582,-0.0034721,0.12613,-0.27501,-0.0018481
18605,0.10729,0.050771,0.034855,0.025436,0.14756,-0.26494,0.026085
18606,0.10469,0.037778,0.041351,0.047523,0.15179,-0.2159,0.044924
18607,0.091372,0.028034,0.051096,0.058241,0.15406,-0.14964,0.051745
18608,0.06961,0.016016,0.059216,0.056942,0.16153,-0.093444,0.043625
18609,0.042651,-0.0021729,0.059216,0.050771,0.16121,-0.059339,0.024786
18610,0.016666,-0.024585,0.048497,0.046548,0.13132,-0.047646,0.0065969
18611,-0.0050961,-0.047646,0.030957,0.043625,0.054344,-0.054142,-0.0034721
18612,-0.028157,-0.06551,0.0095202,0.041676,-0.064536,-0.081426,-0.0060706
18613,-0.059014,-0.078178,-0.013216,0.041351,-0.2016,-0.12495,-0.0034721
18614,-0.091495,-0.0837,-0.03303,0.042326,-0.32113,-0.17627,0.00042559
18615,-0.11358,-0.081751,-0.046671,0.038753,-0.40039,-0.21979,-0.0018481
18616,-0.11618,-0.072656,-0.055766,0.031932,-0.43319,-0.24156,-0.012567
18617,-0.097991,-0.056416,-0.062912,0.02706,-0.43124,-0.23214,-0.027508
18618,-0.067459,-0.036927,-0.065835,0.027709,-0.41728,-0.18634,-0.037252
18619,-0.037252,-0.019388,-0.062912,0.026735,-0.40396,-0.11098,-0.035303
18620,-0.01614,-0.0083442,-0.051868,0.022188,-0.38642,-0.021337,-0.025884
18621,-0.0054209,-0.0024977,-0.034004,0.014392,-0.35524,0.067011,-0.01549
18622,0.00075039,-0.00054884,-0.013216,0.0075714,-0.29417,0.14237,-0.008669
18623,0.0095202,0.0010752,0.0052977,0.014392,-0.18147,0.19499,-0.0060706
18624,0.022512,0.008221,0.019589,0.040702,0.0026992,0.23916,-0.00054884
18625,0.045574,0.021863,0.031282,0.075781,0.24436,0.2986,0.012443
18626,0.078379,0.042651,0.042001,0.10761,0.48536,0.3889,0.036479
18627,0.11411,0.062464,0.044275,0.13002,0.64582,0.50875,0.067661
18628,0.13944,0.075131,0.032906,0.13587,0.66661,0.62698,0.098842
18629,0.14399,0.080003,0.010495,0.12418,0.53993,0.70591,0.12255
18630,0.13392,0.081303,-0.014516,0.093321,0.30704,0.7215,0.1362
18631,0.11801,0.075131,-0.033354,0.052395,0.036479,0.67765,0.14139
18632,0.10274,0.062789,-0.038227,0.015042,-0.20031,0.59547,0.13977
18633,0.087474,0.045899,-0.025884,-0.0050961,-0.35719,0.49965,0.1258
18634,0.069934,0.03453,-0.0044465,-0.0080194,-0.40818,0.41066,0.10534
18635,0.048172,0.031607,0.017316,-0.0024977,-0.36401,0.33108,0.083576
18636,0.021213,0.034206,0.030957,0.0085458,-0.24318,0.25215,0.067336
18637,-0.0093186,0.036154,0.033231,0.020564,-0.036602,0.1664,0.054668
18638,-0.037577,0.032582,0.025761,0.030633,0.27164,0.0852,0.044275
18639,-0.058365,0.030957,0.015042,0.037778,0.64484,0.030957,0.036154
18640,-0.070058,0.032906,0.0036737,0.044275,0.99953,0.016341,0.031932
18641,-0.069083,0.039727,-0.0054209,0.054668,1.2542,0.029983,0.032582
18642,-0.052518,0.05207,-0.0099683,0.074157,1.3513,0.050771,0.037454
18643,-0.020687,0.064737,-0.0054209,0.097543,1.275,0.055643,0.044275
18644,0.01764,0.071234,0.0065969,0.11411,1.0505,0.031607,0.051745
18645,0.05272,0.065712,0.020564,0.11638,0.73546,-0.023285,0.059541
18646,0.074806,0.047198,0.033881,0.10534,0.40416,-0.09929,0.058891
18647,0.079029,0.020239,0.041676,0.082602,0.12125,-0.16782,0.042651
18648,0.063438,-0.0054209,0.040702,0.051745,-0.083375,-0.2094,0.013093
18649,0.029658,-0.02426,0.029658,0.020888,-0.21102,-0.22564,-0.021012
18650,-0.015165,-0.034978,0.011469,-0.0021729,-0.28573,-0.22532,-0.04992
18651,-0.05739,-0.034978,-0.0083442,-0.010943,-0.33348,-0.2159,-0.064861
18652,-0.084349,-0.020687,-0.022961,-0.00087364,-0.37245,-0.19283,-0.057065
18653,-0.086948,0.0078962,-0.022311,0.019914,-0.40461,-0.14899,-0.026533
18654,-0.06616,0.042651,-0.0067202,0.036804,-0.42572,-0.0837,0.014068
18655,-0.027508,0.072858,0.016341,0.038103,-0.42767,-0.0060706,0.053369
18656,0.019589,0.090397,0.033231,0.027385,-0.41143,0.067336,0.088448
18657,0.064413,0.090722,0.039078,0.015367,-0.37992,0.11671,0.11736
18658,0.096569,0.075781,0.034855,0.012768,-0.33705,0.12613,0.13555
18659,0.11151,0.054993,0.028034,0.024137,-0.28476,0.086824,0.13814
18660,0.11118,0.038103,0.023812,0.046548,-0.22499,0.0062721,0.12515
18661,0.095269,0.030633,0.024786,0.072533,-0.14931,-0.084349,0.098842
18662,0.06896,0.029333,0.030633,0.090722,-0.048945,-0.14899,0.064737
18663,0.040377,0.029983,0.035505,0.097218,0.064413,-0.16685,0.032582
18664,0.016341,0.023812,0.036804,0.096569,0.16088,-0.14314,0.012768
18665,0.00010078,0.0078962,0.030633,0.092996,0.21188,-0.094093,0.010495
18666,-0.0080194,-0.013866,0.022512,0.080328,0.20993,-0.044398,0.01764
18667,-0.011267,-0.032055,0.01764,0.054993,0.17095,-0.01484,0.019264
18668,-0.01549,-0.044398,0.019264,0.015692,0.12515,-0.014191,-0.0011985
18669,-0.025884,-0.048945,0.023487,-0.033354,0.11281,-0.03303,-0.039851
18670,-0.040175,-0.046022,0.027709,-0.0824,0.15633,-0.04927,-0.087272
18671,-0.047646,-0.039201,0.031607,-0.12755,0.24208,-0.042774,-0.12755
18672,-0.043099,-0.033679,0.036804,-0.16653,0.32686,-0.007045,-0.15451
18673,-0.02426,-0.026533,0.040377,-0.18569,0.36746,0.044275,-0.1688
18674,0.0069217,-0.013866,0.039727,-0.16425,0.34472,0.092671,-0.17465
18675,0.039727,0.0052977,0.037129,-0.091495,0.26969,0.1258,-0.1688
18676,0.064413,0.023162,0.030308,0.021213,0.17192,0.14074,-0.15029
18677,0.072533,0.036479,0.020239,0.14367,0.074482,0.13912,-0.12527
18678,0.06831,0.050771,0.014068,0.24663,-0.01614,0.11801,-0.10546
18679,0.059865,0.071234,0.016341,0.30964,-0.10968,0.071883,-0.09182
18680,0.059216,0.098193,0.030633,0.3353,-0.20972,0.0059473,-0.076879
18681,0.064413,0.1271,0.056942,0.3314,-0.30977,-0.049595,-0.04927
18682,0.075456,0.15211,0.088448,0.31257,-0.39097,-0.056416,-0.0083442
18683,0.089748,0.17192,0.11411,0.28691,-0.43124,0.0065969,0.038428
18684,0.10371,0.18004,0.12645,0.2541,-0.4228,0.1284,0.07708
18685,0.11248,0.17485,0.12288,0.21025,-0.3705,0.26644,0.094295
18686,0.11541,0.15373,0.11054,0.15731,-0.29288,0.37136,0.090072
18687,0.11118,0.11931,0.092671,0.10177,-0.20908,0.41423,0.067986
18688,0.10047,0.078379,0.072858,0.046873,-0.13015,0.39377,0.042326
18689,0.083901,0.039727,0.050121,-0.0011985,-0.06681,0.33205,0.023487
18690,0.066037,0.013418,0.026085,-0.036602,-0.020037,0.26514,0.021213
18691,0.053044,-0.0021729,0.0033489,-0.050244,0.013093,0.2148,0.040052
18692,0.045899,-0.0083442,-0.015815,-0.042124,0.032257,0.1781,0.069934
18693,0.042326,-0.008669,-0.026533,-0.019712,0.033231,0.13814,0.097543
18694,0.042651,-0.0050961,-0.031081,0.0023744,0.0078962,0.082927,0.11086
18695,0.047523,-0.0037969,-0.03173,0.014068,-0.040825,0.012768,0.10989
18696,0.053369,-0.0057458,-0.029457,0.008221,-0.090196,-0.064211,0.10112
18697,0.056292,-0.013216,-0.027833,-0.010943,-0.11326,-0.14639,0.088124
18698,0.05272,-0.023285,-0.027508,-0.03173,-0.095393,-0.23603,0.07708
18699,0.038103,-0.035628,-0.026533,-0.044723,-0.039851,-0.3351,0.066362
18700,0.0091954,-0.04927,-0.022636,-0.046671,0.034206,-0.44001,0.050446
18701,-0.029782,-0.061613,-0.014191,-0.041475,0.10989,-0.54395,0.026735
18702,-0.06681,-0.062587,-0.00087364,-0.042449,0.16445,-0.64172,-0.0044465
18703,-0.089221,-0.046671,0.012443,-0.04992,0.18199,-0.7213,-0.034978
18704,-0.096367,-0.017439,0.021213,-0.057065,0.14626,-0.77392,-0.055766
18705,-0.090196,0.021863,0.023162,-0.050244,0.057592,-0.79665,-0.062587
18706,-0.071682,0.064088,0.021863,-0.023935,-0.069408,-0.79535,-0.054467
18707,-0.044073,0.094295,0.020888,0.011469,-0.21557,-0.77262,-0.039201
18708,-0.016464,0.10339,0.020888,0.039078,-0.36921,-0.73072,-0.020362
18709,-0.0011985,0.091372,0.019914,0.047523,-0.52089,-0.65861,0.0020496
18710,0.0036737,0.06831,0.01764,0.039402,-0.65114,-0.51959,0.031282
18711,0.0078962,0.054344,0.014068,0.03518,-0.73949,-0.28053,0.071558
18712,0.023812,0.059216,0.015042,0.053044,-0.78171,0.05207,0.12223
18713,0.054668,0.078055,0.026085,0.090722,-0.78918,0.41585,0.17842
18714,0.088124,0.095594,0.042975,0.1284,-0.76742,0.73644,0.22617
18715,0.10989,0.099167,0.056617,0.15179,-0.70733,0.97745,0.2554
18716,0.11248,0.083901,0.061489,0.15244,-0.59527,1.1373,0.26319
18717,0.098193,0.054668,0.053369,0.1297,-0.43969,1.2159,0.25118
18718,0.076431,0.022837,0.03453,0.089098,-0.26202,1.2019,0.22584
18719,0.054668,-0.00054884,0.015367,0.042975,-0.084674,1.0941,0.19239
18720,0.036804,-0.011917,0.0023744,0.0023744,0.077405,0.91541,0.15991
18721,0.025111,-0.011592,-0.00087364,-0.026533,0.22552,0.71468,0.13749
18722,0.01829,-0.0037969,0.0020496,-0.039526,0.3733,0.54155,0.13035
18723,0.010819,0.0059473,0.0046481,-0.038227,0.54058,0.42365,0.1349
18724,0.0046481,0.013743,0.0043233,-0.031081,0.73417,0.36713,0.14496
18725,-0.00022403,0.020564,0.0039985,-0.025559,0.94042,0.36843,0.14756
18726,-0.0015233,0.028684,0.0088706,-0.025884,1.1282,0.41358,0.13879
18727,0.0023744,0.040377,0.021863,-0.032705,1.2565,0.47399,0.1206
18728,0.012119,0.054993,0.032906,-0.044073,1.285,0.50745,0.10177
18729,0.024786,0.067661,0.034855,-0.053492,1.198,0.47335,0.084226
18730,0.039078,0.076106,0.032582,-0.060313,1.0158,0.34375,0.064088
18731,0.05142,0.076755,0.031282,-0.059339,0.78516,0.12125,0.036804
18732,0.058566,0.066037,0.031607,-0.052843,0.55292,-0.16945,-0.0060706
18733,0.05272,0.046873,0.029983,-0.050894,0.34894,-0.48126,-0.06616
18734,0.030633,0.023487,0.018615,-0.058365,0.17452,-0.76092,-0.13567
18735,-0.0076946,-0.0024977,-0.0047713,-0.070382,0.01894,-0.96425,-0.19966
18736,-0.052193,-0.030106,-0.034329,-0.081426,-0.1204,-1.064,-0.24286
18737,-0.088247,-0.050244,-0.059664,-0.087922,-0.23571,-1.0562,-0.24968
18738,-0.10319,-0.056416,-0.072656,-0.090521,-0.31854,-0.95418,-0.21979
18739,-0.098965,-0.04862,-0.072656,-0.096692,-0.37635,-0.78561,-0.1636
18740,-0.080776,-0.03303,-0.061288,-0.10481,-0.4267,-0.58585,-0.097991
18741,-0.055766,-0.011917,-0.040175,-0.10676,-0.47055,-0.38155,-0.040175
18742,-0.026209,0.012119,-0.012567,-0.094093,-0.49036,-0.19089,-0.00054884
18743,0.0020496,0.031932,0.019589,-0.065835,-0.46827,-0.022961,0.018615
18744,0.024461,0.047523,0.049472,-0.02426,-0.39357,0.11963,0.022188
18745,0.036479,0.059865,0.072858,0.028359,-0.26981,0.24468,0.020239
18746,0.039727,0.075131,0.084226,0.078055,-0.11553,0.37428,0.024461
18747,0.035505,0.093321,0.082927,0.10729,0.029009,0.52044,0.045249
18748,0.026085,0.10436,0.06961,0.09462,0.11736,0.66173,0.078379
18749,0.015367,0.099492,0.0433,0.033231,0.1271,0.75528,0.11021
18750,0.0046481,0.074482,0.010819,-0.056416,0.082277,0.7686,0.12775
18751,-0.0057458,0.033556,-0.018413,-0.13697,0.030633,0.69876,0.12158
18752,-0.017764,-0.0096434,-0.036927,-0.18277,0.022188,0.56916,0.097868
18753,-0.033679,-0.041799,-0.042449,-0.18277,0.088124,0.41943,0.062789
18754,-0.054142,-0.056741,-0.042124,-0.14606,0.22909,0.27814,0.015692
18755,-0.075255,-0.055116,-0.043099,-0.092469,0.41943,0.14951,-0.047971
18756,-0.091495,-0.044723,-0.046671,-0.044723,0.61139,0.032582,-0.1256
18757,-0.10221,-0.030756,-0.045047,-0.013541,0.74781,-0.072006,-0.20258
18758,-0.10156,-0.016464,-0.035628,0.0039985,0.78289,-0.16782,-0.2578
18759,-0.087922,-0.0028225,-0.019712,0.01017,0.70071,-0.27014,-0.28378
18760,-0.063237,0.0088706,-0.0024977,0.009845,0.52369,-0.40006,-0.28735
18761,-0.032705,0.016666,0.012443,-0.00087364,0.30412,-0.56376,-0.27826
18762,-0.0083442,0.019264,0.020239,-0.021012,0.099167,-0.74468,-0.26851
18763,0.0010752,0.01829,0.021863,-0.045372,-0.045372,-0.90709,-0.26754
18764,-0.0044465,0.013743,0.019914,-0.064861,-0.10806,-1.0195,-0.27371
18765,-0.018088,0.0078962,0.015367,-0.070382,-0.092794,-1.0581,-0.27858
18766,-0.031081,0.0020496,0.0052977,-0.061288,-0.026858,-1.0117,-0.27728
18767,-0.040175,-0.0015233,-0.0076946,-0.047971,0.052395,-0.88143,-0.26202
18768,-0.042774,-0.0050961,-0.019063,-0.039851,0.10989,-0.69141,-0.22304
18769,-0.036602,-0.010943,-0.02426,-0.03238,0.12093,-0.48614,-0.15743
18770,-0.015165,-0.010943,-0.017439,-0.0067202,0.070909,-0.30782,-0.064211
18771,0.026735,0.0072465,0.003024,0.048497,-0.033679,-0.17822,0.053044
18772,0.080003,0.041676,0.033231,0.12548,-0.17335,-0.09929,0.1742
18773,0.12743,0.081303,0.067336,0.20473,-0.32178,-0.059339,0.27326
18774,0.15926,0.10761,0.095594,0.27002,-0.45593,-0.036278,0.334
18775,0.17257,0.11118,0.10566,0.3038,-0.54395,-0.0076946,0.35576
18776,0.16738,0.094295,0.094295,0.30022,-0.56604,0.042001,0.35219
18777,0.14789,0.063763,0.071558,0.26709,-0.52869,0.11086,0.34115
18778,0.11736,0.03518,0.049472,0.21837,-0.46567,0.18297,0.33433
18779,0.083901,0.017965,0.040052,0.16705,-0.40526,0.24241,0.32913
18780,0.06019,0.01764,0.041676,0.12288,-0.35946,0.28658,0.31744
18781,0.056617,0.027709,0.050121,0.093321,-0.31529,0.32783,0.2934
18782,0.06961,0.038753,0.056292,0.078055,-0.25422,0.3811,0.26027
18783,0.084551,0.043625,0.056292,0.072208,-0.16003,0.44314,0.21447
18784,0.089748,0.045574,0.051745,0.072208,-0.016789,0.48666,0.15926
18785,0.082277,0.049147,0.050771,0.072858,0.17842,0.5016,0.10469
18786,0.070909,0.054668,0.054993,0.063763,0.40221,0.49836,0.063438
18787,0.059216,0.057267,0.061165,0.0433,0.58703,0.47302,0.032906
18788,0.050446,0.053694,0.065712,0.021863,0.65134,0.41261,0.00010078
18789,0.044924,0.042326,0.063438,0.01017,0.5422,0.30997,-0.033679
18790,0.039727,0.028034,0.054668,0.021213,0.26839,0.17192,-0.062262
18791,0.033231,0.016016,0.039402,0.06084,-0.10221,0.013743,-0.085648
18792,0.02706,0.0095202,0.022837,0.11866,-0.48841,-0.14249,-0.10156
18793,0.030308,0.012443,0.013418,0.17387,-0.81029,-0.26981,-0.10091
18794,0.048172,0.02706,0.016016,0.2109,-1.0152,-0.35199,-0.077528
18795,0.081303,0.053694,0.026735,0.22584,-1.0951,-0.37992,-0.034978
18796,0.11573,0.083251,0.038428,0.22552,-1.0779,-0.35784,0.0088706
18797,0.13749,0.10501,0.042001,0.2135,-1.0078,-0.30424,0.043625
18798,0.14367,0.11313,0.036479,0.18914,-0.91943,-0.24221,0.060515
18799,0.13782,0.10924,0.022512,0.15828,-0.81452,-0.18991,0.064088
18800,0.13132,0.10047,0.0043233,0.12353,-0.68199,-0.15613,0.060515
18801,0.1258,0.092021,-0.011917,0.084551,-0.51309,-0.13177,0.06019
18802,0.11995,0.089098,-0.016789,0.053694,-0.30165,-0.099615,0.067986
18803,0.11021,0.096244,-0.0044465,0.042326,-0.046671,-0.04927,0.080328
18804,0.092346,0.10696,0.023812,0.048822,0.21935,0.0023744,0.087474
18805,0.064088,0.11476,0.057592,0.064413,0.42917,0.028034,0.084226
18806,0.035505,0.11378,0.084876,0.080978,0.51947,0.010495,0.064413
18807,0.013743,0.10371,0.10112,0.09462,0.47627,-0.038876,0.030308
18808,0.0039985,0.092671,0.10404,0.10014,0.33985,-0.077203,-0.0024977
18809,0.0046481,0.084551,0.098193,0.091696,0.19141,-0.06616,-0.020687
18810,0.008221,0.079029,0.091696,0.077405,0.11443,0.0072465,-0.022636
18811,0.0052977,0.067986,0.0852,0.06961,0.15828,0.12613,-0.023285
18812,-0.0099683,0.040377,0.071883,0.070259,0.31906,0.27359,-0.037577
18813,-0.034329,-0.0093186,0.047847,0.073182,0.55585,0.43209,-0.070382
18814,-0.061613,-0.072331,0.015367,0.072208,0.81797,0.58313,-0.11196
18815,-0.080127,-0.1295,-0.017114,0.062789,1.0512,0.70818,-0.14476
18816,-0.085324,-0.1636,-0.039201,0.045899,1.2071,0.78743,-0.15776
18817,-0.075579,-0.16945,-0.04862,0.022512,1.248,0.80302,-0.15093
18818,-0.051868,-0.15126,-0.043748,-0.0024977,1.1655,0.74748,-0.1295
18819,-0.022961,-0.11651,-0.031406,-0.02426,0.99271,0.63737,-0.10124
18820,0.0065969,-0.072006,-0.015815,-0.039526,0.78094,0.5042,-0.065835
18821,0.030633,-0.022961,0.00042559,-0.045047,0.58313,0.38175,-0.030431
18822,0.042651,0.020239,0.016341,-0.043748,0.42722,0.2908,-0.0057458
18823,0.03583,0.042001,0.02706,-0.04115,0.31322,0.24046,0.0062721
18824,0.01017,0.036479,0.029658,-0.045047,0.22032,0.22065,0.012768
18825,-0.023935,0.010495,0.025111,-0.056416,0.11931,0.21512,0.01894
18826,-0.058365,-0.020362,0.011794,-0.072331,-0.0099683,0.19791,0.023812
18827,-0.086298,-0.044073,-0.0080194,-0.088572,-0.16588,0.15049,0.01829
18828,-0.10579,-0.05804,-0.028157,-0.10709,-0.3338,0.064737,-0.0015233
18829,-0.11813,-0.063561,-0.044723,-0.13145,-0.5014,-0.059989,-0.028482
18830,-0.12203,-0.065186,-0.053817,-0.15678,-0.65439,-0.2094,-0.051868
18831,-0.11553,-0.068434,-0.058689,-0.1727,-0.77229,-0.35816,-0.060638
18832,-0.098641,-0.073631,-0.059339,-0.16685,-0.82231,-0.47509,-0.048945
18833,-0.072981,-0.075579,-0.054792,-0.13957,-0.78918,-0.53518,-0.015165
18834,-0.046996,-0.071682,-0.045697,-0.10514,-0.70246,-0.52446,0.034855
18835,-0.025884,-0.062262,-0.035953,-0.079802,-0.61346,-0.44748,0.090722
18836,-0.010618,-0.053492,-0.030431,-0.070707,-0.5524,-0.32438,0.13749
18837,0.0010752,-0.045372,-0.028157,-0.073631,-0.51374,-0.18277,0.16575
18838,0.013743,-0.03303,-0.027508,-0.073631,-0.47607,-0.051544,0.1729
18839,0.025111,-0.01484,-0.024585,-0.060963,-0.41663,0.042651,0.15926
18840,0.03518,0.01017,-0.011267,-0.03238,-0.32828,0.10177,0.1336
18841,0.038753,0.039402,0.015042,0.0069217,-0.23409,0.13912,0.10274
18842,0.041351,0.063763,0.04395,0.050771,-0.16782,0.17127,0.071558
18843,0.044599,0.075781,0.067986,0.088773,-0.13502,0.21123,0.05142
18844,0.050771,0.078055,0.084876,0.11768,-0.097341,0.26514,0.049796
18845,0.06084,0.076106,0.092346,0.13522,-0.011592,0.31127,0.062464
18846,0.073832,0.076755,0.09397,0.13652,0.12418,0.31939,0.082602
18847,0.0865,0.081303,0.091047,0.12548,0.25735,0.26157,0.10566
18848,0.095269,0.090397,0.083901,0.10859,0.30574,0.13977,0.1284
18849,0.10014,0.10436,0.075456,0.090722,0.21772,-0.019388,0.14724
18850,0.10436,0.12028,0.06961,0.072208,0.0052977,-0.18764,0.15341
18851,0.11151,0.13522,0.066362,0.055318,-0.26137,-0.34355,0.14367
18852,0.11866,0.14172,0.064088,0.044275,-0.49101,-0.47249,0.1258
18853,0.11963,0.13425,0.057267,0.036154,-0.62353,-0.55207,0.11801
18854,0.11183,0.11021,0.041027,0.022837,-0.64204,-0.55792,0.13392
18855,0.097218,0.079029,0.020564,0.0033489,-0.55857,-0.48938,0.1703
18856,0.07708,0.048822,-0.0015233,-0.018413,-0.39519,-0.37862,0.20668
18857,0.053694,0.029009,-0.023285,-0.032705,-0.16945,-0.26397,0.22422
18858,0.030957,0.021863,-0.039851,-0.03238,0.099492,-0.16555,0.21252
18859,0.016016,0.026085,-0.046671,-0.018738,0.38435,-0.081426,0.1755
18860,0.013418,0.037129,-0.0405,0.00075039,0.65524,0.0075714,0.12645
18861,0.023487,0.050446,-0.025884,0.020564,0.88358,0.12418,0.081303
18862,0.039727,0.064088,-0.0063954,0.038103,1.0551,0.26709,0.044924
18863,0.054344,0.074806,0.0088706,0.053369,1.1652,0.40611,0.0085458
18864,0.056617,0.080003,0.019589,0.067661,1.2194,0.50323,-0.034978
18865,0.044275,0.078704,0.029658,0.082277,1.2298,0.52759,-0.085648
18866,0.020888,0.073507,0.042326,0.10501,1.2175,0.46328,-0.13762
18867,-0.0063954,0.069934,0.059216,0.13879,1.2051,0.31809,-0.17659
18868,-0.029132,0.071234,0.077405,0.17517,1.212,0.13197,-0.19803
18869,-0.050894,0.070584,0.084226,0.18297,1.2275,-0.034004,-0.20453
18870,-0.072006,0.053694,0.067986,0.12613,1.211,-0.1256,-0.20031
18871,-0.090521,0.018615,0.023487,0.0026992,1.1282,-0.11423,-0.18634
18872,-0.10579,-0.026533,-0.045047,-0.15353,0.97095,-0.0050961,-0.16425
18873,-0.11488,-0.069408,-0.11878,-0.2867,0.74846,0.16088,-0.13404
18874,-0.11358,-0.097017,-0.17497,-0.35004,0.49186,0.32621,-0.098965
18875,-0.10319,-0.10286,-0.20063,-0.3325,0.23818,0.44574,-0.063886
18876,-0.086298,-0.089546,-0.19608,-0.25715,0.020239,0.50095,-0.03303
18877,-0.06681,-0.06551,-0.1649,-0.16263,-0.14639,0.49576,-0.0096434
18878,-0.048945,-0.039851,-0.11521,-0.079152,-0.26624,0.44606,0.0020496
18879,-0.030756,-0.017764,-0.059014,-0.011592,-0.35232,0.37915,0.00042559
18880,-0.014191,0.0023744,-0.0041217,0.044599,-0.40981,0.32036,-0.008669
18881,0.0062721,0.021863,0.039727,0.097868,-0.44456,0.28041,-0.01614
18882,0.033881,0.041027,0.067011,0.14399,-0.46145,0.258,-0.016464
18883,0.063438,0.055318,0.074482,0.17777,-0.46015,0.24663,-0.0028225
18884,0.092021,0.06084,0.064413,0.19499,-0.44683,0.23104,0.032582
18885,0.11508,0.058241,0.046873,0.19628,-0.43774,0.19596,0.085525
18886,0.12905,0.050771,0.030957,0.18557,-0.44911,0.12353,0.13717
18887,0.13165,0.040377,0.024137,0.17355,-0.49556,-0.012567,0.16056
18888,0.11931,0.033881,0.028034,0.1651,-0.57676,-0.22986,0.14074
18889,0.096244,0.030308,0.040052,0.16283,-0.68914,-0.50465,0.081952
18890,0.06831,0.028034,0.059541,0.16965,-0.82394,-0.78626,0.010495
18891,0.050446,0.031607,0.083901,0.18784,-0.95841,-1.0175,-0.044723
18892,0.050771,0.046223,0.11118,0.2122,-1.0643,-1.1614,-0.063561
18893,0.067661,0.067011,0.1323,0.22909,-1.1075,-1.203,-0.044723
18894,0.093321,0.089748,0.14107,0.21902,-1.0653,-1.138,-0.00054884
18895,0.11281,0.10696,0.13002,0.17322,-0.94314,-0.98049,0.050121
18896,0.12093,0.11216,0.10469,0.10242,-0.77651,-0.76515,0.094945
18897,0.11183,0.10242,0.073832,0.032582,-0.61898,-0.53648,0.11931
18898,0.090072,0.085525,0.050121,-0.0076946,-0.50627,-0.32958,0.1219
18899,0.064413,0.067986,0.042326,-0.011917,-0.44781,-0.16035,0.11638
18900,0.047198,0.059541,0.048172,0.0085458,-0.42637,-0.029457,0.11671
18901,0.05142,0.072208,0.061489,0.037129,-0.415,0.064088,0.12872
18902,0.074157,0.11021,0.076755,0.062464,-0.39162,0.1219,0.14691
18903,0.10924,0.169,0.086175,0.078055,-0.34712,0.15373,0.16088
18904,0.14399,0.23461,0.089423,0.084876,-0.28898,0.17745,0.16121
18905,0.16575,0.2921,0.084876,0.083251,-0.22986,0.20505,0.14821
18906,0.16835,0.32718,0.076755,0.077405,-0.18991,0.24566,0.12385
18907,0.15341,0.32913,0.066037,0.066686,-0.18244,0.28918,0.090072
18908,0.12125,0.2921,0.052395,0.054344,-0.20225,0.31257,0.055318
18909,0.078379,0.22097,0.038753,0.044275,-0.23344,0.3012,0.023812
18910,0.031932,0.12645,0.029658,0.037778,-0.25682,0.26937,-0.0011985
18911,-0.010943,0.019914,0.025761,0.031607,-0.26072,0.25345,-0.01614
18912,-0.040175,-0.080451,0.019914,0.019589,-0.23019,0.29438,-0.010943
18913,-0.04927,-0.16198,0.010495,0.0014,-0.14866,0.39734,0.013418
18914,-0.045372,-0.21005,0.0026992,-0.013216,-0.0057458,0.52824,0.043625
18915,-0.037252,-0.22207,0.0026992,-0.012242,0.18979,0.63737,0.064088
18916,-0.033354,-0.20225,0.015692,0.0095202,0.39734,0.69519,0.071558
18917,-0.038227,-0.15841,0.036804,0.039727,0.55617,0.70623,0.06961
18918,-0.049595,-0.10189,0.056617,0.056942,0.62536,0.69941,0.069285
18919,-0.058689,-0.049595,0.064737,0.048822,0.5971,0.71175,0.082927
18920,-0.060313,-0.01614,0.051745,0.012119,0.48959,0.7569,0.11216
18921,-0.054467,-0.0096434,0.022837,-0.040825,0.35219,0.81732,0.14691
18922,-0.047646,-0.029132,-0.008669,-0.090521,0.24078,0.85402,0.16575
18923,-0.047321,-0.067134,-0.030106,-0.12463,0.19076,0.83388,0.15601
18924,-0.054142,-0.11033,-0.033354,-0.13632,0.19466,0.74391,0.11801
18925,-0.064861,-0.14541,-0.017114,-0.12235,0.2187,0.59645,0.06084
18926,-0.072656,-0.16133,0.010819,-0.08305,0.23234,0.4165,-0.0024977
18927,-0.073955,-0.15223,0.040377,-0.030106,0.2174,0.22097,-0.05739
18928,-0.066485,-0.12463,0.06084,0.020564,0.16965,0.021538,-0.094093
18929,-0.053817,-0.089871,0.071234,0.054344,0.10047,-0.16847,-0.10838
18930,-0.034329,-0.056416,0.072533,0.065062,0.030308,-0.33478,-0.09994
18931,-0.012567,-0.029132,0.067336,0.057917,-0.01484,-0.46113,-0.077203
18932,0.0085458,0.0010752,0.059216,0.040052,-0.023285,-0.53323,-0.047321
18933,0.028684,0.036479,0.05207,0.019264,0.0043233,-0.5498,-0.020037
18934,0.046223,0.073182,0.046548,0.0020496,0.06084,-0.52901,-0.0028225
18935,0.059541,0.10047,0.044275,-0.0089938,0.13327,-0.4988,0.0020496
18936,0.067011,0.11476,0.040052,-0.012567,0.20733,-0.48289,-0.0021729
18937,0.069934,0.11541,0.030633,-0.0099683,0.27164,-0.49393,-0.01549
18938,0.063763,0.10631,0.014068,-0.0050961,0.31029,-0.53908,-0.040825
18939,0.047198,0.091696,-0.0031473,-0.00054884,0.32296,-0.6245,-0.079477
18940,0.021213,0.06961,-0.020037,0.0046481,0.31516,-0.75832,-0.13242
18941,-0.011267,0.0433,-0.034004,0.0069217,0.30055,-0.9204,-0.19251
18942,-0.041799,0.017965,-0.042774,0.00010078,0.30055,-1.0705,-0.25195
18943,-0.061937,-0.0031473,-0.048945,-0.018088,0.31646,-1.1757,-0.30229
18944,-0.075255,-0.021986,-0.056741,-0.055766,0.32296,-1.2212,-0.33965
18945,-0.095068,-0.042774,-0.072656,-0.11358,0.28885,-1.2088,-0.36238
18946,-0.12592,-0.070382,-0.096367,-0.1727,0.19888,-1.1484,-0.37505
18947,-0.16425,-0.10416,-0.12105,-0.20518,0.065387,-1.0526,-0.3809
18948,-0.19608,-0.13112,-0.13729,-0.18861,-0.082725,-0.94054,-0.37408
18949,-0.2068,-0.14022,-0.13307,-0.12495,-0.21135,-0.834,-0.34614
18950,-0.19219,-0.12755,-0.10741,-0.034329,-0.2945,-0.75118,-0.29872
18951,-0.15711,-0.098641,-0.073955,0.046223,-0.32276,-0.70148,-0.24221
18952,-0.11391,-0.060638,-0.047646,0.090722,-0.2984,-0.6742,-0.17919
18953,-0.071682,-0.021012,-0.031081,0.098842,-0.20485,-0.6375,-0.11553
18954,-0.035628,0.013418,-0.02361,0.08585,-0.015165,-0.55175,-0.053168
18955,-0.0054209,0.044599,-0.019388,0.063763,0.25183,-0.39519,0.0072465
18956,0.020239,0.075131,-0.010618,0.04395,0.51979,-0.17075,0.066362
18957,0.050121,0.10534,0.0039985,0.037454,0.70526,0.091047,0.12678
18958,0.080328,0.13295,0.023162,0.047523,0.7569,0.33985,0.18329
18959,0.10534,0.15244,0.042975,0.067986,0.67667,0.52499,0.22617
18960,0.11768,0.15633,0.06084,0.091372,0.50518,0.62178,0.24566
18961,0.11248,0.14302,0.072858,0.10924,0.30542,0.64744,0.23818
18962,0.097218,0.11638,0.075131,0.11248,0.13392,0.64647,0.21512
18963,0.082602,0.0852,0.062464,0.090072,0.022188,0.66076,0.19076
18964,0.079029,0.059865,0.040052,0.040702,-0.027508,0.70786,0.17582
18965,0.087149,0.043625,0.017316,-0.019712,-0.030431,0.77444,0.1664
18966,0.10306,0.031607,-0.0021729,-0.071357,-0.0080194,0.82446,0.15633
18967,0.10989,0.016991,-0.013216,-0.095068,0.023487,0.82739,0.13262
18968,0.098517,-0.0024977,-0.014191,-0.085324,0.054344,0.77379,0.093645
18969,0.073507,-0.023935,-0.0089938,-0.04862,0.079354,0.67667,0.047198
18970,0.047523,-0.038876,0.0026992,0.00075039,0.098193,0.55877,0.0088706
18971,0.027385,-0.042124,0.016341,0.047523,0.10631,0.44736,-0.012892
18972,0.021538,-0.030106,0.029009,0.082602,0.10177,0.35934,-0.0089938
18973,0.031282,-0.0011985,0.036154,0.10469,0.08585,0.29925,0.023487
18974,0.048822,0.038753,0.038103,0.11118,0.061165,0.25507,0.06896
18975,0.064737,0.076106,0.036804,0.10761,0.025761,0.21155,0.10664
18976,0.075131,0.098193,0.031932,0.10177,-0.024909,0.15601,0.12255
18977,0.076106,0.10177,0.023812,0.095269,-0.088896,0.084551,0.10989
18978,0.066362,0.092021,0.014068,0.090397,-0.14964,0.00075039,0.066362
18979,0.047847,0.078704,0.0085458,0.090722,-0.18147,-0.072331,0.0052977
18980,0.02641,0.069934,0.009845,0.095269,-0.17075,-0.10546,-0.046022
18981,0.012119,0.06896,0.019264,0.10014,-0.123,-0.068434,-0.062587
18982,0.01017,0.078379,0.039402,0.10339,-0.060313,0.036479,-0.038551
18983,0.019589,0.093321,0.064737,0.10404,-0.010943,0.18329,0.008221
18984,0.03453,0.10826,0.089748,0.10501,0.0069217,0.32848,0.055643
18985,0.053044,0.11963,0.10371,0.10242,-0.0015233,0.43404,0.0865
18986,0.073182,0.12223,0.10274,0.10079,0.0078962,0.48374,0.098842
18987,0.090722,0.11606,0.091047,0.10631,0.083251,0.49056,0.10014
18988,0.10079,0.10631,0.072533,0.11898,0.24533,0.49283,0.10177
18989,0.10014,0.097218,0.046873,0.11443,0.48439,0.53279,0.11086
18990,0.092021,0.090072,0.016666,0.078704,0.75235,0.63315,0.13067
18991,0.080978,0.085525,-0.010943,0.016666,0.96673,0.77477,0.15601
18992,0.074806,0.081303,-0.027508,-0.054142,1.0535,0.90014,0.1755
18993,0.074157,0.079679,-0.031406,-0.11358,0.98622,0.94464,0.17939
18994,0.076106,0.081952,-0.020037,-0.13957,0.8014,0.88033,0.16868
18995,0.078379,0.088124,0.0043233,-0.12592,0.57858,0.71825,0.14919
18996,0.080653,0.094945,0.034206,-0.088247,0.37785,0.49608,0.11963
18997,0.077405,0.097218,0.061165,-0.04862,0.2109,0.26255,0.07708
18998,0.066362,0.091372,0.079029,-0.021012,0.042975,0.06019,0.022837
18999,0.051096,0.07773,0.082927,-0.0054209,-0.15938,-0.084349,-0.029457
19000,0.037778,0.055643,0.072533,0.0052977,-0.40136,-0.16425,-0.064536
19001,0.029333,0.030308,0.054668,0.017965,-0.6375,-0.19024,-0.070707
19002,0.028034,0.0062721,0.039078,0.038103,-0.80217,-0.18634,-0.047321
19003,0.031282,-0.013541,0.031282,0.060515,-0.84927,-0.17854,-0.0044465
19004,0.036154,-0.028157,0.030957,0.07773,-0.77359,-0.18699,0.038753
19005,0.040052,-0.036278,0.03453,0.088124,-0.60956,-0.21557,0.065387
19006,0.040702,-0.034978,0.045249,0.089098,-0.42117,-0.26007,0.071883
19007,0.038103,-0.02426,0.058891,0.083576,-0.27858,-0.31821,0.065712
19008,0.030633,-0.0050961,0.070584,0.075131,-0.23344,-0.38317,0.055643
19009,0.019589,0.017965,0.071558,0.070259,-0.29547,-0.44716,0.05142
19010,0.011794,0.03518,0.062789,0.067336,-0.41955,-0.50043,0.054019
19011,0.011794,0.040377,0.052395,0.066362,-0.53875,-0.52901,0.06084
19012,0.01764,0.033231,0.043625,0.06896,-0.60307,-0.52186,0.070584
19013,0.027709,0.018615,0.037129,0.074482,-0.59917,-0.48224,0.083901
19014,0.040377,0.0020496,0.032582,0.078055,-0.54233,-0.42507,0.10534
19015,0.051096,-0.014516,0.030633,0.081627,-0.45853,-0.36011,0.13295
19016,0.058241,-0.026858,0.033881,0.093321,-0.37343,-0.2893,0.16478
19017,0.062789,-0.036927,0.041027,0.11216,-0.30392,-0.21817,0.19563
19018,0.066686,-0.039201,0.046873,0.12807,-0.26039,-0.15256,0.2174
19019,0.069934,-0.030106,0.051096,0.12937,-0.24545,-0.10156,0.22194
19020,0.076431,-0.0067202,0.056942,0.11378,-0.26202,-0.06616,0.21285
19021,0.089098,0.030957,0.070584,0.0852,-0.301,-0.028157,0.20635
19022,0.10404,0.079029,0.091372,0.054344,-0.34582,0.021213,0.20765
19023,0.11443,0.12548,0.10729,0.032906,-0.38707,0.072858,0.20863
19024,0.11638,0.15536,0.10696,0.023812,-0.41533,0.11606,0.19531
19025,0.10664,0.15568,0.089098,0.023487,-0.41565,0.14334,0.16056
19026,0.084876,0.1258,0.055968,0.024461,-0.36985,0.15438,0.10924
19027,0.049472,0.082927,0.017316,0.021863,-0.28248,0.15471,0.042975
19028,0.0072465,0.042326,-0.018738,0.012768,-0.17887,0.14594,-0.034978
19029,-0.034004,0.011794,-0.046347,-0.0021729,-0.092794,0.12515,-0.1178
19030,-0.066485,-0.0034721,-0.062912,-0.021012,-0.042124,0.10112,-0.19771
19031,-0.085648,-0.0054209,-0.070058,-0.039201,-0.027508,0.090722,-0.26039
19032,-0.091495,0.00010078,-0.071682,-0.04992,-0.035303,0.10631,-0.2971
19033,-0.085648,0.0033489,-0.072006,-0.056416,-0.047971,0.14139,-0.30847
19034,-0.072981,0.0020496,-0.07493,-0.059989,-0.047321,0.18199,-0.2984
19035,-0.060638,-0.0093186,-0.079802,-0.058365,-0.027508,0.21707,-0.27209
19036,-0.049595,-0.028807,-0.084999,-0.050569,0.01017,0.25345,-0.23538
19037,-0.043423,-0.052518,-0.087272,-0.042124,0.054668,0.2934,-0.18991
19038,-0.04115,-0.076554,-0.089221,-0.034978,0.095594,0.33043,-0.14119
19039,-0.042774,-0.094418,-0.088572,-0.03173,0.13262,0.35317,-0.096367
19040,-0.044723,-0.097991,-0.085973,-0.029132,0.17582,0.35479,-0.062587
19041,-0.043423,-0.084024,-0.077853,-0.027508,0.23786,0.33985,-0.037577
19042,-0.034329,-0.054142,-0.060313,-0.025234,0.32198,0.30704,-0.013216
19043,-0.016789,-0.014191,-0.033679,-0.020687,0.41033,0.25378,0.015692
19044,0.0078962,0.025436,-0.0037969,-0.013541,0.47432,0.17225,0.05272
19045,0.033556,0.057592,0.022188,-0.00087364,0.49673,0.056292,0.093645
19046,0.051745,0.073507,0.036804,0.015367,0.47952,-0.10319,0.1232
19047,0.055318,0.061814,0.037454,0.032906,0.43469,-0.30002,0.13165
19048,0.042651,0.029009,0.024786,0.040377,0.3733,-0.50725,0.11963
19049,0.015692,-0.011917,0.0065969,0.032906,0.3012,-0.68752,0.091047
19050,-0.017439,-0.041799,-0.0054209,0.012119,0.21805,-0.8077,0.055643
19051,-0.040175,-0.047971,-0.0080194,-0.013541,0.12872,-0.84407,0.023812
19052,-0.039201,-0.028807,-0.00087364,-0.032055,0.050121,-0.80087,0.00042559
19053,-0.018088,0.0062721,0.012443,-0.026858,-0.019388,-0.71448,-0.017114
19054,0.012768,0.042651,0.029333,0.0020496,-0.10709,-0.63262,-0.035303
19055,0.040702,0.068635,0.046548,0.03518,-0.2435,-0.59722,-0.057065
19056,0.05142,0.079029,0.058566,0.048172,-0.43612,-0.62515,-0.0837
19057,0.046223,0.075131,0.063113,0.032906,-0.64399,-0.69596,-0.11586
19058,0.032257,0.061814,0.062464,0.0095202,-0.79113,-0.75183,-0.14152
19059,0.017316,0.04395,0.056617,0.008221,-0.8051,-0.72292,-0.14606
19060,0.0052977,0.024137,0.045249,0.046548,-0.65958,-0.57253,-0.1243
19061,-0.0024977,0.0049729,0.031282,0.10664,-0.39259,-0.30814,-0.075579
19062,-0.0021729,-0.010618,0.016016,0.15471,-0.088896,0.022512,-0.007045
19063,0.0069217,-0.023285,0.0059473,0.1664,0.15796,0.35122,0.070909
19064,0.020239,-0.034329,0.0056225,0.13652,0.30639,0.61464,0.14561
19065,0.038428,-0.041475,0.013093,0.080653,0.35869,0.77607,0.20668
19066,0.056292,-0.037577,0.024786,0.021863,0.35187,0.82609,0.2476
19067,0.06896,-0.023935,0.038753,-0.027183,0.33952,0.77509,0.26904
19068,0.073507,-0.0063954,0.051096,-0.061288,0.35252,0.64777,0.27164
19069,0.065387,0.016016,0.056617,-0.068434,0.38045,0.47172,0.25085
19070,0.047523,0.038103,0.055643,-0.029782,0.37428,0.27229,0.19953
19071,0.023162,0.056942,0.046548,0.07708,0.29308,0.078379,0.12515
19072,-0.0050961,0.066037,0.034855,0.24403,0.15926,-0.075904,0.045249
19073,-0.030431,0.064088,0.025111,0.42982,0.060515,-0.15678,-0.01549
19074,-0.045047,0.054019,0.022188,0.58118,0.10859,-0.14476,-0.036602
19075,-0.040175,0.045574,0.027385,0.65849,0.35122,-0.043748,-0.010943
19076,-0.014191,0.047198,0.040702,0.65524,0.72734,0.1219,0.050446
19077,0.025761,0.057917,0.055968,0.5919,1.1161,0.30997,0.12223
19078,0.065712,0.06896,0.067011,0.48861,1.4101,0.47562,0.17745
19079,0.087474,0.068635,0.064737,0.35512,1.5559,0.588,0.19563
19080,0.079354,0.055968,0.045249,0.2044,1.5602,0.62503,0.16868
19081,0.046548,0.037454,0.016991,0.052395,1.452,0.57956,0.10306
19082,0.0036737,0.021538,-0.010943,-0.076554,1.2526,0.45808,0.020239
19083,-0.035303,0.011144,-0.032705,-0.1675,0.98427,0.28853,-0.059014
19084,-0.061613,0.0036737,-0.044073,-0.21492,0.68285,0.10826,-0.12105
19085,-0.070707,-0.0018481,-0.046671,-0.22564,0.39669,-0.043748,-0.15711
19086,-0.069083,-0.0073698,-0.045047,-0.21395,0.16218,-0.14216,-0.16555
19087,-0.064211,-0.0076946,-0.042449,-0.19478,-0.0018481,-0.18179,-0.14931
19088,-0.056416,-0.0028225,-0.035953,-0.17757,-0.093119,-0.1636,-0.11293
19089,-0.046022,0.0088706,-0.026209,-0.16263,-0.12852,-0.088247,-0.06616
19090,-0.029782,0.022188,-0.013866,-0.14769,-0.13047,0.029658,-0.026209
19091,-0.015165,0.032582,0.0010752,-0.1321,-0.12073,0.16413,-0.0057458
19092,-0.0034721,0.034206,0.016016,-0.11715,-0.12203,0.27424,-0.0031473
19093,0.008221,0.029983,0.029658,-0.10449,-0.14866,0.33238,-0.0011985
19094,0.028684,0.025111,0.042651,-0.095717,-0.20096,0.34115,0.027385
19095,0.06084,0.02641,0.051745,-0.089221,-0.27469,0.32881,0.098193
19096,0.10112,0.036154,0.054344,-0.080127,-0.35361,0.30834,0.19791
19097,0.14204,0.052395,0.050771,-0.06551,-0.42442,0.27261,0.296
19098,0.17257,0.066686,0.045574,-0.048296,-0.48451,0.20246,0.36648
19099,0.18232,0.072533,0.040702,-0.034004,-0.54525,0.082602,0.39507
19100,0.1677,0.066037,0.037129,-0.029782,-0.60567,-0.092794,0.37948
19101,0.13717,0.050121,0.03453,-0.036278,-0.65536,-0.30782,0.32491
19102,0.10177,0.036804,0.031932,-0.043748,-0.68719,-0.51862,0.24306
19103,0.075456,0.032257,0.029333,-0.043099,-0.69661,-0.68037,0.14854
19104,0.064737,0.038428,0.030633,-0.034654,-0.68557,-0.7645,0.062789
19105,0.066686,0.05207,0.040052,-0.018738,-0.66251,-0.76742,-0.0031473
19106,0.070259,0.070584,0.053044,-0.00022403,-0.63035,-0.70018,-0.051219
19107,0.065062,0.090397,0.067986,0.015042,-0.58423,-0.57481,-0.089871
19108,0.042975,0.10859,0.075456,0.019914,-0.52284,-0.41305,-0.1282
19109,0.0062721,0.12028,0.06831,0.009845,-0.45983,-0.23701,-0.174
19110,-0.039851,0.11833,0.046548,-0.015165,-0.40753,-0.062587,-0.22629
19111,-0.087272,0.094945,0.015692,-0.046347,-0.38057,0.096244,-0.27436
19112,-0.12333,0.047847,-0.018413,-0.074605,-0.37278,0.22844,-0.30554
19113,-0.13762,-0.010943,-0.048296,-0.095393,-0.36011,0.31776,-0.31431
19114,-0.1308,-0.067459,-0.064861,-0.11163,-0.31399,0.35284,-0.30457
19115,-0.11033,-0.10871,-0.062587,-0.12333,-0.22499,0.33465,-0.28573
19116,-0.085324,-0.1243,-0.045697,-0.12917,-0.11261,0.27586,-0.26754
19117,-0.063561,-0.11228,-0.019712,-0.12755,-0.011267,0.19336,-0.2565
19118,-0.044398,-0.075255,0.010495,-0.11553,0.051745,0.10047,-0.25357
19119,-0.022311,-0.024585,0.037778,-0.093119,0.067661,0.008221,-0.2487
19120,0.0026992,0.023487,0.056617,-0.057715,0.04395,-0.072981,-0.22791
19121,0.025111,0.056617,0.067336,-0.015165,-0.0063954,-0.14087,-0.18471
19122,0.038103,0.069934,0.075456,0.024461,-0.06551,-0.2016,-0.12008
19123,0.039078,0.063438,0.079679,0.049472,-0.12592,-0.27241,-0.051868
19124,0.028034,0.044599,0.075456,0.054344,-0.18439,-0.36109,0.0075714
19125,0.0091954,0.023162,0.061489,0.041676,-0.23538,-0.45268,0.053369
19126,-0.013541,0.0075714,0.042975,0.01764,-0.27241,-0.52511,0.0852
19127,-0.036278,0.00075039,0.021213,-0.011267,-0.29125,-0.55662,0.10631
19128,-0.050569,-0.0024977,-0.0050961,-0.036927,-0.28183,-0.53518,0.11313
19129,-0.04992,-0.0060706,-0.028157,-0.050244,-0.23376,-0.4595,0.10404
19130,-0.036602,-0.011917,-0.040825,-0.050244,-0.14574,-0.34062,0.078704
19131,-0.012567,-0.013866,-0.04115,-0.043099,-0.029782,-0.19836,0.048172
19132,0.019264,-0.0076946,-0.026209,-0.031406,0.087149,-0.055116,0.021863
19133,0.051096,0.012768,-0.0018481,-0.016464,0.17192,0.069285,0.011794
19134,0.078379,0.048497,0.026735,0.00075039,0.19921,0.15211,0.01829
19135,0.096893,0.090397,0.049147,0.016016,0.16933,0.17907,0.031932
19136,0.10404,0.12093,0.061165,0.029983,0.10859,0.15049,0.042001
19137,0.10112,0.13262,0.066686,0.04395,0.050446,0.07708,0.041351
19138,0.091047,0.1245,0.067336,0.063113,0.021213,-0.013216,0.027709
19139,0.073832,0.10306,0.066686,0.0852,0.031932,-0.089546,0.0069217
19140,0.056617,0.076106,0.065712,0.10144,0.072858,-0.13567,-0.011917
19141,0.042651,0.048822,0.063113,0.10209,0.12125,-0.14379,-0.020362
19142,0.033231,0.022837,0.056617,0.089098,0.16088,-0.10579,-0.015165
19143,0.02641,0.0056225,0.046223,0.070909,0.19109,-0.011267,0.0023744
19144,0.016991,-0.00022403,0.033881,0.059216,0.21577,0.13652,0.025111
19145,0.0046481,0.0043233,0.024461,0.056292,0.22747,0.30477,0.041676
19146,-0.007045,0.018615,0.022188,0.061489,0.22194,0.44639,0.042326
19147,-0.015165,0.037454,0.02641,0.067336,0.21382,0.52174,0.030308
19148,-0.022636,0.058566,0.032257,0.066362,0.22129,0.52272,0.018615
19149,-0.024585,0.078055,0.036479,0.050446,0.25605,0.46782,0.017965
19150,-0.021661,0.089748,0.036804,0.021213,0.31516,0.39084,0.033556
19151,-0.018088,0.085525,0.033881,-0.01614,0.3837,0.32134,0.058891
19152,-0.018413,0.058891,0.023812,-0.056091,0.43762,0.28723,0.079679
19153,-0.018738,0.013093,0.0078962,-0.087272,0.43697,0.30867,0.082277
19154,-0.01484,-0.041799,-0.010943,-0.10059,0.35576,0.3811,0.06831
19155,0.00010078,-0.089871,-0.027833,-0.09929,0.19661,0.46652,0.047523
19156,0.025111,-0.12073,-0.040825,-0.093769,0.0043233,0.52207,0.030308
19157,0.051745,-0.1295,-0.046347,-0.092145,-0.14346,0.52142,0.019914
19158,0.068635,-0.11943,-0.045697,-0.094093,-0.17465,0.45613,0.016666
19159,0.070259,-0.094093,-0.036927,-0.087922,-0.073955,0.34797,0.019914
19160,0.060515,-0.063886,-0.020037,-0.059989,0.10112,0.22324,0.034206
19161,0.051096,-0.029782,0.0023744,-0.0015233,0.25637,0.10631,0.063763
19162,0.048172,0.009845,0.028359,0.074157,0.30672,0.011469,0.10274
19163,0.05207,0.055318,0.05142,0.14204,0.21772,-0.053168,0.13814
19164,0.059216,0.096569,0.067336,0.18622,0.023487,-0.085648,0.16218
19165,0.064088,0.1258,0.073507,0.20505,-0.19348,-0.078827,0.1742
19166,0.067661,0.13944,0.073182,0.20635,-0.34939,-0.021337,0.17874
19167,0.071883,0.14107,0.074157,0.20863,-0.38739,0.084551,0.18719
19168,0.073832,0.13944,0.081627,0.22292,-0.30035,0.22259,0.20473
19169,0.073507,0.13847,0.099167,0.2515,-0.12138,0.36194,0.23169
19170,0.073182,0.13944,0.11995,0.28203,0.090722,0.48504,0.26287
19171,0.076755,0.13814,0.1336,0.29697,0.27164,0.59937,0.28431
19172,0.084551,0.13522,0.12905,0.28431,0.37785,0.70916,0.28528
19173,0.097543,0.13327,0.10404,0.24566,0.39864,0.79588,0.25637
19174,0.10729,0.13327,0.063763,0.18979,0.35609,0.82284,0.20018
19175,0.11054,0.13327,0.01894,0.1297,0.29015,0.75853,0.1323
19176,0.11054,0.12807,-0.020362,0.075456,0.23331,0.59093,0.075456
19177,0.11054,0.11346,-0.04862,0.031282,0.19693,0.3366,0.045249
19178,0.10924,0.088124,-0.06681,-0.0054209,0.16933,0.045249,0.043625
19179,0.10859,0.061489,-0.076229,-0.034329,0.13165,-0.22207,0.063438
19180,0.10826,0.041027,-0.07428,-0.057065,0.071558,-0.42247,0.093645
19181,0.10404,0.031932,-0.061288,-0.072331,-0.0031473,-0.53843,0.12158
19182,0.088124,0.032582,-0.043748,-0.076554,-0.076879,-0.58228,0.13684
19183,0.057917,0.036154,-0.027183,-0.072656,-0.13729,-0.57351,0.13165
19184,0.020564,0.038428,-0.013541,-0.064536,-0.17919,-0.53193,0.10047
19185,-0.012892,0.033881,-0.008669,-0.053817,-0.19803,-0.47152,0.048497
19186,-0.036278,0.016341,-0.012892,-0.038876,-0.18861,-0.40623,-0.0089938
19187,-0.048945,-0.021986,-0.021986,-0.021012,-0.15386,-0.35556,-0.060963
19188,-0.056091,-0.077528,-0.030756,0.0046481,-0.10676,-0.34387,-0.10384
19189,-0.060638,-0.13632,-0.034004,0.040052,-0.062587,-0.39064,-0.13534
19190,-0.057065,-0.17854,-0.027183,0.079354,-0.035628,-0.48906,-0.14899
19191,-0.046347,-0.19219,-0.011917,0.10729,-0.038876,-0.60794,-0.14184
19192,-0.032705,-0.17562,0.0043233,0.11541,-0.084674,-0.71123,-0.12138
19193,-0.019712,-0.13469,0.016991,0.1206,-0.17822,-0.78236,-0.097341
19194,-0.0083442,-0.080776,0.029658,0.14919,-0.30717,-0.81971,-0.070707
19195,0.0039985,-0.027833,0.045574,0.2096,-0.44489,-0.82166,-0.039526
19196,0.015692,0.013418,0.059216,0.27391,-0.56052,-0.77684,-0.00022403
19197,0.026085,0.03583,0.06019,0.28788,-0.64432,-0.67063,0.041027
19198,0.032906,0.041351,0.037778,0.2148,-0.69986,-0.50887,0.072533
19199,0.032257,0.038103,-0.0057458,0.066037,-0.72877,-0.31789,0.089423
19200,0.01894,0.031607,-0.054467,-0.10871,-0.71123,-0.12787,0.090072
19201,-0.0031473,0.022188,-0.090845,-0.24545,-0.61703,0.042326,0.080653
19202,-0.030756,0.012443,-0.10514,-0.30392,-0.41598,0.17874,0.060515
19203,-0.057065,0.0075714,-0.094418,-0.28443,-0.097991,0.28268,0.031932
19204,-0.07493,0.013743,-0.065835,-0.21655,0.32069,0.37785,-0.0031473
19205,-0.080776,0.031607,-0.030431,-0.1282,0.78841,0.48212,-0.039851
19206,-0.076229,0.06084,0.0072465,-0.047321,1.2061,0.57111,-0.080776
19207,-0.067134,0.093321,0.041676,0.014068,1.4601,0.59028,-0.1308
19208,-0.057715,0.10859,0.067011,0.051096,1.4893,0.50355,-0.18666
19209,-0.050894,0.090072,0.072858,0.065387,1.3133,0.31906,-0.23409
19210,-0.046347,0.039402,0.057592,0.057267,1.0041,0.086824,-0.25617
19211,-0.038551,-0.025559,0.033881,0.040702,0.65459,-0.12333,-0.2474
19212,-0.021337,-0.079802,0.013093,0.031282,0.34537,-0.2526,-0.20778
19213,0.0036737,-0.10774,0.00010078,0.033556,0.12483,-0.27404,-0.14704
19214,0.030957,-0.10384,-0.0060706,0.044275,-0.007045,-0.20583,-0.081426
19215,0.051096,-0.074605,-0.0073698,0.059216,-0.072981,-0.089221,-0.023935
19216,0.058566,-0.035953,-0.0034721,0.067011,-0.098641,0.038428,0.012768
19217,0.05207,-0.0015233,0.0023744,0.070584,-0.09994,0.16738,0.028359
19218,0.037454,0.01894,0.008221,0.076431,-0.086623,0.29795,0.030957
19219,0.020564,0.028034,0.014392,0.080328,-0.067784,0.41618,0.02706
19220,0.011144,0.031282,0.022188,0.071558,-0.045372,0.50128,0.023812
19221,0.01017,0.034206,0.032582,0.048172,-0.024585,0.53376,0.021213
19222,0.010819,0.040702,0.038428,0.018615,-0.012242,0.50193,0.019589
19223,0.0078962,0.045574,0.037454,-0.0099683,-0.020037,0.41488,0.019264
19224,0.0036737,0.048497,0.033231,-0.024909,-0.04862,0.2934,0.024786
19225,0.0039985,0.052395,0.029658,-0.019063,-0.09117,0.16933,0.036479
19226,0.0091954,0.056292,0.031282,0.009845,-0.14119,0.06084,0.05272
19227,0.014068,0.058891,0.039402,0.049147,-0.20225,-0.03303,0.067011
19228,0.014717,0.059541,0.050446,0.083251,-0.28151,-0.123,0.06896
19229,0.0091954,0.056942,0.06019,0.10112,-0.37895,-0.22532,0.052395
19230,-0.0028225,0.046548,0.064737,0.099492,-0.48516,-0.36238,0.013093
19231,-0.018088,0.030633,0.059865,0.079029,-0.58163,-0.54525,-0.04115
19232,-0.033354,0.015367,0.047198,0.049472,-0.64627,-0.74014,-0.089871
19233,-0.042124,0.012119,0.032906,0.026735,-0.65796,-0.8889,-0.11651
19234,-0.042124,0.024137,0.025436,0.018615,-0.60372,-0.94217,-0.12203
19235,-0.032705,0.047523,0.026085,0.025111,-0.48646,-0.89085,-0.11553
19236,-0.020687,0.071883,0.032906,0.038103,-0.31724,-0.75475,-0.10254
19237,-0.0073698,0.092671,0.040052,0.049796,-0.12008,-0.56052,-0.079477
19238,0.01017,0.10761,0.0433,0.053369,0.069934,-0.33445,-0.040175
19239,0.034855,0.12028,0.045249,0.05207,0.21772,-0.10091,0.013743
19240,0.061489,0.13197,0.047523,0.050771,0.2986,0.11411,0.072208
19241,0.088124,0.14561,0.050771,0.050771,0.30542,0.28885,0.1206
19242,0.11183,0.16056,0.054668,0.056617,0.25767,0.41585,0.14951
19243,0.13165,0.17582,0.059216,0.071234,0.18849,0.50193,0.15828
19244,0.14984,0.18914,0.063113,0.087799,0.11866,0.53766,0.15081
19245,0.1664,0.20148,0.066686,0.094945,0.053044,0.51167,0.12515
19246,0.17615,0.20668,0.067011,0.090072,-0.0034721,0.42365,0.087799
19247,0.17452,0.20311,0.064413,0.0852,-0.043423,0.30152,0.057267
19248,0.1638,0.18914,0.062789,0.086175,-0.066485,0.18557,0.049796
19249,0.14756,0.1651,0.065387,0.091047,-0.078503,0.10664,0.070909
19250,0.12937,0.13132,0.06896,0.092671,-0.0837,0.074482,0.10794
19251,0.11573,0.088124,0.071558,0.0865,-0.083375,0.075131,0.14237
19252,0.10794,0.039078,0.070909,0.072858,-0.076879,0.089098,0.16121
19253,0.10144,-0.010943,0.064737,0.06084,-0.06551,0.11054,0.1625
19254,0.091372,-0.052843,0.053694,0.058566,-0.044073,0.15146,0.15666
19255,0.075456,-0.076229,0.041351,0.072858,-0.0031473,0.22162,0.15081
19256,0.05272,-0.084999,0.025761,0.099492,0.057267,0.31614,0.14919
19257,0.025761,-0.084024,0.012768,0.1271,0.1232,0.41196,0.14399
19258,-0.0018481,-0.078503,0.0085458,0.14529,0.18687,0.48569,0.12807
19259,-0.025559,-0.072006,0.011469,0.14691,0.2567,0.52466,0.096893
19260,-0.045047,-0.068434,0.013743,0.13749,0.34505,0.53506,0.058566
19261,-0.059014,-0.069733,0.0085458,0.11671,0.44411,0.53636,0.028034
19262,-0.069083,-0.075904,-0.0089938,0.081303,0.52369,0.5474,0.011794
19263,-0.076879,-0.085648,-0.03303,0.029333,0.55227,0.57696,0.0095202
19264,-0.085973,-0.092794,-0.054467,-0.03238,0.5159,0.61301,0.019589
19265,-0.088896,-0.087922,-0.064536,-0.090521,0.42138,0.63932,0.036154
19266,-0.080776,-0.06551,-0.062587,-0.1282,0.29697,0.6377,0.045899
19267,-0.067784,-0.034978,-0.056091,-0.13892,0.1768,0.60132,0.032582
19268,-0.055441,-0.012567,-0.054467,-0.13177,0.084226,0.52499,-0.017764
19269,-0.048945,-0.0067202,-0.05804,-0.11878,0.02641,0.41391,-0.098965
19270,-0.04862,-0.016789,-0.060638,-0.11033,-0.0054209,0.28366,-0.19413
19271,-0.04992,-0.03173,-0.060313,-0.10319,-0.027508,0.15471,-0.27046
19272,-0.04927,-0.043748,-0.055116,-0.089546,-0.045047,0.036154,-0.30229
19273,-0.046996,-0.044398,-0.044723,-0.064211,-0.065186,-0.0824,-0.27956
19274,-0.036927,-0.028157,-0.031406,-0.034978,-0.092145,-0.21167,-0.21492
19275,-0.015165,0.003024,-0.014191,-0.011267,-0.12008,-0.35232,-0.13145
19276,0.019589,0.039402,0.0069217,0.00042559,-0.14281,-0.49296,-0.049595
19277,0.058241,0.073182,0.029658,0.0088706,-0.15711,-0.60989,0.016991
19278,0.093321,0.097218,0.050446,0.01829,-0.16295,-0.68849,0.068635
19279,0.11573,0.11118,0.065062,0.030633,-0.15905,-0.73007,0.10599
19280,0.12515,0.11541,0.070584,0.046548,-0.14834,-0.75215,0.12743
19281,0.1206,0.11021,0.067661,0.062464,-0.14411,-0.77456,0.1297
19282,0.10599,0.098842,0.057917,0.075131,-0.15548,-0.79048,0.11508
19283,0.091047,0.087474,0.047198,0.084551,-0.18147,-0.76644,0.095919
19284,0.0852,0.082602,0.039402,0.090072,-0.20745,-0.66803,0.091696
19285,0.091372,0.084226,0.039402,0.09397,-0.2172,-0.47769,0.11118
19286,0.10339,0.091696,0.044924,0.099167,-0.20485,-0.20583,0.15211
19287,0.11248,0.10112,0.054019,0.10534,-0.17367,0.099167,0.19531
19288,0.10534,0.10631,0.063113,0.10826,-0.13632,0.36421,0.2161
19289,0.083251,0.10371,0.06961,0.097218,-0.10903,0.52954,0.20051
19290,0.050446,0.089748,0.069934,0.071234,-0.10579,0.56754,0.14854
19291,0.015042,0.065062,0.062464,0.03453,-0.12885,0.49251,0.074157
19292,-0.011917,0.036154,0.046873,-0.0089938,-0.16718,0.34992,-0.0037969
19293,-0.028482,0.0014,0.030308,-0.046996,-0.19901,0.18784,-0.067784
19294,-0.034654,-0.034329,0.015692,-0.070058,-0.20485,0.05272,-0.10871
19295,-0.032705,-0.06681,0.0023744,-0.072656,-0.18147,-0.033354,-0.12657
19296,-0.025234,-0.085648,-0.0067202,-0.055766,-0.14249,-0.068434,-0.12852
19297,-0.018088,-0.086623,-0.0093186,-0.024909,-0.10741,-0.068109,-0.12105
19298,-0.0099683,-0.072656,-0.007045,-0.00087364,-0.094743,-0.050244,-0.10709
19299,-0.0024977,-0.053168,-0.0041217,0.00075039,-0.10579,-0.028807,-0.086298
19300,0.0039985,-0.039526,-0.0067202,-0.025884,-0.11715,-0.0047713,-0.059664
19301,0.01017,-0.03173,-0.011592,-0.067459,-0.094743,0.023487,-0.025884
19302,0.019264,-0.02361,-0.012892,-0.097666,-0.023285,0.057592,0.016666
19303,0.03518,-0.014516,-0.007045,-0.096042,0.089423,0.092021,0.063763
19304,0.056617,-0.007045,0.0065969,-0.062912,0.20733,0.11541,0.10501
19305,0.074482,-0.0021729,0.023487,-0.016464,0.30217,0.1232,0.13717
19306,0.083251,0.00042559,0.037778,0.021863,0.37265,0.1297,0.15926
19307,0.082277,0.0020496,0.0433,0.039402,0.42462,0.15114,0.17322
19308,0.072208,0.0020496,0.043625,0.036154,0.45321,0.19271,0.18134
19309,0.056617,0.0026992,0.042326,0.019589,0.45191,0.23624,0.18134
19310,0.032906,0.0069217,0.037778,-0.00022403,0.41228,0.25605,0.16998
19311,0.0043233,0.011469,0.030633,-0.019063,0.32718,0.23624,0.13944
19312,-0.022961,0.018615,0.026735,-0.029782,0.19661,0.18459,0.088124
19313,-0.044723,0.029333,0.030633,-0.030106,0.033881,0.12385,0.026735
19314,-0.056091,0.041676,0.041027,-0.018738,-0.13307,0.080328,-0.026533
19315,-0.053492,0.054668,0.049796,-0.0031473,-0.27631,0.068635,-0.059014
19316,-0.037577,0.066037,0.050771,0.008221,-0.37473,0.080328,-0.068434
19317,-0.016789,0.066686,0.0433,0.0085458,-0.41273,0.089098,-0.059664
19318,-0.0021729,0.055318,0.030633,0.0014,-0.38122,0.067661,-0.042774
19319,-0.00087364,0.030308,0.014392,-0.0034721,-0.2867,0.0059473,-0.026858
19320,-0.011267,-0.0034721,0.0020496,-0.0034721,-0.15029,-0.087922,-0.02361
19321,-0.028157,-0.033354,-0.0037969,-0.0021729,-0.0034721,-0.19316,-0.034978
19322,-0.0405,-0.046671,-0.0028225,-0.0037969,0.13814,-0.28216,-0.047321
19323,-0.038551,-0.034004,0.0020496,-0.0063954,0.27164,-0.32503,-0.045372
19324,-0.022636,0.00010078,0.0075714,-0.0093186,0.40189,-0.31431,-0.024909
19325,-0.0011985,0.041027,0.011469,-0.011592,0.53506,-0.26949,0.010819
19326,0.01829,0.073182,0.016016,-0.014191,0.66108,-0.22467,0.05142
19327,0.032582,0.092996,0.020564,-0.018088,0.753,-0.21265,0.080328
19328,0.046223,0.099817,0.025111,-0.02361,0.77542,-0.26039,0.084226
19329,0.064413,0.10047,0.02706,-0.029457,0.70039,-0.3705,0.065387
19330,0.08585,0.097868,0.032257,-0.030431,0.53311,-0.50562,0.042001
19331,0.10306,0.096244,0.042001,-0.017439,0.31744,-0.62028,0.029009
19332,0.11313,0.095594,0.053044,0.0091954,0.10112,-0.69076,0.03518
19333,0.11118,0.092671,0.061489,0.036479,-0.09117,-0.72065,0.054668
19334,0.097543,0.082927,0.065387,0.055968,-0.26787,-0.72974,0.07708
19335,0.073832,0.059865,0.062789,0.066037,-0.44683,-0.72877,0.089098
19336,0.050121,0.026735,0.054019,0.075131,-0.63132,-0.71155,0.084551
19337,0.036154,-0.011592,0.041027,0.092996,-0.81127,-0.6677,0.074806
19338,0.039402,-0.042449,0.027709,0.11508,-0.94671,-0.58001,0.075456
19339,0.055968,-0.055116,0.01829,0.1349,-0.97432,-0.43871,0.09397
19340,0.078704,-0.046022,0.016666,0.14302,-0.85414,-0.24578,0.1258
19341,0.099492,-0.022311,0.024461,0.13977,-0.61866,-0.019388,0.15926
19342,0.10501,0.0069217,0.037454,0.13814,-0.33543,0.21545,0.17907
19343,0.091047,0.038428,0.050121,0.14367,-0.075579,0.4256,0.17615
19344,0.056942,0.062139,0.053694,0.15081,0.11183,0.57598,0.14789
19345,0.0091954,0.067986,0.045574,0.14691,0.21382,0.64582,0.09462
19346,-0.044723,0.05207,0.028359,0.131,0.24468,0.63575,0.018615
19347,-0.094418,0.023812,0.0072465,0.10242,0.23266,0.57079,-0.062587
19348,-0.13145,-0.0037969,-0.013866,0.067986,0.2044,0.48341,-0.1256
19349,-0.14639,-0.018413,-0.030106,0.034206,0.1742,0.39474,-0.15808
19350,-0.14411,-0.016464,-0.040175,0.0039985,0.15081,0.31192,-0.15841
19351,-0.12592,-0.0011985,-0.044398,-0.018738,0.14172,0.23364,-0.13177
19352,-0.097017,0.016666,-0.044723,-0.025884,0.15828,0.16153,-0.093444
19353,-0.062262,0.033556,-0.039526,-0.021337,0.20928,0.098842,-0.060313
19354,-0.03238,0.04395,-0.033354,-0.0089938,0.28853,0.053369,-0.046996
19355,-0.013541,0.047523,-0.028157,0.0049729,0.37655,0.024137,-0.055441
19356,-0.0096434,0.045574,-0.026533,0.014392,0.44801,0.013093,-0.078827
19357,-0.019388,0.03583,-0.029457,0.013743,0.46782,0.017316,-0.10384
19358,-0.033354,0.024786,-0.032705,0.011144,0.40773,0.029983,-0.1204
19359,-0.040825,0.018615,-0.03303,0.015042,0.27716,0.046223,-0.1204
19360,-0.039201,0.021863,-0.024585,0.029983,0.1232,0.061489,-0.10026
19361,-0.028482,0.034855,-0.0060706,0.05207,0.0046481,0.080653,-0.061288
19362,-0.014191,0.051745,0.01764,0.07708,-0.041475,0.11118,-0.012567
19363,-0.00087364,0.066037,0.038428,0.09397,-0.020362,0.14984,0.038428
19364,0.013418,0.071558,0.051745,0.092346,0.032906,0.18687,0.083901
19365,0.028034,0.06831,0.056617,0.074157,0.089748,0.21967,0.11833
19366,0.041676,0.059216,0.054344,0.054344,0.13392,0.25183,0.13814
19367,0.054019,0.044275,0.042975,0.044275,0.15536,0.27976,0.14139
19368,0.06019,0.027385,0.02706,0.042975,0.13814,0.28983,0.12288
19369,0.059216,0.013743,0.0065969,0.046223,0.076755,0.27002,0.090722
19370,0.056617,0.0069217,-0.013541,0.045249,-0.012242,0.22032,0.058241
19371,0.050446,0.0062721,-0.03173,0.03453,-0.10221,0.15731,0.031282
19372,0.039078,0.010495,-0.045047,0.017965,-0.17237,0.090397,0.013743
19373,0.022837,0.017965,-0.053492,0.0017248,-0.212,0.016341,0.0052977
19374,0.008221,0.022188,-0.057065,-0.0067202,-0.22012,-0.062587,-0.00022403
19375,-0.00022403,0.021538,-0.055116,-0.0037969,-0.20843,-0.12755,-0.0047713
19376,-0.00054884,0.015367,-0.046347,0.015367,-0.20258,-0.16523,-0.0089938
19377,0.0078962,0.0069217,-0.029132,0.043625,-0.22597,-0.17692,-0.012892
19378,0.019264,0.0020496,-0.0096434,0.067011,-0.29223,-0.17367,-0.019388
19379,0.026735,0.0075714,0.009845,0.079029,-0.39519,-0.16782,-0.025884
19380,0.029658,0.022837,0.031607,0.079029,-0.50238,-0.15905,-0.028482
19381,0.033881,0.045249,0.051745,0.06831,-0.57189,-0.13502,-0.020037
19382,0.045899,0.06831,0.066686,0.05142,-0.56052,-0.087597,0.00075039
19383,0.064088,0.090397,0.06961,0.035505,-0.44294,-0.016464,0.030308
19384,0.087474,0.10566,0.066362,0.025761,-0.23019,0.074806,0.062464
19385,0.10826,0.11378,0.067011,0.025761,0.03518,0.17192,0.088124
19386,0.11411,0.11638,0.080003,0.035505,0.29892,0.25085,0.10047
19387,0.099492,0.11281,0.10112,0.055318,0.51362,0.2921,0.095919
19388,0.063763,0.095919,0.11378,0.077405,0.65004,0.28496,0.068635
19389,0.016991,0.062464,0.10664,0.083901,0.70461,0.23461,0.022837
19390,-0.027833,0.015042,0.076106,0.062139,0.69584,0.15958,-0.022636
19391,-0.058689,-0.035953,0.029983,0.016341,0.64744,0.093645,-0.052518
19392,-0.067459,-0.079152,-0.021661,-0.037902,0.57371,0.062139,-0.054792
19393,-0.058365,-0.10351,-0.063561,-0.080127,0.48406,0.08585,-0.034978
19394,-0.039851,-0.10774,-0.086623,-0.10124,0.38597,0.15958,-0.008669
19395,-0.02361,-0.10091,-0.088896,-0.10221,0.28723,0.2619,0.0023744
19396,-0.013216,-0.09117,-0.075904,-0.090196,0.20018,0.35187,-0.014191
19397,-0.0099683,-0.083375,-0.055116,-0.075904,0.12905,0.39539,-0.053492
19398,-0.0093186,-0.073631,-0.031081,-0.068758,0.064413,0.37493,-0.098641
19399,-0.013541,-0.058689,-0.011267,-0.071032,-0.010293,0.28561,-0.13924
19400,-0.022636,-0.039526,-0.00054884,-0.086948,-0.11586,0.14042,-0.17432
19401,-0.033679,-0.021661,0.0014,-0.11293,-0.26104,-0.021661,-0.19771
19402,-0.038551,-0.007045,-0.0024977,-0.13827,-0.43547,-0.15483,-0.20128
19403,-0.028482,0.0020496,-0.0063954,-0.15646,-0.60242,-0.21655,-0.17919
19404,-0.0034721,0.0069217,-0.0037969,-0.1597,-0.7213,-0.19836,-0.13015
19405,0.029333,0.0072465,0.008221,-0.13762,-0.77197,-0.13047,-0.067134
19406,0.062464,0.0049729,0.02706,-0.086298,-0.75605,-0.06681,-0.0060706
19407,0.090722,0.0088706,0.049796,-0.012567,-0.68752,-0.044723,0.047847
19408,0.11054,0.027385,0.077405,0.071883,-0.57448,-0.058365,0.09462
19409,0.12678,0.061814,0.10664,0.14886,-0.43189,-0.073955,0.13555
19410,0.13587,0.10242,0.1349,0.20505,-0.28995,-0.062587,0.16348
19411,0.13847,0.13912,0.15861,0.23754,-0.17724,-0.03173,0.17582
19412,0.1362,0.16413,0.17452,0.25378,-0.095068,-0.0037969,0.18004
19413,0.13425,0.17842,0.18004,0.2606,-0.00022403,0.0085458,0.18589
19414,0.13457,0.18297,0.1742,0.25832,0.15796,0.021538,0.20148
19415,0.14237,0.18102,0.15828,0.2463,0.37363,0.06084,0.23006
19416,0.15926,0.17712,0.13587,0.22682,0.58021,0.14789,0.26807
19417,0.17972,0.17582,0.11183,0.19921,0.70071,0.27749,0.30217
19418,0.19531,0.18232,0.090722,0.16185,0.68512,0.41391,0.31614
19419,0.20083,0.19174,0.074157,0.12125,0.53181,0.52207,0.3038
19420,0.19823,0.19239,0.060515,0.081303,0.27976,0.57663,0.27294
19421,0.18719,0.17257,0.044924,0.046873,-0.020037,0.56072,0.22941
19422,0.16413,0.131,0.028359,0.026735,-0.32048,0.47692,0.17387
19423,0.13035,0.075456,0.013743,0.025436,-0.5826,0.34602,0.10989
19424,0.093321,0.021213,0.0043233,0.037129,-0.78366,0.20018,0.0433
19425,0.057267,-0.020037,-0.00022403,0.047198,-0.91488,0.070259,-0.020037
19426,0.024786,-0.045697,-0.0015233,0.050446,-0.97335,-0.020037,-0.073955
19427,-0.0011985,-0.059664,0.0014,0.045249,-0.95288,-0.043423,-0.11358
19428,-0.016464,-0.064861,0.0085458,0.034855,-0.83758,0.019914,-0.1308
19429,-0.025559,-0.06551,0.016991,0.023812,-0.62028,0.15698,-0.11456
19430,-0.03303,-0.060313,0.019589,0.017965,-0.32048,0.31094,-0.065835
19431,-0.045697,-0.051219,0.013743,0.022188,0.011144,0.40059,0.0026992
19432,-0.061613,-0.039201,0.0026992,0.033881,0.30574,0.36843,0.067011
19433,-0.071032,-0.025884,-0.0089938,0.048497,0.51525,0.21512,0.11411
19434,-0.070707,-0.012242,-0.016789,0.058566,0.6416,-0.0099683,0.14042
19435,-0.062587,0.0017248,-0.021012,0.060515,0.73709,-0.22954,0.14691
19436,-0.053817,0.0088706,-0.026209,0.048172,0.85369,-0.38674,0.13457
19437,-0.044073,0.0065969,-0.033679,0.025761,1.0116,-0.46567,0.11476
19438,-0.035628,-0.0067202,-0.045047,-0.0011985,1.1863,-0.48094,0.092671
19439,-0.032705,-0.026209,-0.056741,-0.022961,1.3321,-0.46892,0.065387
19440,-0.0405,-0.044073,-0.064211,-0.041799,1.4101,-0.46632,0.024137
19441,-0.059664,-0.057715,-0.06681,-0.065835,1.4013,-0.49588,-0.033354
19442,-0.088572,-0.063886,-0.069733,-0.096367,1.3185,-0.56929,-0.10514
19443,-0.12008,-0.064211,-0.076554,-0.12365,1.186,-0.69401,-0.18699
19444,-0.14801,-0.059014,-0.085648,-0.14249,1.0271,-0.85804,-0.27176
19445,-0.16328,-0.054467,-0.088896,-0.14866,0.85402,-1.0299,-0.35329
19446,-0.15808,-0.055766,-0.084674,-0.14509,0.66498,-1.1738,-0.41988
19447,-0.1321,-0.060313,-0.073955,-0.1308,0.45288,-1.2563,-0.45788
19448,-0.091495,-0.059989,-0.060638,-0.10514,0.22389,-1.2647,-0.44976
19449,-0.044398,-0.051868,-0.048296,-0.073631,-0.0073698,-1.204,-0.39909
19450,-0.0067202,-0.037577,-0.037252,-0.043423,-0.22012,-1.0848,-0.32503
19451,0.008221,-0.020037,-0.030106,-0.026209,-0.39487,-0.91586,-0.25357
19452,-0.0011985,-0.0018481,-0.022961,-0.02426,-0.51374,-0.70733,-0.20063
19453,-0.022961,0.012768,-0.012892,-0.030431,-0.57741,-0.47087,-0.1662
19454,-0.040825,0.022188,-0.0011985,-0.032705,-0.60534,-0.21914,-0.13015
19455,-0.040175,0.031932,0.012119,-0.025884,-0.62191,0.036154,-0.076554
19456,-0.018738,0.050446,0.025111,-0.010943,-0.63847,0.27651,-0.0018481
19457,0.021538,0.081303,0.042326,0.0046481,-0.64821,0.49251,0.091372
19458,0.067986,0.11995,0.061165,0.019589,-0.64074,0.68609,0.19174
19459,0.10924,0.15179,0.072858,0.043625,-0.61736,0.86506,0.28398
19460,0.13002,0.16315,0.076106,0.087799,-0.58455,1.0112,0.34407
19461,0.12385,0.14984,0.070909,0.15081,-0.55727,1.0752,0.34992
19462,0.094945,0.12028,0.058566,0.21902,-0.56376,1.0158,0.29697
19463,0.057592,0.08585,0.039078,0.27294,-0.61508,0.83096,0.20603
19464,0.02641,0.056617,0.01894,0.29503,-0.69499,0.57274,0.11151
19465,0.011794,0.036479,0.0059473,0.28528,-0.76644,0.31646,0.048172
19466,0.020239,0.026735,0.0065969,0.25507,-0.79438,0.14074,0.037454
19467,0.045899,0.028034,0.019264,0.21935,-0.7645,0.088773,0.073182
19468,0.07708,0.041351,0.037454,0.18654,-0.68752,0.15016,0.13977
19469,0.10729,0.061165,0.051096,0.15601,-0.5891,0.26449,0.21545
19470,0.1336,0.082927,0.059216,0.1258,-0.47672,0.36778,0.28658
19471,0.15341,0.10144,0.061489,0.096893,-0.33802,0.4269,0.3418
19472,0.1625,0.10631,0.061165,0.073182,-0.15288,0.45353,0.37298
19473,0.15568,0.096569,0.061165,0.058566,0.067011,0.47237,0.37493
19474,0.1336,0.079029,0.061165,0.050446,0.27294,0.49283,0.35122
19475,0.10371,0.067336,0.063438,0.05142,0.41098,0.5055,0.31224
19476,0.072858,0.067661,0.072533,0.072533,0.461,0.49998,0.27196
19477,0.047523,0.080653,0.094945,0.11671,0.43372,0.48536,0.24046
19478,0.035505,0.10047,0.12515,0.16705,0.35674,0.5003,0.22194
19479,0.038753,0.1206,0.14496,0.19499,0.25475,0.57566,0.21285
19480,0.048822,0.13684,0.14561,0.18329,0.14756,0.70266,0.20408
19481,0.054668,0.14756,0.13132,0.13652,0.061814,0.82641,0.18492
19482,0.04395,0.14951,0.10339,0.070584,0.015367,0.8839,0.14432
19483,0.0095202,0.13425,0.063763,-0.012567,-0.0037969,0.83745,0.077405
19484,-0.041799,0.097218,0.01829,-0.11391,-0.022311,0.69064,-0.0063954
19485,-0.096042,0.04395,-0.023285,-0.22109,-0.048296,0.49608,-0.087922
19486,-0.14216,-0.015815,-0.055441,-0.31366,-0.067134,0.31289,-0.15776
19487,-0.1701,-0.067459,-0.078503,-0.36693,-0.057065,0.17257,-0.21427
19488,-0.17465,-0.10091,-0.090845,-0.36726,-0.0024977,0.073507,-0.25942
19489,-0.15905,-0.11488,-0.093769,-0.31821,0.093321,-0.0096434,-0.28995
19490,-0.13664,-0.11943,-0.089221,-0.24026,0.20473,-0.10936,-0.30457
19491,-0.11456,-0.12917,-0.083375,-0.15581,0.30152,-0.24675,-0.30489
19492,-0.094093,-0.14769,-0.077853,-0.086948,0.36129,-0.41663,-0.29288
19493,-0.078827,-0.17042,-0.075255,-0.046996,0.37071,-0.59365,-0.27079
19494,-0.068434,-0.18731,-0.078503,-0.026858,0.334,-0.74371,-0.2448
19495,-0.061613,-0.19154,-0.085648,-0.019712,0.27196,-0.84472,-0.22532
19496,-0.058365,-0.17854,-0.090845,-0.021012,0.20473,-0.90059,-0.22174
19497,-0.057065,-0.15029,-0.089871,-0.022961,0.14529,-0.9256,-0.23019
19498,-0.051868,-0.10774,-0.076229,-0.01614,0.10079,-0.93177,-0.23441
19499,-0.043423,-0.049595,-0.046671,-0.0034721,0.072208,-0.92398,-0.21947
19500,-0.030106,0.020564,0.00010078,0.009845,0.049796,-0.91033,-0.18439
19501,-0.0080194,0.095269,0.054993,0.020888,0.027709,-0.89734,-0.13989
19502,0.021538,0.16121,0.10501,0.029983,0.00010078,-0.88208,-0.098641
19503,0.05142,0.20538,0.13684,0.036479,-0.031081,-0.86031,-0.068109
19504,0.078055,0.21967,0.14367,0.039402,-0.053168,-0.82329,-0.047646
19505,0.094945,0.20246,0.13165,0.04395,-0.037902,-0.76287,-0.032055
19506,0.10177,0.16056,0.10826,0.056942,0.023812,-0.6794,-0.014191
19507,0.10209,0.10696,0.0852,0.079679,0.11671,-0.57481,0.011144
19508,0.10144,0.053044,0.066037,0.10339,0.20343,-0.45203,0.042651
19509,0.10144,0.01017,0.051096,0.11378,0.2502,-0.32113,0.074806
19510,0.096893,-0.015165,0.039078,0.10436,0.23851,-0.19251,0.10242
19511,0.084876,-0.021986,0.029983,0.078704,0.16445,-0.079477,0.11833
19512,0.065387,-0.017114,0.028684,0.046548,0.042651,0.008221,0.11898
19513,0.044924,-0.0083442,0.03518,0.01894,-0.09929,0.065712,0.10924
19514,0.028359,-0.0021729,0.045249,-0.00054884,-0.23116,0.099167,0.095594
19515,0.016341,-0.00022403,0.05207,-0.017764,-0.33672,0.11703,0.081303
19516,0.008221,-0.00022403,0.049147,-0.037577,-0.40851,0.12418,0.06831
19517,-0.0021729,0.003024,0.037454,-0.062912,-0.43644,0.1219,0.061814
19518,-0.013866,0.01017,0.020564,-0.085648,-0.41338,0.10436,0.060515
19519,-0.021661,0.017965,0.0052977,-0.095068,-0.34614,0.074806,0.065387
19520,-0.019063,0.021213,-0.0011985,-0.0837,-0.25877,0.038753,0.080328
19521,-0.0028225,0.019589,0.0046481,-0.056416,-0.17984,0.011469,0.10859
19522,0.028359,0.013093,0.021538,-0.027508,-0.1308,0.0072465,0.14821
19523,0.066037,0.0052977,0.039727,-0.0060706,-0.11391,0.033231,0.18622
19524,0.095919,0.0010752,0.049147,0.01829,-0.12235,0.087149,0.2109
19525,0.11021,0.0014,0.042326,0.059216,-0.14249,0.16218,0.21675
19526,0.11313,0.0072465,0.025436,0.11801,-0.14216,0.25118,0.20798
19527,0.11086,0.021538,0.0069217,0.18459,-0.075904,0.35154,0.19531
19528,0.10501,0.04395,-0.0041217,0.24371,0.088448,0.46133,0.17939
19529,0.10079,0.071558,-0.0034721,0.28138,0.33595,0.56462,0.15373
19530,0.10242,0.098842,0.0056225,0.28626,0.59093,0.62568,0.10696
19531,0.10989,0.11703,0.014068,0.25767,0.76535,0.60327,0.040377
19532,0.11898,0.12385,0.021213,0.20538,0.7975,0.48796,-0.024909
19533,0.12223,0.12125,0.029658,0.14886,0.67667,0.31224,-0.067784
19534,0.11963,0.11866,0.039402,0.10047,0.44671,0.13002,-0.078178
19535,0.11054,0.1206,0.050771,0.064088,0.1768,-0.008669,-0.058365
19536,0.089748,0.12353,0.060515,0.039078,-0.073631,-0.078827,-0.020362
19537,0.062464,0.12385,0.062139,0.021213,-0.26364,-0.079802,0.026085
19538,0.039402,0.11963,0.054993,0.009845,-0.377,-0.021012,0.072208
19539,0.032257,0.11021,0.042326,0.013418,-0.41923,0.072533,0.11378
19540,0.041676,0.095269,0.027709,0.034855,-0.41955,0.16348,0.15146
19541,0.056617,0.073182,0.018615,0.072533,-0.40851,0.21902,0.18297
19542,0.065062,0.048172,0.022512,0.13002,-0.38902,0.22357,0.20083
19543,0.067011,0.029009,0.044275,0.20148,-0.33055,0.19726,0.20343
19544,0.065712,0.01894,0.076755,0.2593,-0.21362,0.17517,0.19466
19545,0.059541,0.015042,0.095919,0.2606,-0.06616,0.1703,0.17355
19546,0.045249,0.0075714,0.0865,0.16998,0.063113,0.1781,0.1362
19547,0.022837,-0.010618,0.048822,0.00075039,0.14691,0.19661,0.091696
19548,-0.0041217,-0.037577,-0.0047713,-0.18796,0.18134,0.23169,0.056292
19549,-0.029782,-0.063886,-0.053168,-0.32341,0.17517,0.28041,0.040702
19550,-0.044723,-0.083375,-0.080776,-0.36466,0.13555,0.32588,0.043625
19551,-0.044398,-0.091495,-0.085324,-0.31301,0.084226,0.35122,0.056942
19552,-0.034654,-0.090196,-0.075255,-0.20323,0.064088,0.35057,0.073507
19553,-0.018738,-0.079152,-0.060963,-0.081751,0.12125,0.3405,0.0865
19554,0.0062721,-0.055766,-0.046671,0.019589,0.28528,0.35122,0.097218
19555,0.036804,-0.023935,-0.027833,0.086824,0.53441,0.40579,0.098193
19556,0.065387,0.008221,-0.0034721,0.12288,0.79101,0.49218,0.072208
19557,0.084876,0.032906,0.024137,0.13327,0.95633,0.56592,0.014392
19558,0.086824,0.050771,0.051745,0.1258,0.95893,0.5854,-0.06616
19559,0.070909,0.064413,0.07773,0.10826,0.78971,0.53311,-0.14834
19560,0.042326,0.079029,0.098842,0.090722,0.50095,0.4269,-0.19901
19561,0.014068,0.093321,0.11021,0.081627,0.17452,0.30185,-0.19608
19562,0.00010078,0.099167,0.10826,0.082277,-0.11423,0.18524,-0.14541
19563,0.0017248,0.086824,0.092996,0.088124,-0.32633,0.094945,-0.069083
19564,0.016341,0.051096,0.073182,0.10047,-0.45333,0.031932,0.00042559
19565,0.037454,0.0056225,0.060515,0.12515,-0.4962,-0.016464,0.043625
19566,0.054344,-0.028482,0.062139,0.15991,-0.46178,-0.06616,0.058241
19567,0.059541,-0.038227,0.073832,0.18881,-0.36563,-0.11878,0.048497
19568,0.050771,-0.022961,0.086824,0.19434,-0.23798,-0.16458,0.024786
19569,0.032582,0.0046481,0.091372,0.15926,-0.11131,-0.19121,-0.007045
19570,0.01017,0.02641,0.078055,0.091372,-0.013216,-0.19901,-0.039201
19571,-0.008669,0.025436,0.048172,0.01017,0.053369,-0.18894,-0.064536
19572,-0.020362,0.0010752,0.011794,-0.055766,0.11378,-0.16198,-0.081426
19573,-0.026533,-0.034329,-0.019712,-0.085324,0.2083,-0.1334,-0.089221
19574,-0.027508,-0.062262,-0.035628,-0.073306,0.34667,-0.12755,-0.091495
19575,-0.025884,-0.068434,-0.031081,-0.028157,0.49251,-0.1649,-0.089546
19576,-0.021337,-0.04862,-0.014191,0.037129,0.58475,-0.24286,-0.082725
19577,-0.013216,-0.011592,0.0017248,0.10112,0.58605,-0.3377,-0.072981
19578,-0.0018481,0.029009,0.013093,0.14724,0.49543,-0.4202,-0.062912
19579,0.012119,0.064088,0.021863,0.16965,0.3418,-0.46827,-0.051544
19580,0.034206,0.086175,0.030957,0.17192,0.1755,-0.46567,-0.032705
19581,0.059541,0.097218,0.041027,0.15373,0.044275,-0.40558,-0.0044465
19582,0.079029,0.10014,0.044924,0.11248,-0.029782,-0.30197,0.033881
19583,0.0865,0.098517,0.041027,0.047198,-0.047321,-0.18309,0.075781
19584,0.076106,0.09462,0.029658,-0.032055,-0.026209,-0.07428,0.11248
19585,0.051745,0.08585,0.013418,-0.10676,0.016666,0.011794,0.1336
19586,0.022837,0.070584,-0.0034721,-0.15581,0.06019,0.075131,0.13879
19587,0.00075039,0.051745,-0.017764,-0.1714,0.084226,0.12678,0.13392
19588,-0.010618,0.033231,-0.032705,-0.15841,0.062139,0.16998,0.1245
19589,-0.012892,0.021863,-0.04862,-0.13534,-0.018088,0.20765,0.11216
19590,-0.012242,0.019914,-0.065835,-0.11391,-0.15256,0.23948,0.098517
19591,-0.014191,0.020888,-0.0824,-0.10644,-0.31464,0.27391,0.087799
19592,-0.024909,0.016666,-0.092469,-0.11293,-0.46307,0.31874,0.083576
19593,-0.048945,0.0059473,-0.099615,-0.1256,-0.56214,0.37265,0.081952
19594,-0.08305,-0.0076946,-0.10449,-0.13729,-0.58813,0.41553,0.070909
19595,-0.12235,-0.018413,-0.11066,-0.14671,-0.54038,0.41131,0.037454
19596,-0.15516,-0.022636,-0.11975,-0.15483,-0.44196,0.33368,-0.019063
19597,-0.17432,-0.022636,-0.12852,-0.16035,-0.32958,0.18264,-0.091495
19598,-0.17594,-0.024585,-0.13177,-0.16165,-0.22207,-0.013541,-0.161
19599,-0.16035,-0.030431,-0.12268,-0.15613,-0.11391,-0.20908,-0.21135
19600,-0.13015,-0.035953,-0.09994,-0.13404,-0.0015233,-0.35037,-0.22986
19601,-0.085648,-0.035628,-0.06551,-0.086623,0.10696,-0.39649,-0.21297
19602,-0.032705,-0.028482,-0.025559,-0.016464,0.19044,-0.34549,-0.16555
19603,0.015692,-0.014516,0.01017,0.057917,0.21382,-0.24545,-0.10579
19604,0.05142,0.0039985,0.036154,0.11703,0.15373,-0.16555,-0.057065
19605,0.069285,0.019264,0.05272,0.15049,0.020564,-0.15548,-0.028157
19606,0.073832,0.028359,0.063763,0.15828,-0.13827,-0.21102,-0.011267
19607,0.078379,0.038428,0.076431,0.16283,-0.26364,-0.288,0.010495
19608,0.093645,0.054993,0.093645,0.18297,-0.33153,-0.35264,0.042975
19609,0.11736,0.07708,0.10761,0.2135,-0.35784,-0.4189,0.079029
19610,0.13814,0.093645,0.11021,0.23006,-0.37245,-0.51667,0.10924
19611,0.14237,0.098193,0.10047,0.22129,-0.3835,-0.66251,0.12678
19612,0.12775,0.09462,0.084551,0.19563,-0.36596,-0.83368,0.12937
19613,0.10177,0.091047,0.071883,0.16673,-0.288,-0.9766,0.11963
19614,0.075456,0.096244,0.067011,0.14432,-0.14346,-1.0458,0.10501
19615,0.056292,0.10761,0.070909,0.13002,0.023162,-1.0282,0.095594
19616,0.044924,0.11931,0.080003,0.12288,0.14334,-0.94606,0.09397
19617,0.038103,0.13002,0.088773,0.12158,0.15731,-0.83011,0.09397
19618,0.031282,0.14074,0.093645,0.12158,0.053369,-0.69986,0.084876
19619,0.016016,0.15211,0.095269,0.11833,-0.11488,-0.55467,0.046223
19620,-0.0073698,0.16348,0.093645,0.11411,-0.25292,-0.38447,-0.019388
19621,-0.036602,0.17127,0.090722,0.11086,-0.29158,-0.17075,-0.092794
19622,-0.061937,0.1677,0.086175,0.11054,-0.22272,0.097543,-0.14281
19623,-0.072331,0.14756,0.079354,0.10599,-0.076229,0.40351,-0.14996
19624,-0.062912,0.10891,0.065712,0.092996,0.10956,0.70591,-0.11618
19625,-0.034654,0.057917,0.045574,0.072533,0.30802,0.95471,-0.061613
19626,0.0026992,0.01017,0.026735,0.052395,0.49965,1.1187,-0.012242
19627,0.041027,-0.021661,0.012119,0.034206,0.66888,1.1964,0.010495
19628,0.071558,-0.035303,0.0033489,0.01764,0.78256,1.2064,0.0065969
19629,0.086824,-0.037577,0.0033489,-0.0018481,0.79945,1.1704,-0.010618
19630,0.0865,-0.034004,0.013418,-0.026858,0.68772,1.0911,-0.028482
19631,0.071558,-0.028482,0.029983,-0.055116,0.45775,0.96608,-0.036927
19632,0.045574,-0.027833,0.047198,-0.076554,0.15926,0.80302,-0.028157
19633,0.013418,-0.042124,0.056617,-0.083375,-0.1295,0.62925,0.0033489
19634,-0.01484,-0.072981,0.054993,-0.070058,-0.3351,0.47692,0.051096
19635,-0.031081,-0.10968,0.042651,-0.037902,-0.40688,0.36876,0.10436
19636,-0.036927,-0.13372,0.023487,0.0014,-0.33997,0.31419,0.15406
19637,-0.037902,-0.13599,0.0059473,0.036154,-0.17984,0.30737,0.20083
19638,-0.034329,-0.1191,-0.0031473,0.060515,0.003024,0.32946,0.2463
19639,-0.022311,-0.086948,0.00010078,0.076431,0.15926,0.34212,0.28658
19640,-0.0018481,-0.044398,0.012443,0.091696,0.27456,0.30347,0.31029
19641,0.025436,0.0020496,0.028034,0.10371,0.35154,0.19076,0.30347
19642,0.050771,0.042975,0.040377,0.10566,0.39474,0.015367,0.24858
19643,0.064413,0.065062,0.044924,0.09462,0.39702,-0.18017,0.14561
19644,0.056617,0.062789,0.039727,0.072858,0.34082,-0.35686,0.011469
19645,0.029333,0.042975,0.028359,0.040702,0.21285,-0.48744,-0.12657
19646,-0.010293,0.016016,0.014392,0.003024,0.017316,-0.55402,-0.23928
19647,-0.053492,-0.0099683,0.0014,-0.037252,-0.20972,-0.55792,-0.30782
19648,-0.089546,-0.025884,-0.008669,-0.073631,-0.41468,-0.51082,-0.32536
19649,-0.10806,-0.02426,-0.010618,-0.087597,-0.55532,-0.4215,-0.30002
19650,-0.10059,-0.008669,-0.0015233,-0.072981,-0.62061,-0.29645,-0.25325
19651,-0.067134,0.009845,0.0095202,-0.040825,-0.63652,-0.15711,-0.20713
19652,-0.024585,0.019589,0.016666,-0.0083442,-0.631,-0.038551,-0.1753
19653,0.0095202,0.015692,0.014068,0.014392,-0.61021,0.016666,-0.16523
19654,0.025761,0.00075039,0.0026992,0.026735,-0.54623,-0.01484,-0.17854
19655,0.022512,-0.013866,-0.012567,0.027385,-0.37668,-0.11163,-0.19966
19656,0.01017,-0.019388,-0.023285,0.025761,-0.068758,-0.22726,-0.21005
19657,-0.00022403,-0.0099683,-0.025884,0.02641,0.32523,-0.32113,-0.19608
19658,-0.0067202,0.014068,-0.025234,0.022837,0.69259,-0.37245,-0.15516
19659,-0.0083442,0.043625,-0.025559,0.011144,0.93522,-0.38382,-0.096042
19660,-0.0011985,0.067661,-0.031081,-0.0031473,1.0219,-0.37375,-0.029457
19661,0.011469,0.080003,-0.036602,-0.011592,0.98362,-0.35491,0.03518
19662,0.029333,0.080003,-0.0405,-0.0096434,0.87513,-0.32633,0.095269
19663,0.055968,0.070259,-0.040175,-0.0018481,0.73969,-0.28313,0.14756
19664,0.090397,0.059216,-0.037577,0.0036737,0.60327,-0.22759,0.18557
19665,0.12125,0.054019,-0.033679,-0.0024977,0.47172,-0.1714,0.20051
19666,0.13912,0.053369,-0.026858,-0.018413,0.3457,-0.1295,0.18654
19667,0.13749,0.055968,-0.019712,-0.032705,0.22,-0.10514,0.15114
19668,0.12028,0.056617,-0.010943,-0.036278,0.097218,-0.097991,0.10794
19669,0.09462,0.053369,-0.0021729,-0.026209,-0.011917,-0.1178,0.065062
19670,0.066037,0.051096,0.0069217,-0.0073698,-0.097017,-0.16328,0.02641
19671,0.040377,0.049147,0.011794,0.012443,-0.15093,-0.22012,-0.0050961
19672,0.021213,0.049472,0.011469,0.025436,-0.17367,-0.26332,-0.02361
19673,0.0085458,0.053044,0.0091954,0.031282,-0.18147,-0.27793,-0.026533
19674,-0.0024977,0.056617,0.0062721,0.025111,-0.19673,-0.26137,-0.016789
19675,-0.013866,0.055643,0.0020496,0.0072465,-0.23636,-0.22272,0.003024
19676,-0.021986,0.051096,-0.0028225,-0.021661,-0.29807,-0.1688,0.024137
19677,-0.024585,0.042651,-0.0047713,-0.053492,-0.36531,-0.098316,0.041027
19678,-0.024585,0.029009,-0.0096434,-0.081751,-0.4228,-0.008669,0.050121
19679,-0.021012,0.016991,-0.017764,-0.098641,-0.45885,0.089748,0.053369
19680,-0.011592,0.011794,-0.026533,-0.10546,-0.47119,0.18719,0.056942
19681,0.003024,0.014717,-0.03173,-0.10481,-0.46892,0.27879,0.066686
19682,0.021538,0.021213,-0.028807,-0.097017,-0.46405,0.35901,0.0865
19683,0.039727,0.027385,-0.019388,-0.084999,-0.47574,0.40871,0.10826
19684,0.05142,0.031282,-0.011267,-0.078503,-0.51699,0.39831,0.12353
19685,0.055968,0.032906,-0.0083442,-0.084674,-0.58455,0.32101,0.1258
19686,0.056617,0.033231,-0.0073698,-0.10059,-0.64692,0.20733,0.12678
19687,0.061165,0.038428,-0.0054209,-0.11813,-0.65244,0.10956,0.14009
19688,0.070584,0.048822,0.0014,-0.13762,-0.56506,0.067661,0.16738
19689,0.080653,0.060515,0.011469,-0.1662,-0.39422,0.098842,0.20473
19690,0.0865,0.072533,0.024786,-0.21297,-0.19348,0.18524,0.23624
19691,0.087799,0.082277,0.036154,-0.27241,-0.020037,0.28463,0.2502
19692,0.087799,0.084876,0.04395,-0.30977,0.092671,0.35024,0.24273
19693,0.088448,0.07773,0.043625,-0.2867,0.13717,0.36259,0.21805
19694,0.086175,0.058891,0.033881,-0.18179,0.11898,0.32101,0.18004
19695,0.074806,0.032257,0.013743,-0.0011985,0.051096,0.24176,0.13555
19696,0.05142,0.0039985,-0.0083442,0.21025,-0.046996,0.14432,0.086824
19697,0.020239,-0.019063,-0.027833,0.3876,-0.15581,0.049796,0.03453
19698,-0.0083442,-0.029782,-0.038876,0.48569,-0.26981,-0.024909,-0.013216
19699,-0.026858,-0.030756,-0.036927,0.49413,-0.39714,-0.072656,-0.04927
19700,-0.03303,-0.024585,-0.022961,0.43892,-0.54525,-0.098316,-0.067784
19701,-0.026209,-0.017114,0.0017248,0.36031,-0.69694,-0.11358,-0.061288
19702,-0.007045,-0.007045,0.038428,0.2947,-0.79633,-0.12073,-0.029132
19703,0.021538,0.010495,0.0852,0.26222,-0.78496,-0.10124,0.031282
19704,0.063438,0.038753,0.13522,0.25995,-0.64269,-0.030431,0.11411
19705,0.11638,0.072533,0.17452,0.27196,-0.39779,0.098842,0.20668
19706,0.17127,0.10566,0.19531,0.28138,-0.098641,0.26384,0.28593
19707,0.21415,0.13002,0.19791,0.28106,0.20246,0.4269,0.33368
19708,0.23624,0.14204,0.18784,0.26677,0.4727,0.56267,0.34635
19709,0.23169,0.14172,0.17322,0.24176,0.70526,0.67245,0.3327
19710,0.20733,0.1362,0.15796,0.21545,0.91119,0.77314,0.31192
19711,0.17452,0.12807,0.14626,0.19044,1.0924,0.87546,0.29243
19712,0.14139,0.1206,0.14107,0.16868,1.2175,0.96478,0.27716
19713,0.11216,0.11411,0.14107,0.14951,1.2373,1.0093,0.26092
19714,0.086824,0.10144,0.13912,0.13132,1.1236,0.97907,0.23526
19715,0.067011,0.080328,0.13035,0.11151,0.89072,0.87318,0.18816
19716,0.048172,0.046873,0.11216,0.087149,0.58735,0.71857,0.11476
19717,0.028034,0.0059473,0.088124,0.057592,0.29015,0.56689,0.030308
19718,0.0075714,-0.030431,0.064413,0.036479,0.06961,0.46458,-0.0405
19719,-0.0080194,-0.055441,0.048172,0.033231,-0.042774,0.42332,-0.081101
19720,-0.018088,-0.067459,0.041027,0.044924,-0.065186,0.41488,-0.085648
19721,-0.022311,-0.069083,0.04395,0.06084,-0.047646,0.3889,-0.064211
19722,-0.018413,-0.062912,0.052395,0.065387,-0.037577,0.31257,-0.03303
19723,-0.007045,-0.04992,0.059541,0.047847,-0.064861,0.18232,-0.0060706
19724,0.0059473,-0.027833,0.06019,0.0078962,-0.12398,0.019264,0.008221
19725,0.011144,0.0014,0.054019,-0.043748,-0.18634,-0.14119,0.010819
19726,0.0039985,0.032257,0.045574,-0.093119,-0.22434,-0.27176,0.0010752
19727,-0.013216,0.057267,0.033231,-0.12917,-0.22564,-0.36303,-0.015165
19728,-0.030756,0.067986,0.015692,-0.15029,-0.19511,-0.41858,-0.035953
19729,-0.039851,0.061165,-0.0018481,-0.15646,-0.14834,-0.44911,-0.056416
19730,-0.039201,0.039727,-0.013866,-0.15126,-0.097341,-0.46048,-0.069083
19731,-0.033679,0.011469,-0.017764,-0.13632,-0.053817,-0.46015,-0.068758
19732,-0.026533,-0.01484,-0.016789,-0.11326,-0.022636,-0.45918,-0.058689
19733,-0.018413,-0.036602,-0.011917,-0.086948,-0.0021729,-0.4686,-0.049595
19734,-0.0096434,-0.050244,-0.0083442,-0.059664,0.011794,-0.49978,-0.04862
19735,-0.0031473,-0.051868,-0.0093186,-0.034654,0.021863,-0.55142,-0.060313
19736,-0.00054884,-0.039526,-0.013866,-0.019388,0.037454,-0.61411,-0.090521
19737,0.0014,-0.019712,-0.016464,-0.013216,0.06961,-0.67355,-0.14022
19738,0.0020496,0.0014,-0.015815,-0.013216,0.1206,-0.70473,-0.19251
19739,0.0046481,0.015692,-0.010293,-0.012892,0.1742,-0.68492,-0.22304
19740,0.0065969,0.018615,-0.0024977,-0.0054209,0.2044,-0.60209,-0.22044
19741,0.0065969,0.010819,0.0020496,0.011794,0.19369,-0.45983,-0.18959
19742,0.0033489,-0.0054209,0.0059473,0.031607,0.13652,-0.28508,-0.14346
19743,-0.0060706,-0.026533,0.008221,0.046223,0.047523,-0.12268,-0.090196
19744,-0.022961,-0.045697,0.012119,0.054019,-0.043748,-0.012242,-0.046347
19745,-0.040175,-0.055116,0.016666,0.056942,-0.10611,0.035505,-0.026858
19746,-0.04862,-0.04992,0.019264,0.057592,-0.11748,0.031607,-0.028807
19747,-0.048945,-0.030106,0.016341,0.05207,-0.077203,-0.0063954,-0.044398
19748,-0.046347,-0.0031473,0.0078962,0.039078,-0.00054884,-0.058365,-0.063237
19749,-0.0405,0.021863,-0.0015233,0.019589,0.081952,-0.10968,-0.080127
19750,-0.029457,0.040702,-0.0083442,-0.0011985,0.13944,-0.15418,-0.087272
19751,-0.01484,0.05272,-0.0083442,-0.018088,0.14496,-0.19154,-0.084024
19752,-0.0047713,0.057267,-0.0060706,-0.029782,0.090397,-0.22597,-0.0824
19753,-0.0037969,0.05142,-0.007045,-0.0405,-0.0057458,-0.26429,-0.095068
19754,-0.015815,0.039402,-0.016789,-0.051219,-0.10644,-0.30912,-0.12398
19755,-0.034329,0.026735,-0.034004,-0.059664,-0.17952,-0.34744,-0.15451
19756,-0.04862,0.018615,-0.054142,-0.063886,-0.21135,-0.36856,-0.1701
19757,-0.050244,0.016341,-0.068434,-0.059339,-0.21167,-0.36238,-0.1636
19758,-0.037252,0.015042,-0.07493,-0.046996,-0.20355,-0.33445,-0.14087
19759,-0.018088,0.011469,-0.07493,-0.035303,-0.20615,-0.29417,-0.11521
19760,-0.0028225,0.0049729,-0.071682,-0.031406,-0.22109,-0.25617,-0.099615
19761,0.003024,-0.0034721,-0.069408,-0.031081,-0.24058,-0.22532,-0.097017
19762,-0.0037969,-0.011592,-0.064211,-0.028482,-0.2526,-0.19933,-0.10124
19763,-0.019712,-0.015165,-0.05739,-0.022636,-0.24123,-0.17172,-0.10254
19764,-0.034978,-0.014191,-0.050894,-0.013541,-0.19478,-0.13372,-0.094743
19765,-0.0405,-0.0099683,-0.044723,-0.00054884,-0.10546,-0.085973,-0.072656
19766,-0.030756,-0.0024977,-0.038227,0.01829,0.013418,-0.043748,-0.037577
19767,-0.007045,0.010495,-0.03173,0.037778,0.1258,-0.029782,0.00075039
19768,0.019589,0.027709,-0.025234,0.050121,0.17452,-0.064536,0.026735
19769,0.039727,0.041351,-0.022961,0.050771,0.12353,-0.15256,0.029009
19770,0.046223,0.042651,-0.026209,0.042975,-0.010943,-0.27599,-0.00022403
19771,0.03518,0.031932,-0.032705,0.025111,-0.16523,-0.40201,-0.049595
19772,0.0088706,0.014068,-0.0405,0.0046481,-0.27144,-0.48711,-0.10286
19773,-0.02361,-0.0050961,-0.045372,-0.011592,-0.2919,-0.50368,-0.14054
19774,-0.050569,-0.015165,-0.041475,-0.016464,-0.22759,-0.44911,-0.14314
19775,-0.059989,-0.013866,-0.028157,-0.0011985,-0.10644,-0.33867,-0.10254
19776,-0.052518,0.0026992,-0.0096434,0.030957,0.05207,-0.18374,-0.02426
19777,-0.03238,0.031932,0.010819,0.06831,0.24533,0.016666,0.072208
19778,-0.0037969,0.063763,0.031282,0.099492,0.47367,0.26839,0.1625
19779,0.031282,0.092021,0.050771,0.11963,0.7202,0.56527,0.23364
19780,0.069285,0.10924,0.066686,0.13002,0.94237,0.87871,0.28983
19781,0.10989,0.12158,0.07708,0.13067,1.0798,1.1558,0.33595
19782,0.14919,0.14107,0.078379,0.12483,1.0833,1.3409,0.37265
19783,0.18004,0.1742,0.076755,0.11898,0.9323,1.4046,0.39377
19784,0.20083,0.22194,0.083251,0.11508,0.65621,1.3513,0.40221
19785,0.21123,0.27651,0.10144,0.11411,0.32816,1.2077,0.39767
19786,0.21317,0.32134,0.12613,0.11898,0.044924,1.0122,0.38175
19787,0.21058,0.3405,0.14496,0.12937,-0.12398,0.80205,0.35576
19788,0.20343,0.32653,0.15373,0.13295,-0.15776,0.61366,0.32263
19789,0.18362,0.28008,0.15049,0.1219,-0.088896,0.47399,0.27489
19790,0.14919,0.21415,0.14042,0.092671,0.016991,0.39604,0.20798
19791,0.10404,0.1362,0.1297,0.055643,0.096569,0.36356,0.11768
19792,0.047847,0.050121,0.11671,0.023162,0.11606,0.33238,0.0095202
19793,-0.012567,-0.040175,0.099817,0.0091954,0.081303,0.2541,-0.10579
19794,-0.071032,-0.13047,0.076106,0.011794,0.020564,0.10696,-0.20518
19795,-0.1178,-0.2133,0.045899,0.023162,-0.025559,-0.098641,-0.26916
19796,-0.14152,-0.27858,0.012443,0.036479,-0.029132,-0.33348,-0.2893
19797,-0.13794,-0.30977,-0.01549,0.045899,0.024786,-0.55824,-0.27176
19798,-0.11358,-0.30165,-0.030756,0.041676,0.11931,-0.74176,-0.23766
19799,-0.086948,-0.2578,-0.032055,0.017965,0.22552,-0.85739,-0.21037
19800,-0.077203,-0.19706,-0.028807,-0.026533,0.31776,-0.89182,-0.2042
19801,-0.087922,-0.13924,-0.03173,-0.0824,0.36843,-0.84927,-0.21492
19802,-0.10806,-0.094743,-0.042124,-0.12917,0.36161,-0.7515,-0.22759
19803,-0.11943,-0.059339,-0.051544,-0.15353,0.30152,-0.60989,-0.22012
19804,-0.10936,-0.026858,-0.050244,-0.15256,0.20733,-0.42637,-0.17692
19805,-0.073306,0.0049729,-0.03173,-0.12917,0.093645,-0.21135,-0.10286
19806,-0.020687,0.039078,-0.00054884,-0.085648,-0.042124,0.01017,-0.013541
19807,0.026735,0.071558,0.026735,-0.029132,-0.20453,0.21025,0.068635
19808,0.047523,0.091696,0.038753,0.036804,-0.38545,0.36551,0.12548
19809,0.036154,0.091047,0.033231,0.10696,-0.56506,0.4623,0.15244
19810,0.0033489,0.06896,0.012768,0.16933,-0.71448,0.48666,0.15016
19811,-0.032705,0.036804,-0.019063,0.20635,-0.81127,0.43015,0.1284
19812,-0.053168,0.009845,-0.051544,0.21155,-0.84732,0.30217,0.097218
19813,-0.046996,-0.008669,-0.071682,0.19369,-0.82588,0.13749,0.068635
19814,-0.017114,-0.023935,-0.070707,0.16445,-0.75345,-0.013541,0.048172
19815,0.018615,-0.034978,-0.053168,0.14009,-0.65374,-0.12073,0.039727
19816,0.040702,-0.043423,-0.034329,0.1245,-0.56701,-0.18309,0.033556
19817,0.036154,-0.047321,-0.023285,0.11118,-0.52804,-0.21817,0.01894
19818,0.0065969,-0.047971,-0.021661,0.089423,-0.54298,-0.23993,-0.0054209
19819,-0.036278,-0.045697,-0.025559,0.058241,-0.56604,-0.24415,-0.031081
19820,-0.078503,-0.039201,-0.027508,0.031607,-0.50595,-0.20843,-0.052193
19821,-0.10384,-0.027183,-0.021986,0.017316,-0.26494,-0.098641,-0.056741
19822,-0.10514,-0.0080194,-0.0076946,0.014392,0.19336,0.10469,-0.039201
19823,-0.0837,0.015692,0.012768,0.020564,0.77022,0.37395,-0.0057458
19824,-0.051219,0.038103,0.031932,0.03453,1.272,0.63575,0.032257
19825,-0.018413,0.054019,0.042001,0.046873,1.5247,0.81504,0.071883
19826,0.011794,0.061165,0.040052,0.049147,1.4627,0.86474,0.11183
19827,0.039078,0.063438,0.029658,0.036154,1.1476,0.766,0.14756
19828,0.062789,0.066686,0.016016,0.011144,0.72117,0.53636,0.17355
19829,0.083576,0.076431,0.0049729,-0.018413,0.32653,0.22941,0.19823
19830,0.10404,0.095594,0.00042559,-0.036602,0.065062,-0.068758,0.22714
19831,0.12872,0.12255,0.0026992,-0.034654,-0.036278,-0.28151,0.25605
19832,0.15503,0.14691,0.0091954,-0.017439,-0.01549,-0.37668,0.27846
19833,0.17062,0.16056,0.020239,0.0026992,0.067011,-0.36531,0.28398
19834,0.1716,0.16185,0.036479,0.01764,0.15601,-0.2854,0.26742
19835,0.15861,0.15309,0.054344,0.026735,0.21317,-0.17627,0.23364
19836,0.13944,0.13977,0.072858,0.036804,0.2135,-0.072981,0.19239
19837,0.11736,0.11866,0.085525,0.05142,0.14821,-0.0037969,0.15373
19838,0.095919,0.086824,0.086175,0.066362,0.020888,0.014068,0.11768
19839,0.075131,0.046223,0.073507,0.07773,-0.14087,-0.016464,0.083251
19840,0.061814,0.0075714,0.050771,0.082927,-0.29482,-0.076554,0.046873
19841,0.054993,-0.013541,0.028034,0.083251,-0.39909,-0.13892,0.014717
19842,0.055318,-0.0099683,0.014392,0.083576,-0.4267,-0.17692,-0.0047713
19843,0.059216,0.0085458,0.017316,0.081627,-0.38772,-0.18374,-0.0037969
19844,0.064413,0.029333,0.033556,0.079679,-0.31821,-0.16912,0.012119
19845,0.065712,0.044599,0.053044,0.074806,-0.25357,-0.15256,0.027385
19846,0.061489,0.053369,0.063763,0.06019,-0.20648,-0.14996,0.029333
19847,0.056292,0.05272,0.057917,0.032906,-0.16523,-0.1636,0.017965
19848,0.050771,0.049472,0.039727,0.0014,-0.10871,-0.18277,0.0036737
19849,0.044275,0.050446,0.019589,-0.023935,-0.033354,-0.19673,-0.0073698
19850,0.037778,0.053694,0.0046481,-0.038551,0.050771,-0.19901,-0.011917
19851,0.029658,0.056292,-0.0021729,-0.044073,0.12872,-0.19089,-0.016464
19852,0.015367,0.056942,-0.0015233,-0.047646,0.18914,-0.17659,-0.029132
19853,-0.0011985,0.054019,0.0039985,-0.047646,0.22552,-0.16653,-0.055116
19854,-0.019063,0.044599,0.017316,-0.043099,0.23169,-0.1701,-0.088896
19855,-0.038227,0.029983,0.031607,-0.032055,0.20668,-0.18731,-0.11975
19856,-0.057715,0.012443,0.040052,-0.021337,0.15536,-0.20518,-0.13664
19857,-0.072981,-0.0011985,0.041676,-0.016789,0.080653,-0.2094,-0.1321
19858,-0.078178,-0.0041217,0.042001,-0.01614,-0.011267,-0.19803,-0.10449
19859,-0.069733,0.0059473,0.0433,-0.010293,-0.10026,-0.17432,-0.064211
19860,-0.045697,0.02706,0.048822,0.0020496,-0.15613,-0.14379,-0.025884
19861,-0.0093186,0.054668,0.060515,0.025436,-0.16035,-0.10741,-0.0015233
19862,0.033231,0.083251,0.078379,0.066037,-0.11033,-0.06681,0.0072465
19863,0.065062,0.10469,0.097543,0.11118,-0.031081,-0.028482,0.0095202
19864,0.076106,0.10761,0.10566,0.13295,0.036154,0.00010078,0.008221
19865,0.066362,0.087799,0.091047,0.097543,0.058566,0.011469,0.0026992
19866,0.041027,0.050446,0.049472,-0.0050961,0.019264,0.008221,-0.011917
19867,0.0049729,0.0062721,-0.012242,-0.15418,-0.073955,-0.0028225,-0.034004
19868,-0.03173,-0.029132,-0.070707,-0.30165,-0.20225,-0.014191,-0.055766
19869,-0.056091,-0.043423,-0.10903,-0.40266,-0.33153,-0.024909,-0.074605
19870,-0.058365,-0.032705,-0.1204,-0.43579,-0.42182,-0.038227,-0.089221
19871,-0.04115,-0.0011985,-0.10644,-0.40493,-0.44294,-0.053168,-0.097991
19872,-0.01549,0.038428,-0.075904,-0.3325,-0.3796,-0.058365,-0.097017
19873,0.0085458,0.072533,-0.037902,-0.24123,-0.22759,-0.036602,-0.076229
19874,0.027709,0.092996,0.0023744,-0.14671,-0.01484,0.013093,-0.028157
19875,0.050771,0.099817,0.042001,-0.061288,0.20343,0.079354,0.045899
19876,0.083251,0.10566,0.076106,0.0062721,0.36811,0.14529,0.13749
19877,0.1206,0.1206,0.10112,0.059216,0.44216,0.20343,0.21902
19878,0.15244,0.14756,0.11443,0.10436,0.41975,0.24468,0.26319
19879,0.17095,0.17842,0.1206,0.14399,0.32751,0.25865,0.25183
19880,0.17582,0.19888,0.1219,0.17192,0.20635,0.24728,0.18199
19881,0.1716,0.20051,0.1219,0.18069,0.085525,0.22649,0.078379
19882,0.16445,0.18524,0.12093,0.16803,-0.027183,0.20343,-0.020362
19883,0.15893,0.15991,0.11671,0.14886,-0.13729,0.17517,-0.07493
19884,0.16575,0.13165,0.10794,0.13684,-0.25552,0.13522,-0.06681
19885,0.18427,0.10631,0.10242,0.14172,-0.39259,0.087799,-0.0028225
19886,0.20538,0.084876,0.10599,0.16348,-0.5446,0.056292,0.090397
19887,0.21382,0.06019,0.11866,0.19531,-0.69824,0.068635,0.18394
19888,0.19758,0.024786,0.13425,0.22454,-0.83108,0.1323,0.25767
19889,0.15341,-0.022311,0.14529,0.24306,-0.91586,0.23624,0.30087
19890,0.088448,-0.081751,0.14302,0.2476,-0.92398,0.34862,0.31419
19891,0.014392,-0.15093,0.12678,0.24436,-0.84602,0.4295,0.29925
19892,-0.053817,-0.22012,0.097543,0.23526,-0.69076,0.44476,0.25345
19893,-0.10903,-0.27664,0.057917,0.21512,-0.46892,0.37915,0.17777
19894,-0.14834,-0.30684,0.016991,0.18816,-0.19024,0.24338,0.080978
19895,-0.16718,-0.30294,-0.01614,0.15958,0.12353,0.063438,-0.022311
19896,-0.16523,-0.26787,-0.037902,0.13814,0.43047,-0.12755,-0.11813
19897,-0.14671,-0.2146,-0.046022,0.12678,0.67083,-0.30165,-0.20096
19898,-0.11748,-0.15678,-0.045372,0.11931,0.77737,-0.44164,-0.26819
19899,-0.089871,-0.10416,-0.043423,0.098193,0.71338,-0.54395,-0.32211
19900,-0.071357,-0.061613,-0.04992,0.046548,0.5081,-0.62808,-0.36693
19901,-0.06681,-0.031406,-0.067459,-0.029132,0.23689,-0.71415,-0.40428
19902,-0.075579,-0.01484,-0.090196,-0.10319,-0.017439,-0.796,-0.42702
19903,-0.087272,-0.0076946,-0.11001,-0.15126,-0.19089,-0.84375,-0.42897
19904,-0.090845,-0.011267,-0.12235,-0.1662,-0.26234,-0.82491,-0.40818
19905,-0.08305,-0.018738,-0.12657,-0.15483,-0.24675,-0.73072,-0.36173
19906,-0.068758,-0.023935,-0.12235,-0.12917,-0.16782,-0.59072,-0.2932
19907,-0.055441,-0.025559,-0.11163,-0.10416,-0.03303,-0.45171,-0.20615
19908,-0.044723,-0.022636,-0.097341,-0.090196,0.13782,-0.34582,-0.10871
19909,-0.031406,-0.012892,-0.081101,-0.086623,0.30899,-0.26332,-0.011592
19910,-0.010618,0.0043233,-0.065835,-0.086298,0.43632,-0.17042,0.080978
19911,0.018615,0.027709,-0.051219,-0.080127,0.49024,-0.038227,0.17062
19912,0.051096,0.056617,-0.034978,-0.064211,0.47984,0.14269,0.25702
19913,0.084551,0.085525,-0.019388,-0.037902,0.45321,0.36453,0.33043
19914,0.11638,0.10924,-0.0073698,-0.0060706,0.46587,0.60749,0.38402
19915,0.13717,0.1219,-0.00087364,0.02641,0.5552,0.84298,0.40773
19916,0.13944,0.12515,0.00042559,0.051096,0.70201,1.033,0.39507
19917,0.12678,0.12028,-0.00087364,0.063113,0.83973,1.1434,0.34894
19918,0.10404,0.11151,-0.0037969,0.06084,0.89495,1.1684,0.27846
19919,0.075781,0.098517,-0.0093186,0.040702,0.82933,1.1194,0.18394
19920,0.039078,0.085525,-0.018413,0.0069217,0.65784,1.0164,0.063438
19921,-0.0063954,0.075781,-0.031406,-0.022311,0.43145,0.87773,-0.073631
19922,-0.054467,0.071234,-0.047646,-0.036927,0.20408,0.71695,-0.19998
19923,-0.092794,0.068635,-0.061288,-0.036278,0.014068,0.54026,-0.28281
19924,-0.10968,0.064413,-0.068109,-0.016464,-0.1217,0.3457,-0.30522
19925,-0.097666,0.057267,-0.060963,0.022837,-0.21785,0.1284,-0.27728
19926,-0.059014,0.048172,-0.035628,0.072533,-0.29223,-0.098965,-0.22467
19927,-0.0099683,0.046873,0.0091954,0.11995,-0.35946,-0.301,-0.17335
19928,0.03453,0.065387,0.067986,0.15503,-0.42507,-0.44359,-0.13697
19929,0.063763,0.10924,0.13035,0.18232,-0.49133,-0.51439,-0.11326
19930,0.080978,0.16413,0.18167,0.20473,-0.55629,-0.52479,-0.088896
19931,0.094295,0.20473,0.20863,0.2174,-0.62613,-0.48938,-0.055116
19932,0.10436,0.20798,0.20116,0.21415,-0.69596,-0.43254,-0.013216
19933,0.11216,0.16608,0.1651,0.19401,-0.73169,-0.38155,0.032582
19934,0.11995,0.095269,0.11671,0.16608,-0.69759,-0.35329,0.073507
19935,0.12613,0.01829,0.067336,0.13555,-0.60079,-0.35167,0.10339
19936,0.12645,-0.044073,0.029658,0.10826,-0.47964,-0.37473,0.11931
19937,0.11736,-0.082725,0.0091954,0.090072,-0.3705,-0.41598,0.11963
19938,0.095919,-0.099615,0.0043233,0.087149,-0.28833,-0.46632,0.11086
19939,0.066686,-0.096367,0.010495,0.099817,-0.23636,-0.5079,0.098193
19940,0.038428,-0.072656,0.024137,0.11638,-0.20972,-0.51407,0.088448
19941,0.021538,-0.035953,0.041351,0.12353,-0.2029,-0.4608,0.087474
19942,0.018615,0.0026992,0.05272,0.11118,-0.22597,-0.3442,0.096244
19943,0.025436,0.032906,0.053369,0.076755,-0.28476,-0.18731,0.10956
19944,0.031607,0.049796,0.046873,0.032582,-0.38317,-0.023935,0.11963
19945,0.02641,0.052395,0.036154,-0.0047713,-0.50075,0.11606,0.12255
19946,0.0075714,0.0433,0.024786,-0.028482,-0.58195,0.21642,0.11411
19947,-0.018088,0.026085,0.01017,-0.042774,-0.56669,0.27489,0.095594
19948,-0.044398,0.0091954,-0.0028225,-0.047321,-0.4137,0.31029,0.073507
19949,-0.064861,-0.00054884,-0.011267,-0.043099,-0.11521,0.35154,0.057592
19950,-0.079152,-0.0021729,-0.01484,-0.034329,0.27814,0.41001,0.052395
19951,-0.0824,0.0020496,-0.015165,-0.025234,0.66141,0.4701,0.058241
19952,-0.078827,0.0062721,-0.013866,-0.018413,0.93392,0.5055,0.073182
19953,-0.068758,0.008221,-0.012567,-0.011592,1.0483,0.49511,0.089748
19954,-0.055116,0.01017,-0.010943,-0.0037969,1.0301,0.43307,0.10891
19955,-0.0405,0.013093,-0.0063954,0.0036737,0.9638,0.33498,0.12872
19956,-0.024909,0.01829,0.003024,0.013418,0.93295,0.23169,0.15114
19957,-0.0076946,0.027385,0.013418,0.025436,0.95568,0.14984,0.17842
19958,0.009845,0.042975,0.025761,0.033231,0.98752,0.10501,0.2083
19959,0.030957,0.066362,0.039078,0.035505,0.96835,0.11054,0.23559
19960,0.055318,0.094295,0.054993,0.033881,0.86766,0.18069,0.25507
19961,0.080978,0.1219,0.06961,0.032582,0.70169,0.32718,0.26839
19962,0.10242,0.14399,0.080328,0.036804,0.51297,0.52044,0.27391
19963,0.11346,0.14854,0.085525,0.051745,0.34894,0.68772,0.26255
19964,0.11054,0.13327,0.089098,0.074482,0.23071,0.75983,0.22292
19965,0.095919,0.10729,0.087799,0.099492,0.15244,0.7163,0.15536
19966,0.072858,0.08585,0.079354,0.11638,0.090072,0.59482,0.07773
19967,0.045899,0.07708,0.065062,0.12125,0.028034,0.46295,0.010819
19968,0.020888,0.079679,0.047847,0.10501,-0.0405,0.37201,-0.030106
19969,0.0059473,0.082277,0.030633,0.072858,-0.11521,0.3366,-0.042449
19970,0.0017248,0.074157,0.017316,0.034855,-0.18861,0.33628,-0.03238
19971,0.0010752,0.054668,0.0069217,0.0052977,-0.2513,0.34147,-0.013866
19972,0.0023744,0.026735,-0.0076946,-0.012892,-0.30619,0.32653,0.0088706
19973,0.00010078,-0.0015233,-0.023935,-0.022961,-0.36693,0.27489,0.032582
19974,-0.0024977,-0.023285,-0.038227,-0.025234,-0.44196,0.17874,0.053694
19975,-0.0021729,-0.036602,-0.045697,-0.020362,-0.52024,0.049796,0.059865
19976,-0.0011985,-0.041799,-0.045697,-0.011917,-0.57903,-0.094743,0.0433
19977,-0.0057458,-0.043099,-0.038227,-0.0096434,-0.60209,-0.23733,0.0056225
19978,-0.017114,-0.039526,-0.029457,-0.019712,-0.593,-0.36661,-0.040825
19979,-0.03173,-0.029132,-0.024909,-0.038227,-0.56539,-0.47249,-0.0824
19980,-0.039526,-0.012567,-0.024909,-0.055766,-0.52998,-0.54233,-0.11131
19981,-0.033354,0.0069217,-0.028482,-0.06616,-0.49198,-0.56279,-0.1191
19982,-0.016789,0.022837,-0.034004,-0.070382,-0.45008,-0.53323,-0.10481
19983,0.0046481,0.030308,-0.035303,-0.075579,-0.40299,-0.46372,-0.072006
19984,0.025111,0.030957,-0.031081,-0.082725,-0.35816,-0.377,-0.034654
19985,0.042651,0.029009,-0.022961,-0.086948,-0.33055,-0.30262,-0.0034721
19986,0.05272,0.032257,-0.01549,-0.084674,-0.339,-0.25422,0.017316
19987,0.055318,0.042651,-0.014516,-0.079802,-0.3835,-0.22207,0.029983
19988,0.056292,0.058891,-0.020687,-0.078827,-0.43741,-0.18342,0.047198
19989,0.064088,0.080003,-0.028157,-0.081101,-0.45463,-0.11228,0.078704
19990,0.078055,0.10566,-0.033679,-0.078827,-0.39909,-0.0021729,0.12255
19991,0.094295,0.12905,-0.03238,-0.063237,-0.2526,0.12937,0.1677
19992,0.10696,0.14367,-0.023935,-0.03303,-0.0054209,0.25345,0.20213
19993,0.11021,0.14691,-0.0041217,0.0059473,0.32069,0.34635,0.21642
19994,0.10112,0.1362,0.02706,0.049796,0.66726,0.39604,0.20895
19995,0.076106,0.11606,0.065387,0.097218,0.95406,0.39831,0.17842
19996,0.036154,0.087799,0.098842,0.14009,1.1165,0.35641,0.12678
19997,-0.0093186,0.048822,0.11768,0.16998,1.1314,0.27651,0.061814
19998,-0.047321,0.0014,0.11508,0.17647,1.0288,0.16868,-0.0021729
19999,-0.071357,-0.046671,0.092996,0.15698,0.86766,0.046548,-0.050569
